Pos	color_type	f_ddg_type	f_ddg	f_ddg_sd	f_ddg_weight	b_ddg_type	b_ddg	b_ddg_sd	b_ddg_weight	scHAmin_ligand	RSA_unbound
1	surface	f_ddg	0.104152047813454	0.188920250949674	0.918805210972536	b_ddg	0.149481249723677	0.0485300976551371	0.871365976544059	19.8035659790039	49.7
2	surface	f_ddg	1.13772749618202	0.566112644171495	0.459380250076314	b_ddg	0.464991554673022	0.254030173037377	0.28547781284391	16.4916496276855	25.6
3	surface	f_ddg	0.239532176323233	0.55409257196417	0.641137693122867	b_ddg	0.0614033454401849	0.0504817754631829	0.710470700014564	17.3757190704346	68
4	core	f_ddg	0.909650916059781	0.860268753707287	0.399011906338401	b_ddg	0.235471026382883	0.424828413498803	0.373821080926389	13.6298208236694	0.3
5	surface	f_ddg	0.599339372387867	0.712496298369149	0.642188920918761	b_ddg	0.00287742392271459	0.12685724537812	0.707788136249662	15.8652963638306	39.7
6	core	f_ddg	1.24100468819038	0.812654722797777	0.248845360363485	b_ddg	0.153287372779714	0.496406888955513	0.243063854151776	10.7999982833862	2.2
7	surface	f_ddg	0.351629100082869	0.388292521849117	0.693117707886531	b_ddg	-0.0428827657159453	0.082077004692673	0.680492531825788	15.1082563400269	73.9
8	core	f_ddg	0.728306408795892	0.5346937382701	0.455157798767138	b_ddg	0.424527417331986	0.292614973276236	0.345614983538743	7.38486909866333	9.3
9	surface	f_ddg	0.490662401005557	0.408147213474834	0.614953535172961	b_ddg	0.169843986310609	0.113305761845424	0.628974048876562	13.4482116699219	40.6
10	surface	f_ddg	0.127429321211176	0.257316152555895	0.711187961859131	b_ddg	0.00165229433190543	0.056828773433862	1	13.3462114334106	96.3
11	surface	f_ddg	0.0998047515043985	0.267135103003816	0.868337540243349	b_ddg	-0.0353543168367834	0.0672191048919788	0.875417994448446	10.7898292541504	60.5
12	surface_binding	f_ddg	0.832854480605037	0.660490641918156	0.44866256607938	b_ddg	-0.5424952987115	0.373126984738124	0.304479916205677	6.42904233932495	65.3
13	core_binding	f_ddg	0.911792682893321	0.819428629466484	0.505100622689227	b_ddg	0.541171916893176	0.477508531755232	0.2558385085782	4.87744235992432	8.1
14	core_binding	f_ddg	2.31975574647347	0.348006266404292	0.179261992691926	b_ddg	0.626149674468869	0.507234249178922	0.128111532515212	6.6886157989502	17.1
15	core_binding	f_ddg	1.25749780376259	0.831883602400958	0.283129803229257	b_ddg	0.417559576094425	0.471985083483252	0.25998336982778	5.23414516448975	15.7
16	surface_binding	f_ddg	0.4284123126233	0.668570406819914	0.698722189107268	b_ddg	0.0372380959745426	0.454007620897214	0.689430788762366	4.21524477005005	59.3
17	core_binding	f_ddg	0.784290507174236	1.07144416461872	0.461972723417338	b_ddg	0.739707140792225	0.506298657049544	0.229662501885341	5.65717029571533	15
18	core_binding	f_ddg	0.178013152206078	0.491065315991971	0.777589443582116	b_ddg	0.377042629678291	0.323521476883761	0.574892875534455	4.31518030166626	22.7
19	core	f_ddg	0.26323673665055	0.762111242501797	0.832403826673584	b_ddg	0.982678462255937	0.237527561673821	0.342699195099278	6.92159032821655	14.1
20	core	f_ddg	0.735955701197514	0.498620704685013	0.661517528485323	b_ddg	0.923467999788769	0.264312131297672	0.183854884965494	7.76313304901123	9.9
21	surface_binding	f_ddg	0.282563637049884	0.236183585772801	0.667390136801733	b_ddg	0.200136254664825	0.223456717189231	0.644797956956564	5.33741283416748	76.6
22	surface	f_ddg	0.272724701197377	0.283378155851271	0.505405092898703	b_ddg	-0.0654974303807662	0.223836945758368	0.671871120437216	12.0300540924072	76.1
23	surface	f_ddg	0.549206934261954	0.327084706074629	0.804179210012578	b_ddg	-0.138263872602955	0.241895861293667	0.720700597072948	13.3131246566772	54.5
24	surface	f_ddg	0.0893097210688881	0.195856775429569	0.789292279900003	b_ddg	0.199824925713703	0.159215869239432	0.771991469375286	10.7201499938965	38.8
25	core	f_ddg	2.02494171020781	0.439810880237113	0.282721163992904	b_ddg	-0.0509666983022709	0.419830609660818	0.167871716018077	12.175687789917	0.5
26	core	f_ddg	1.05336471343714	0.749237641567553	0.397993644280412	b_ddg	0.845515581829573	0.348870797783823	0.201338304255207	9.76350593566895	0
27	core	f_ddg	0.747699845142856	0.664068030171819	0.65068159193424	b_ddg	0.0109152542873369	0.456327395553108	0.522117155602019	9.13542938232422	0.7
28	core	f_ddg	1.55624880959099	0.810841063668093	0.2678530988121	b_ddg	0.110104080054418	0.36232794550505	0.216312211855698	9.5701265335083	0
29	core_binding	f_ddg	0.825317625180399	0.786735442952023	0.543101570308109	b_ddg	0.280564115457898	0.219881667020695	0.412088858940526	3.69248986244202	18.1
30	surface	f_ddg	-0.0208570376912214	0.499867137568788	0.509176309188759	b_ddg	0.302858796660591	0.298989527241837	0.588099913918571	6.69108009338379	52.5
31	core	f_ddg	1.27990178381347	0.602955694730559	0.339027277900139	b_ddg	0.339579985777116	0.305765885387235	0.193683057860052	10.923849105835	23.9
32	surface	f_ddg	0.0646126205267313	0.246170426526696	0.544469613381125	b_ddg	0.0901523138229557	0.140460035735411	0.522948852849734	7.82996845245361	50.6
33	surface	f_ddg	0.358689732722996	0.373323290255148	0.563196974659936	b_ddg	-0.0311706141808694	0.0971955495332039	0.59054469830241	13.2441205978394	82.6
34	surface	f_ddg	1.0494833235032	0.488220612500529	0.554864012836601	b_ddg	0.0852134278951492	0.222334381063557	0.346589882360554	13.6827592849731	63.8
35	core	f_ddg	1.33461191589812	0.618241200040531	0.220508116575656	b_ddg	0.319823170132281	0.482775429055764	0.195239290460697	11.146032333374	6.5
36	core	f_ddg	0.755705415654202	0.456389742830592	0.690840405219967	b_ddg	0.0915899915994918	0.354118325797881	0.485399176033614	9.85318088531494	22.4
37	core	f_ddg	1.29908563696211	0.446443938926146	0.358784918449001	b_ddg	0.35978288690855	0.424541409997942	0.250804210743627	8.82497596740723	0.2
38	surface	f_ddg	0.683576647247513	0.380832711567881	0.55202792512939	b_ddg	0.202127403546108	0.402636002955097	0.459052291911556	13.1374378204346	40.3
39	surface	f_ddg	0.280550743645993	0.435925445783774	0.683978493428849	b_ddg	0.0923532833549764	0.132308643426677	0.647381219945449	15.17409324646	77.3
40	surface	f_ddg	0.273411815475323	0.430330161532306	0.855036346380203	b_ddg	0.131493635662898	0.195623233259637	0.827310752234649	13.4284839630127	25.6
41	surface	f_ddg	0.888042845495008	0.555582942300725	0.528161699006066	b_ddg	0.123714308167117	0.190560842803637	0.411919538470196	16.4354972839355	83.4
42	surface	f_ddg	0.391427924961625	0.402405058281463	0.651684085249635	b_ddg	0.137240637238401	0.181149794311502	0.675287448116882	15.8748264312744	50.4
43	core	f_ddg	1.15869408384376	0.848627869199246	0.327461519975438	b_ddg	0.229592217647136	0.448482953529245	0.25650150470854	11.1966199874878	9.1
44	surface	f_ddg	0.270513570020016	0.509462371693672	0.466802017380936	b_ddg	0.0748343331481135	0.114156998702216	0.533438490614085	14.8087110519409	44.5
45	surface	f_ddg	0.408829997376096	0.460161868039908	0.654225365218053	b_ddg	-0.0363645636383096	0.11733991030669	0.646904267946647	9.03252124786377	27.9
46	core	f_ddg	1.45051977471428	0.511097420890422	0.391544302904389	b_ddg	-0.0414112343041436	0.284165979290613	0.241698928682722	11.5567312240601	0
47	core	f_ddg	1.52317849138565	0.689205273476534	0.345713759621488	b_ddg	0.401287318015731	0.234391410885081	0.188174530581468	13.0402154922485	0.4
48	core	f_ddg	1.0602581815013	0.722036329111014	0.454668980271808	b_ddg	0.00303356856016707	0.187804256031934	0.394318789642633	14.1742143630981	11.4
49	core	f_ddg	1.05653793489307	0.722524208308253	0.39825314909015	b_ddg	0.338869458740432	0.420474928188027	0.258752459828478	9.65732097625732	0
50	core	f_ddg	1.09028479686153	0.634035623633707	0.518582064519056	b_ddg	0.161518206308161	0.212036282585743	0.335468733776137	15.4385051727295	14.9
51	core	f_ddg	0.490889887878716	0.56223196285855	0.662485755407059	b_ddg	-0.00150953336718817	0.0880400969319134	0.657482120274569	14.393120765686	11.5
52	core	f_ddg	1.25833325785678	0.809589227237709	0.40716724651419	b_ddg	0.376540151638849	0.420253297396334	0.199965303016553	9.65535736083984	1.7
53	surface	f_ddg	1.76382255277284	0.775151421570888	0.301377831235038	b_ddg	0.228888714670452	0.516897537706941	0.151340043396955	12.7011451721191	42.4
54	surface	f_ddg	0.94031175200974	0.648412951066124	0.596011663796936	b_ddg	0.0157534957587328	0.190629406685038	0.398684037216988	16.3657150268555	89.6
55	surface	f_ddg	0.372822735880503	0.461827436367877	0.715432111360792	b_ddg	-0.0176734962464222	0.255476204655205	0.709955590027878	13.8292684555054	55.5
56	surface	f_ddg	1.24360454144512	0.523023674659303	0.516406213091845	b_ddg	0.0558070674139496	0.179148633089426	0.326674871414333	17.0772762298584	52.6
57	core	f_ddg	1.01622418922091	1.21088367684703	0.366657579032366	b_ddg	0.257877923325691	0.362281439185245	0.267679502047709	10.884485244751	2.9
58	surface	f_ddg	0.245595799398206	0.747820284302708	0.540294979810708	b_ddg	0.0359011632205755	0.169891027546384	0.664636546906595	16.998025894165	52.2
59	surface	f_ddg	0.311725139658995	0.38754472685529	0.678419035911851	b_ddg	-0.0527838040974567	0.115880720816203	0.737416563517199	15.8408470153809	81
60	core	f_ddg	0.755998261813587	0.553989680695361	0.669407942754236	b_ddg	0.152627338939096	0.215464774320821	0.460265866055588	11.8061180114746	17.9
61	surface	f_ddg	0.809840371222116	0.53812039411031	0.74213769632538	b_ddg	-0.021780044243391	0.223003593085564	0.572547736748008	9.48002243041992	47.7
62	surface_binding	f_ddg	0.0272128493886176	0.261632750290921	0.629821590593902	b_ddg	0.872715330795426	0.20930024138199	0.389514184351326	3.89261531829834	42.1
63	surface	f_ddg	0.438633746677705	0.251456319184842	0.911659812006569	b_ddg	0.372136069799024	0.200181116347098	0.617400337861751	7.32902383804321	69.5
64	surface	f_ddg	0.472448837563317	0.426098774315957	0.807654634650576	b_ddg	-0.0327558316695295	0.117701506012778	0.662974101478735	10.823920249939	59.1
65	core	f_ddg	1.13926933922463	0.778824044497823	0.386649174936096	b_ddg	0.541927341458622	0.406011735506961	0.192898806359373	8.02803897857666	0
66	core_binding	f_ddg	0.194807893051273	0.45878670824034	0.723427751423471	b_ddg	0.591519990334439	0.283535988186178	0.473451292912698	4.25774478912354	19.4
67	surface	f_ddg	0.11944605746016	0.413730665358882	0.638437607941281	b_ddg	-0.118477655406422	0.26333339228036	0.680446257254239	9.37792491912842	38.2
68	core	f_ddg	0.646457925285372	0.64493043939697	0.632925575688632	b_ddg	-0.0238158207936698	0.10207529139717	0.558781780864781	9.12898540496826	23
69	core_binding	f_ddg	1.51175438144371	0.813121125136132	0.313079622501059	b_ddg	0.182102334432226	0.478184605064123	0.219900984553552	4.24988222122192	5.3
70	surface_binding	f_ddg	0.387552196738878	0.577003190721892	0.723462526784327	b_ddg	0.148239289171197	0.251844227471456	0.707119059884694	4.46047878265381	80.1
71	surface	f_ddg	0.505757092717147	0.528577915946	0.61785642300264	b_ddg	-0.0702154515178056	0.204931437017803	0.585971357900212	9.84730911254883	75.8
72	core	f_ddg	0.884567930566177	0.616495902404834	0.399733497376113	b_ddg	-0.107268955562551	0.285747563336181	0.293455737737708	8.64723682403564	16.6
73	surface	f_ddg	1.45534654100526	0.554210847228686	0.469131999853005	b_ddg	-0.0321835845544423	0.238927392721899	0.269566711816788	11.6795082092285	46
74	surface	f_ddg	0.317484010062185	0.413402798628237	0.713221736891598	b_ddg	-0.0190463420897722	0.0997938438237121	0.680784601800129	14.0701360702515	67.7
75	surface	f_ddg	0.305941642991964	0.521698396428361	0.725172165008124	b_ddg	-0.00298849750338134	0.164229493710231	0.783802217188345	14.9187355041504	47.7
76	core	f_ddg	1.25742081999467	0.712689139651621	0.571350081828548	b_ddg	0.201664229648961	0.476960000491371	0.271581230655615	9.50377750396729	0
77	surface	f_ddg	0.449106318724777	0.487319712914836	0.711943029445046	b_ddg	0.0578311219421378	0.141823447521842	0.687575140500634	14.5294103622437	26.2
78	core	f_ddg	1.17595470614702	0.84419353401534	0.367666144947082	b_ddg	0.235715665660191	0.421712656011276	0.211069111845155	10.7635765075684	0
79	surface	f_ddg	0.465891027011796	0.637011215071581	0.945664793426474	b_ddg	0.013045347012641	0.106273715138427	0.855304125807221	15.6427049636841	26.9
80	core	f_ddg	0.848551514056291	0.669079149538083	0.604519302713422	b_ddg	0.245952496667566	0.327683392550248	0.339419305154928	13.3451528549194	0
81	core	f_ddg	0.397885898901462	0.325734901944116	1	b_ddg	-0.00566695945587063	0.136468082370498	0.941125394413466	17.6442260742188	17.4
82	core	f_ddg	0.107166154463434	0.254289363918451	0.711085258164298	b_ddg	0.16479525614722	0.130793963591457	0.827992200223192	16.2825412750244	1.4
83	surface	f_ddg	0.149009528927045	0.203068818096654	0.565829388889783	b_ddg	-0.233873898124033	0.0943052376892673	0.565983305431662	15.6420612335205	30.1
84	core	f_ddg	0.00967097943703655	0.345269170862829	0.62439967198364	b_ddg	-0.0606302422283423	0.147150789885903	0.63363564347193	15.8811302185059	0
