Pos	color_type	f_ddg_type	f_ddg	f_ddg_sd	f_ddg_weight	b_ddg_type	b_ddg	b_ddg_sd	b_ddg_weight	scHAmin_ligand	RSA_unbound
1	surface	f_ddg	0.141731934902169	0.159726929827539	0.912892481470089	b_ddg	0.0329330847387904	0.0860671491820619	0.834912141654948	16.4018478393555	80
2	surface	f_ddg	0.418022929670754	0.408386791394661	0.86275397703913	b_ddg	0.0685305712835712	0.106369689851287	0.663311101198531	18.9327907562256	49.3
3	core	f_ddg	1.50806295849579	0.775062901251066	0.656090670733143	b_ddg	0.387556509133435	0.618649045172245	0.320855596415759	13.4856700897217	0.4
4	surface	f_ddg	0.540629403831917	0.811738404041407	1	b_ddg	0.179212871611414	0.58111904617836	0.872559737853386	13.7171602249146	28.4
5	core	f_ddg	1.96040284262888	0.369502464454386	0.45945662591337	b_ddg	0.548204299793291	0.721959173920092	0.175849997775052	10.3320255279541	4.1
6	surface	f_ddg	0.613995309737222	0.847340668501149	0.283385357822763	b_ddg	0.339574054604282	0.600997353678994	0.391936124783163	6.70234441757202	43.9
7	surface_binding	f_ddg	0.308323027618965	0.169348644030856	0.587343256881839	b_ddg	0.75087808830184	0.820777731013736	0.311098623803154	3.88661026954651	56.8
8	surface	f_ddg	1.78408843215481	0.495204540740806	0.476649372551786	b_ddg	0.362708670855707	0.399574997098009	0.339766773838351	6.80924320220947	65.5
9	core_binding	f_ddg	0.984638209816353	1.09594763914247	0.458007889905923	b_ddg	2.06608060976694	0.737571813449283	0.20012636496204	5.04662227630615	12.7
10	surface	f_ddg	0.352822987414135	0.522328527263903	0.777853139014315	b_ddg	0.128027282890155	0.207230015477936	0.738163520152604	8.45397186279297	76.1
11	surface	f_ddg	0.835143368347553	0.67168204358878	0.375394472125621	b_ddg	0.391972770502518	0.228567736517577	0.422914924052857	7.42167234420776	37.8
12	surface_binding	f_ddg	0.513468605873181	0.564140194092835	0.329141542864788	b_ddg	0.198028208931623	0.567899733214311	0.443696704860692	3.88823509216309	78.1
13	surface_binding	f_ddg	0.193066272310935	0.272738547086132	0.403081960157266	b_ddg	0.88391222774799	0.409465817785327	0.371817253846671	3.73995971679688	70.7
14	surface	f_ddg	0.533339980705191	0.327778983044069	0.456851243391769	b_ddg	0.21027001387176	0.112436158810037	1	7.35935497283936	110.2
15	surface	f_ddg	1.11397478743432	0.352049209059468	0.245850013783425	b_ddg	0.801990944236176	0.592341735713667	0.182086104625405	5.95938968658447	50.9
16	core_binding	f_ddg	0.271387255771112	0.530752240214494	0.450380340183999	b_ddg	1.35233441669213	0.523137060690911	0.181176879158173	3.52183032035828	20.6
17	core	f_ddg	1.99834913508823	0.673741157704129	0.181423945175033	b_ddg	1.30499898296535	0.736871533442461	0.0986757551620652	9.85407161712646	2
18	surface	f_ddg	0.401700186846701	0.603481645219192	0.579737837899237	b_ddg	0.198932102976525	0.259940664254605	0.697522246546232	10.976001739502	36.1
19	core	f_ddg	2.10485585516986	0.375715427114977	0.310466897217992	b_ddg	0.825928009185413	0.570225308480586	0.22347574696271	9.77065181732178	6
20	surface	f_ddg	0.758526612846735	0.590558798091556	0.707932736344678	b_ddg	0.0563792880197442	0.796091585487358	0.612376694988729	11.5199241638184	69.6
21	surface	f_ddg	0.963416986229202	0.936573573342909	0.966588632331956	b_ddg	0.11375543002689	0.279871495132913	0.543327594257784	8.46063899993896	68.3
22	surface	f_ddg	2.34662449844499	0.151113327974945	0.138057660976468	b_ddg	0.25379598091382	0.359610554968779	0.109278673839832	12.7837572097778	30.1
23	core	f_ddg	1.6680377843089	0.686668601161646	0.367123776733085	b_ddg	0.176623223806061	0.388956825725646	0.350011394768535	14.1471786499023	19.4
24	surface	f_ddg	-0.048636326182082	0.647830730770928	0.318863882057735	b_ddg	-0.00264645386315093	0.0912683497054816	0.742012519653271	17.7447986602783	54.9
25	core	f_ddg	1.49787976681257	0.472558162053561	0.173289714043432	b_ddg	0.781349858023335	0.795768293068097	0.0962440234501677	14.9100875854492	0
26	surface	f_ddg	0.153532085439885	1.27415371613572	0.270787101262306	b_ddg	-0.0197453336659373	0.125644014610798	0.827102001367089	16.6230850219727	41.6
27	core	f_ddg	1.31606169768832	0.874023766931282	0.278293304374642	b_ddg	0.499531642139366	1.01145072892337	0.40424878870595	12.8674201965332	8.9
28	surface	f_ddg	0.314791008839953	0.660264588683204	0.849803168547765	b_ddg	-0.0270476447639083	0.102714478948766	0.704284916557047	11.9162111282349	61.7
29	surface	f_ddg	1.42478636271892	0.847133311617004	0.284520288244612	b_ddg	0.339400069101497	0.292875217272188	0.285259704179398	7.80917119979858	41.2
30	surface	f_ddg	0.559521348032406	0.408488071373735	0.248984002392721	b_ddg	0.143997053385807	0.121155165246722	0.646934161216895	9.77240371704102	50
31	surface	f_ddg	0.719525933562102	0.915662866421776	0.237221758769892	b_ddg	0.158103289748905	0.412659065649005	0.458505433697878	7.59775447845459	82.4
32	surface_binding	f_ddg	0.972023836336426	0.888492739072522	0.466264380876137	b_ddg	0.73767808199862	0.510899138974141	0.423621551407985	3.97593474388123	45.9
33	surface	f_ddg	0.646326230922996	0.360449802080187	0.545698040207476	b_ddg	0.172735118295926	0.0898693029636475	0.643845325118342	7.28092336654663	77.8
34	surface_binding	f_ddg	0.0885198934921901	0.244108239678569	0.263826648929174	b_ddg	0.438160463317781	0.470632054846659	0.721435905007335	4.07556867599487	69.1
35	surface_binding	f_ddg	0.798791782917698	0.70429078700648	0.657504275234123	b_ddg	2.07775866672065	0.369195706066637	0.131528130176174	3.47429013252258	37.3
36	core	f_ddg	1.31530116192315	0.775842434451446	0.30726170469436	b_ddg	0.794656068638342	0.451396850213371	0.211570373732326	8.03928375244141	13.9
37	surface_binding	f_ddg	0.671560550222416	0.276336475700954	0.646654905807345	b_ddg	-0.16707722427932	0.189418448027453	0.556468331515796	4.10328435897827	44.4
38	core	f_ddg	2.71705934821555	0.0890989554220244	0.139438724390485	b_ddg	0.965769498296322	0.567713926925185	0.0543757137226525	11.1112203598022	0.7
39	core	f_ddg	0.576604744636575	0.904201630263016	0.311006788266873	b_ddg	0.0734923322693853	0.660438584640712	0.673436006107863	15.1559410095215	24.7
40	core	f_ddg	1.68551106835849	0.502622839290112	0.40284802221315	b_ddg	0.182625882732815	0.189617658997166	0.458237368681688	14.6733989715576	7.6
41	surface	f_ddg	0.809187121054218	1.06200796686145	0.38656052542294	b_ddg	0.0861651977560188	0.365186647615243	0.60115419875269	17.7157802581787	66.8
42	surface	f_ddg	1.68760378742803	0.419099263843843	0.516238502741281	b_ddg	0.294871547781971	0.209954090842279	0.393617211091613	18.4672374725342	103
43	surface	f_ddg	0.221263478713787	1.09616551868438	0.755701795102238	b_ddg	0.0712125331971278	0.536940687145006	0.551966805784657	13.9409399032593	66.6
44	surface	f_ddg	0.641542795898737	0.857162930771967	0.638790029175386	b_ddg	0.0748554193531168	0.301094672316024	0.422940039905935	12.3469114303589	67.8
45	core	f_ddg	2.2156244446287	0.210527739291843	0.529754054971319	b_ddg	1.64340919683837	0.279056549797151	0.15277545463444	8.99447441101074	12
46	surface_binding	f_ddg	0.00841179668129239	0.282279000973958	0.609572483263325	b_ddg	0.278364111967415	0.94836930128002	0.495354697145344	3.69755029678345	34.9
47	core	f_ddg	2.02513804773035	0.370330811280976	0.285302718949741	b_ddg	0.759140414528595	1.1832512713503	0.231739966893307	8.63258838653564	0
48	core_binding	f_ddg	1.00389035370552	0.665532836763321	0.365768464661833	b_ddg	0.855218289324262	0.623966970459465	0.215602613392064	4.86593914031982	12.6
49	surface	f_ddg	0.800583333130193	0.753469189572675	0.75923825290405	b_ddg	-0.0560673230294548	0.357889443396104	0.710209099869865	9.03378963470459	39.5
50	surface_binding	f_ddg	0.0141371962310561	0.415145953637507	0.965674263210669	b_ddg	0.469704320741023	0.29974914351487	0.790713931836715	3.96473979949951	73.6
51	surface_binding	f_ddg	0.396886993201198	0.86612125163127	0.676080999965524	b_ddg	0.542591435060335	1.02145677883952	0.352648289499087	3.37676930427551	34.6
52	core	f_ddg	1.44138689305364	0.618172634507511	0.296368880866248	b_ddg	0.437498129928278	0.722926079809875	0.34210423877465	9.72307014465332	1.2
53	surface	f_ddg	0.362109956824741	0.92933613650203	0.35613692498435	b_ddg	0.183333386663711	0.833881661028421	0.394425583534885	11.1635160446167	37.7
54	surface	f_ddg	0.306053556124264	0.196601008369057	0.502941132410688	b_ddg	0.0238825257798695	0.114373245633314	0.728117652344942	15.1397514343262	63.8
55	surface	f_ddg	0.248148984586484	0.229871162439521	0.368563989501502	b_ddg	0.179499322115351	0.114908103774094	0.969530443374417	17.0909366607666	34.5
56	surface	f_ddg	0.442857166332794	0.292184864072399	0.38725592689323	b_ddg	0.0858113329897148	0.0483982709459111	0.694334763724403	21.4514846801758	138.7
