Pos	color_type	f_ddg_type	f_ddg	f_ddg_sd	f_ddg_weight	b_ddg_type	b_ddg	b_ddg_sd	b_ddg_weight	scHAmin_ligand	RSA_unbound
1	surface	f_ddg	0.166621174263427	0.238543181732192	0.90574110323656	b_ddg	0.092672143793213	0.0978457913671547	0.811462158144495	19.8035659790039	49.7
2	surface	f_ddg	1.30349943721975	0.757358241713529	0.329642248515877	b_ddg	0.484301965427335	0.62380226278662	0.107373522496244	16.4916496276855	25.6
3	surface	f_ddg	0.414351847199397	0.682755710778917	0.270544388491979	b_ddg	0.0567974554346135	0.128215580204491	0.325161503227355	17.3757190704346	68
4	core	f_ddg	1.13744052903007	0.756293637152133	0.219016531542867	b_ddg	0.309264803227585	0.880747451160406	0.116658032000721	13.6298208236694	0.3
5	surface	f_ddg	0.714801332274164	0.793203134847422	0.55555176208978	b_ddg	-0.0240605807277394	0.208537107708396	0.482165312044052	15.8652963638306	39.7
6	core	f_ddg	1.73085975573946	0.948089349881727	0.155696133752952	b_ddg	0.124328690475041	0.83777808943383	0.0968008382951442	10.7999982833862	2.2
7	surface	f_ddg	0.454398274437912	0.484601186079064	0.54882475879526	b_ddg	-0.0611394280937568	0.108447218446754	0.475369387141082	15.1082563400269	73.9
8	core	f_ddg	0.856267446151121	0.52113532595695	0.337543536749212	b_ddg	0.325984385305098	0.37577396104007	0.208798809611762	7.38486909866333	9.3
9	surface	f_ddg	0.593191040531763	0.399006918011644	0.626649809552201	b_ddg	0.103863832808552	0.149684055617301	0.630190313339264	13.4482116699219	40.6
10	surface	f_ddg	0.171111875263737	0.508225576009039	0.515335487023985	b_ddg	-0.0176491590781932	0.103363501423941	0.830161301846838	13.3462114334106	96.3
11	surface	f_ddg	0.145436505520481	0.344879159776352	0.734899650462427	b_ddg	-0.0769205309068953	0.0862064866575473	0.904869227540208	10.7898292541504	60.5
12	surface_binding	f_ddg	0.996741333308708	0.812791948786667	0.497930132663616	b_ddg	-0.618283993155338	0.496380324928747	0.269918468810367	6.42904233932495	65.3
13	core_binding	f_ddg	1.1719232709086	0.948796199494992	0.443149939497209	b_ddg	0.495742476607824	0.466864886239592	0.226120439580502	4.87744235992432	8.1
14	core_binding	f_ddg	2.26876624017879	0.615117923828146	0.214434582974716	b_ddg	0.639987203229326	0.798838515412379	0.0889611927863253	6.6886157989502	17.1
15	core_binding	f_ddg	1.42418676868269	0.953918190941294	0.313286005218786	b_ddg	0.531911201179852	0.797626182304323	0.201391990856976	5.23414516448975	15.7
16	surface_binding	f_ddg	0.482901658777837	0.880279723355906	0.539751353787854	b_ddg	0.0348731417447542	0.512606383221005	0.656924158342159	4.21524477005005	59.3
17	core_binding	f_ddg	0.968651772029474	1.11351673277797	0.414067583369643	b_ddg	1.03530012975824	0.612438813253305	0.161470298088722	5.65717029571533	15
18	core_binding	f_ddg	0.309361934098311	0.432638660976668	0.539516817303315	b_ddg	0.318236132471194	0.248836019156991	0.490901167057994	4.31518030166626	22.7
19	core	f_ddg	0.23121900996582	0.987472335239211	0.544521926700672	b_ddg	1.00179982461473	0.317580701019779	0.28567754892885	6.92159032821655	14.1
20	core	f_ddg	0.886435512643897	0.609568288244848	0.601271716420895	b_ddg	0.948226208686937	0.356148554089761	0.21064560421916	7.76313304901123	9.9
21	surface_binding	f_ddg	0.39582215754838	0.338136952277702	0.430001056588777	b_ddg	0.244428079721995	0.204586517059469	0.473019508301394	5.33741283416748	76.6
22	surface	f_ddg	0.237457611034118	0.392614314131219	0.453153010727411	b_ddg	0.00462247789440752	0.266209774920617	0.574648674210347	12.0300540924072	76.1
23	surface	f_ddg	0.614379368714416	0.398463935241889	0.752898383311896	b_ddg	-0.152008268418885	0.258338258276585	0.763232529234114	13.3131246566772	54.5
24	surface	f_ddg	0.106702960063356	0.297230138039858	0.497042109554502	b_ddg	0.209495741483244	0.145300282415875	0.59388538556766	10.7201499938965	38.8
25	core	f_ddg	2.20842082712393	0.524680273003336	0.279976501982873	b_ddg	-0.17890247230051	0.409177952832671	0.137164831220141	12.175687789917	0.5
26	core	f_ddg	1.12586443659398	0.84094245974865	0.326296302226967	b_ddg	0.914707080765969	0.362487427905183	0.186327538439277	9.76350593566895	0
27	core	f_ddg	0.915737861906911	0.780321001920157	0.63848141312752	b_ddg	-0.0349190218012373	0.480451246408973	0.615873273662675	9.13542938232422	0.7
28	core	f_ddg	1.76719144760118	0.975004197058348	0.283353823976788	b_ddg	0.0643745905017546	0.443640810139584	0.226391381779099	9.5701265335083	0
29	core_binding	f_ddg	0.931700515174725	0.958205397734029	0.484285283783113	b_ddg	0.247724792998513	0.493047557650257	0.383294713206585	3.69248986244202	18.1
30	surface	f_ddg	-0.163117962976251	0.769504334386306	0.257149833355624	b_ddg	0.315414835242533	0.423364918953766	0.415933464321496	6.69108009338379	52.5
31	core	f_ddg	1.36568787315433	0.799820487982995	0.366780053197218	b_ddg	0.383297185751203	0.606216586207782	0.202885399264853	10.923849105835	23.9
32	surface	f_ddg	0.0970979829744987	0.320047997024565	0.304686943082533	b_ddg	0.104264488998559	0.174479956162289	0.369042095980742	7.82996845245361	50.6
33	surface	f_ddg	0.450486455108451	0.391355245851798	0.525181297656833	b_ddg	-0.0995081635570254	0.103630485977978	0.552029712289379	13.2441205978394	82.6
34	surface	f_ddg	1.2006880945181	0.543011647420895	0.557636655579226	b_ddg	0.0583698048171355	0.468462201701688	0.362732986503088	13.6827592849731	63.8
35	core	f_ddg	1.51713368283364	0.705140405298491	0.256632541101021	b_ddg	0.246011047939954	0.605521599706581	0.177424553401381	11.146032333374	6.5
36	core	f_ddg	0.844492833253516	0.55096685233938	0.509010561685454	b_ddg	0.0425460699737452	0.326530100311275	0.440463141736802	9.85318088531494	22.4
37	core	f_ddg	1.47911504470558	0.539972150351187	0.314815356812024	b_ddg	0.457774135224374	0.651504784871975	0.167093145227179	8.82497596740723	0.2
38	surface	f_ddg	0.88162760487859	0.554442275220336	0.388219467626797	b_ddg	0.146426707162645	0.404732577470449	0.272721389821666	13.1374378204346	40.3
39	surface	f_ddg	0.335709079308936	0.512572338555683	0.630154009397081	b_ddg	0.0939262324709461	0.455398172691458	0.657569946409917	15.17409324646	77.3
40	surface	f_ddg	0.417266213821665	0.522677811260139	0.40861657121163	b_ddg	0.16698516315286	0.183134654125241	0.403841281269493	13.4284839630127	25.6
41	surface	f_ddg	1.1278642881989	0.690190133476621	0.415812145727557	b_ddg	0.0809707429224685	0.245526577656495	0.273857169919118	16.4354972839355	83.4
42	surface	f_ddg	0.334546951847104	0.479884765873248	0.407230069132255	b_ddg	0.153368244621453	0.171168986420785	0.544380961235178	15.8748264312744	50.4
43	core	f_ddg	1.69059741467383	0.814716569542547	0.246375120160954	b_ddg	0.227119278302909	0.459581785599501	0.145013059937242	11.1966199874878	9.1
44	surface	f_ddg	0.378561305515396	0.638552453519761	0.318889340890382	b_ddg	0.050900063313487	0.16240852503485	0.343174054011096	14.8087110519409	44.5
45	surface	f_ddg	0.522134289497027	0.570067154938422	0.649190196314257	b_ddg	-0.0779760195878801	0.138177176442826	0.491773992032558	9.03252124786377	27.9
46	core	f_ddg	1.65422194685296	0.485915319166693	0.428566783383945	b_ddg	-0.061368068219366	0.404454264880001	0.295214142770961	11.5567312240601	0
47	core	f_ddg	1.65281052756324	0.699201955490733	0.281124312845068	b_ddg	0.44293444782194	0.422942057684178	0.149300082900264	13.0402154922485	0.4
48	core	f_ddg	1.41461834884361	0.771454330045684	0.320862464983157	b_ddg	0.0201004314371795	0.400623021861886	0.182603149396452	14.1742143630981	11.4
49	core	f_ddg	1.048046427912	0.830744644060124	0.445293080223113	b_ddg	0.42335079734665	0.678797579406265	0.28464598121529	9.65732097625732	0
50	core	f_ddg	1.1440550122207	0.749859901238995	0.496437841297067	b_ddg	0.184641822287526	0.3144111296553	0.359567135259804	15.4385051727295	14.9
51	core	f_ddg	0.63425507528036	0.722349444139981	0.555494809119242	b_ddg	-0.0048583935901912	0.318831149649465	0.535377967937234	14.393120765686	11.5
52	core	f_ddg	1.44329097730579	0.851208219680629	0.395551616976585	b_ddg	0.267844487914942	0.588120030977776	0.185994507166367	9.65535736083984	1.7
53	surface	f_ddg	2.00800588218119	0.748131483907971	0.318039155003662	b_ddg	0.260835555172494	0.709603684404912	0.126316919026911	12.7011451721191	42.4
54	surface	f_ddg	1.24641673070407	0.638095215392972	0.493251006014748	b_ddg	-0.0622424658719691	0.258262947492881	0.342630799564531	16.3657150268555	89.6
55	surface	f_ddg	0.514409853409113	0.440947124413196	0.539379769832758	b_ddg	-0.0137716914865275	0.109662250477389	0.491543676930256	13.8292684555054	55.5
56	surface	f_ddg	1.56148660302738	0.557674092042563	0.363562629187043	b_ddg	0.0301923011307238	0.213966249079513	0.201357297666756	17.0772762298584	52.6
57	core	f_ddg	1.19163726639979	1.20364643390385	0.365723396349494	b_ddg	0.286812132134453	0.477902091417167	0.251177716069859	10.884485244751	2.9
58	surface	f_ddg	0.511544542911574	0.703589196801654	0.526674566105555	b_ddg	-0.0104862200984012	0.244576612108421	0.613586728899429	16.998025894165	52.2
59	surface	f_ddg	0.291492265026744	0.382941313637306	0.449651205139122	b_ddg	-0.0593321893881685	0.138610076877428	0.456927516813951	15.8408470153809	81
60	core	f_ddg	0.935941908564781	0.658874790469785	0.532039270916693	b_ddg	0.0851833234066594	0.471385463575393	0.290209572651052	11.8061180114746	17.9
61	surface	f_ddg	0.988270211556075	0.582312273299403	0.607108679836692	b_ddg	-0.0925218711193084	0.22716893062331	0.446204131236704	9.48002243041992	47.7
62	surface_binding	f_ddg	-0.0647157704224809	0.43907762554628	0.333215143679404	b_ddg	0.99374785634091	0.216594784519543	0.283939377875736	3.89261531829834	42.1
63	surface	f_ddg	0.552802397056431	0.286173143409859	0.84877562680272	b_ddg	0.373973640054194	0.204223382055509	0.646123651406759	7.32902383804321	69.5
64	surface	f_ddg	0.592651055454229	0.214747951794266	0.597547128628258	b_ddg	-0.0620162985942874	0.158058720312701	0.552118589531696	10.823920249939	59.1
65	core	f_ddg	1.2492133931622	0.940685316741164	0.383479597763102	b_ddg	0.507196963134968	0.512314746348644	0.15932481441676	8.02803897857666	0
66	core_binding	f_ddg	0.240178157155578	0.578777862630165	0.631090200572944	b_ddg	0.559352355281413	0.351894970278519	0.516094915691542	4.25774478912354	19.4
67	surface	f_ddg	0.168663041175814	0.539434178794958	0.589792119242274	b_ddg	-0.110534479788337	0.42855734595924	0.694832751901442	9.37792491912842	38.2
68	core	f_ddg	0.954549736997453	0.958396179257969	0.425199077753532	b_ddg	-0.0188416377919939	0.288768415276622	0.406685639436387	9.12898540496826	23
69	core_binding	f_ddg	1.4901975527723	0.858390918843851	0.314671266245038	b_ddg	0.000593808209225136	0.7158805135955	0.162406472830729	4.24988222122192	5.3
70	surface_binding	f_ddg	0.471583001498597	0.551866397099876	0.533658580589477	b_ddg	0.122394412188946	0.423481954283327	0.442806689208088	4.46047878265381	80.1
71	surface	f_ddg	0.63822896260574	0.645825237113492	0.230361603639557	b_ddg	-0.114453935553509	0.273370985584485	0.236725912140582	9.84730911254883	75.8
72	core	f_ddg	0.953850172124115	0.831221455336942	0.217110864925896	b_ddg	-0.101701648815595	0.501512689979071	0.156641565281287	8.64723682403564	16.6
73	surface	f_ddg	1.62036380334558	0.698025580090624	0.463706242664483	b_ddg	-0.0527954126398656	0.255361465133236	0.285277186392924	11.6795082092285	46
74	surface	f_ddg	0.481630352929642	0.580054763456218	0.71448948181021	b_ddg	-0.0437848437453476	0.158002354881198	0.601230055941151	14.0701360702515	67.7
75	surface	f_ddg	0.35987217508168	0.580065398678527	0.798183992660819	b_ddg	0.00860749144112649	0.0967565769845441	0.913084729999529	14.9187355041504	47.7
76	core	f_ddg	1.32580341513647	0.760948221350482	0.703826115118681	b_ddg	0.153307660937428	0.524591756591066	0.378822202367455	9.50377750396729	0
77	surface	f_ddg	0.560130077705456	0.498563776303652	0.762360871360546	b_ddg	0.058289061429181	0.184513434892771	0.778451801659293	14.5294103622437	26.2
78	core	f_ddg	1.45246883290174	0.975715354669096	0.357154588428497	b_ddg	0.247047803169334	0.539355267102704	0.160987630427924	10.7635765075684	0
79	surface	f_ddg	0.571280332317939	0.740054702391143	1	b_ddg	0.00434576608589938	0.087290241820027	0.999227745090085	15.6427049636841	26.9
80	core	f_ddg	0.957343145241583	0.87124130227418	0.430751369043692	b_ddg	0.236376988148085	0.51829377609491	0.26004869904233	13.3451528549194	0
81	core	f_ddg	0.513378810186841	0.379306091860231	0.990516299576848	b_ddg	-0.0404306361591482	0.165230471955057	1	17.6442260742188	17.4
82	core	f_ddg	0.126560624359289	0.342499555445735	0.81315355761154	b_ddg	0.153975903466633	0.152281138619527	0.975215140625443	16.2825412750244	1.4
83	surface	f_ddg	0.275256969024767	0.229876034373411	0.571874440794113	b_ddg	-0.332865070196574	0.0999588749409982	0.509595493579632	15.6420612335205	30.1
84	core	f_ddg	0.0458514236457107	0.520893101821066	0.602296284902592	b_ddg	-0.0869095689093606	0.16553208563389	0.665560737959372	15.8811302185059	0
