Pos	color_type	f_ddg_type	f_ddg	f_ddg_sd	f_ddg_weight	b_ddg_type	b_ddg	b_ddg_sd	b_ddg_weight	scHAmin_ligand	RSA_unbound
1	surface	f_ddg	0.151180021715046	0.205935022299773	0.971347813373848	b_ddg	0.121436413933068	0.0425612156286732	0.962316193328888	19.8035659790039	49.7
2	surface	f_ddg	1.26704244084096	0.594051410962232	0.649358069273487	b_ddg	0.54050577451497	0.269630716268394	0.215080116561137	16.4916496276855	25.6
3	surface	f_ddg	0.284958490922595	0.566502472252854	0.683012001109492	b_ddg	0.0607435125716856	0.067675253343215	0.770869542732917	17.3757190704346	68
4	core	f_ddg	1.13018155914258	0.914067125383928	0.466310786898245	b_ddg	0.280741676585959	0.566413239388212	0.353755784139472	13.6298208236694	0.3
5	surface	f_ddg	0.701298775528471	0.738312806442572	0.764927273577319	b_ddg	0.0419630902384712	0.0891978441631752	0.707537298859522	15.8652963638306	39.7
6	core	f_ddg	1.42487393215453	0.857047790871084	0.363911362752498	b_ddg	0.231830455663285	0.58677340753499	0.233063637682472	10.7999982833862	2.2
7	surface	f_ddg	0.419212289103784	0.413218671549733	0.798283147196065	b_ddg	-0.0137163400732877	0.069956202865208	0.736090889403463	15.1082563400269	73.9
8	core	f_ddg	0.856552189020911	0.564958074513633	0.575499789783008	b_ddg	0.431090991354627	0.341316557295975	0.298277871624778	7.38486909866333	9.3
9	surface	f_ddg	0.56588050384116	0.430007468428961	0.745460068843497	b_ddg	0.178761823391565	0.0954116303003355	0.577022097851468	13.4482116699219	40.6
10	surface	f_ddg	0.189944328235828	0.271358083090773	0.798478129036768	b_ddg	0.00430664717575641	0.0450408040731606	1	13.3462114334106	96.3
11	surface	f_ddg	0.154128475173524	0.30030150818016	0.883243002582184	b_ddg	-0.0263046496547134	0.0398120537925443	0.898160509446706	10.7898292541504	60.5
12	surface_binding	f_ddg	0.970421218380646	0.692869433500692	0.548200840387071	b_ddg	-0.365194906984738	0.29403464757322	0.376159815834337	6.42904233932495	65.3
13	core_binding	f_ddg	1.12443531041911	0.84754494607923	0.55230369099253	b_ddg	0.580092862325566	0.62182070617245	0.197875873152765	4.87744235992432	8.1
14	core_binding	f_ddg	2.46941726577187	0.358907219702551	0.247688619057738	b_ddg	1.01726168721352	0.567069494075484	0.101897130185548	6.6886157989502	17.1
15	core_binding	f_ddg	1.51032463757157	0.878202383804286	0.347067046707022	b_ddg	0.514101111626709	0.570334874229918	0.23878898976475	5.23414516448975	15.7
16	surface_binding	f_ddg	0.575090625038118	0.72690045464559	0.761280086096715	b_ddg	0.0403077281982389	0.356643670174789	0.68208149932209	4.21524477005005	59.3
17	core_binding	f_ddg	0.892302456885752	1.12926837303684	0.51465625025242	b_ddg	0.734107703582978	0.461449282439722	0.182525625009509	5.65717029571533	15
18	core_binding	f_ddg	0.236338225899129	0.524517816945798	0.792848581555512	b_ddg	0.307051882430769	0.294795430308801	0.53823650208585	4.31518030166626	22.7
19	core	f_ddg	0.351700713818376	0.787409156174155	0.878095905652786	b_ddg	0.926438308615562	0.230689591958541	0.247585221399412	6.92159032821655	14.1
20	core	f_ddg	0.824292577928479	0.525418204613676	0.732950197042087	b_ddg	0.913445028712856	0.236882543980349	0.11911964218549	7.76313304901123	9.9
21	surface_binding	f_ddg	0.338833569791487	0.253384596344234	0.690848316519262	b_ddg	0.183373838519765	0.202788014494119	0.617334748951746	5.33741283416748	76.6
22	surface	f_ddg	0.361290110937134	0.314506436321455	0.542585013951005	b_ddg	-0.0309855612144447	0.166978788300244	0.744673443034675	12.0300540924072	76.1
23	surface	f_ddg	0.641005846092541	0.330155448111414	0.882783961106408	b_ddg	-0.0800166792426785	0.203719509577229	0.742769846945461	13.3131246566772	54.5
24	surface	f_ddg	0.150537514224508	0.215042697173134	0.827956849867111	b_ddg	0.168131468350837	0.121834180722918	0.804410097294689	10.7201499938965	38.8
25	core	f_ddg	2.11160149998127	0.453970838650893	0.352529751330451	b_ddg	0.0868624421344309	0.447987646285222	0.142958408504193	12.175687789917	0.5
26	core	f_ddg	1.17409530145755	0.785052583277713	0.486809127134745	b_ddg	0.877256022621004	0.396502377381089	0.150176820713358	9.76350593566895	0
27	core	f_ddg	0.88465603300345	0.705297103525696	0.684341248169684	b_ddg	0.0723634531891795	0.476601149277356	0.481524209293659	9.13542938232422	0.7
28	core	f_ddg	1.7194181653314	0.84610214915237	0.326401151029863	b_ddg	0.19524368242277	0.398252498577792	0.177307370712571	9.5701265335083	0
29	core_binding	f_ddg	0.893578690178681	0.809766597567353	0.614768970574029	b_ddg	0.305055023862116	0.217741839114402	0.367484489251649	3.69248986244202	18.1
30	surface	f_ddg	0.0566332992193821	0.572344724769893	0.543124927336718	b_ddg	0.240592130074971	0.334013603108607	0.635676138519765	6.69108009338379	52.5
31	core	f_ddg	1.4487302326552	0.628576140403194	0.394769910356247	b_ddg	0.381872509507795	0.343584051266015	0.164433898860363	10.923849105835	23.9
32	surface	f_ddg	0.104777722568894	0.277610584442059	0.550764624156052	b_ddg	0.0676592216833806	0.113223169002932	0.50841067444296	7.82996845245361	50.6
33	surface	f_ddg	0.448492071507424	0.412508934647437	0.654265972060274	b_ddg	0.00213257465912202	0.0760086104478999	0.63393710121185	13.2441205978394	82.6
34	surface	f_ddg	1.15975479005762	0.493693182669501	0.637357529187238	b_ddg	0.161876233981079	0.263594029469229	0.296707987783337	13.6827592849731	63.8
35	core	f_ddg	1.50154586210338	0.655250348005392	0.261924411342674	b_ddg	0.361515510689367	0.502094304178947	0.175988066809945	11.146032333374	6.5
36	core	f_ddg	0.852716035834748	0.469575134257635	0.752199583030756	b_ddg	0.13767601822905	0.369267259409943	0.423314234521302	9.85318088531494	22.4
37	core	f_ddg	1.42850360446248	0.46869970789588	0.431887143505507	b_ddg	0.352544906403624	0.468493244829579	0.226664056157671	8.82497596740723	0.2
38	surface	f_ddg	0.747168303439934	0.377189363248355	0.675280841681301	b_ddg	0.214513143323931	0.399338879493162	0.437010953435287	13.1374378204346	40.3
39	surface	f_ddg	0.354915699136836	0.45609609204669	0.769264788950287	b_ddg	0.0986837291247214	0.150936130836305	0.655996101156761	15.17409324646	77.3
40	surface	f_ddg	0.364549035774288	0.450669575144497	0.978983665728608	b_ddg	0.125457884654353	0.207603145433956	0.782701057880584	13.4284839630127	25.6
41	surface	f_ddg	0.968313457429216	0.581229218928158	0.653541829526957	b_ddg	0.167909294751989	0.223502705814167	0.381833244693436	16.4354972839355	83.4
42	surface	f_ddg	0.495411130127295	0.43307937083849	0.756922106711738	b_ddg	0.139972859439849	0.199823814473524	0.679346070676875	15.8748264312744	50.4
43	core	f_ddg	1.3443172998422	0.904947283206791	0.397138477941599	b_ddg	0.324649300413013	0.508506308577664	0.223644780991131	11.1966199874878	9.1
44	surface	f_ddg	0.299874527637977	0.515945606846307	0.565350884686741	b_ddg	0.0579611600355504	0.115284848692274	0.591534677242184	14.8087110519409	44.5
45	surface	f_ddg	0.506997756131094	0.4862862193401	0.698797915505054	b_ddg	-0.0147209968798181	0.0929418244727403	0.664702184035853	9.03252124786377	27.9
46	core	f_ddg	1.56115215745805	0.534017645873194	0.461676506110417	b_ddg	0.0813722645932971	0.308619072086268	0.202655725822872	11.5567312240601	0
47	core	f_ddg	1.62245721243735	0.725208661892228	0.445583842957391	b_ddg	0.502885987989803	0.214099342123683	0.146916216811378	13.0402154922485	0.4
48	core	f_ddg	1.21708421470604	0.779855748178344	0.557665479402909	b_ddg	0.075215218492662	0.247296647413981	0.373763696481083	14.1742143630981	11.4
49	core	f_ddg	1.28152066159064	0.759111523762371	0.449781657901484	b_ddg	0.39528181651949	0.506195292692698	0.239115506323692	9.65732097625732	0
50	core	f_ddg	1.24992596466514	0.65389339138762	0.580161330261281	b_ddg	0.213527746646699	0.253320535689951	0.281416188655279	15.4385051727295	14.9
51	core	f_ddg	0.58435734645637	0.587973282641154	0.738463558764908	b_ddg	0.035381116931789	0.0568838930947557	0.636050988041346	14.393120765686	11.5
52	core	f_ddg	1.38600285664054	0.838066138422262	0.473606556644321	b_ddg	0.38362724831037	0.443273173594279	0.184510800827611	9.65535736083984	1.7
53	surface	f_ddg	1.86041006333603	0.770296172364897	0.376508664289135	b_ddg	0.350648419258647	0.534228232151068	0.130491250721252	12.7011451721191	42.4
54	surface	f_ddg	1.07163938438206	0.686960898858891	0.653589689575349	b_ddg	0.0834212924880972	0.201666113222962	0.36177997057667	16.3657150268555	89.6
55	surface	f_ddg	0.428282092405647	0.473439772961855	0.73966934844441	b_ddg	0.00970019364993977	0.290445782350171	0.754028853607802	13.8292684555054	55.5
56	surface	f_ddg	1.35232124699462	0.535739808706961	0.604440786848059	b_ddg	0.14831833240926	0.200914306993735	0.265338760238301	17.0772762298584	52.6
57	core	f_ddg	1.11056182864593	1.31362666480355	0.412412407227504	b_ddg	0.247581045886193	0.408467301621909	0.235110598421935	10.884485244751	2.9
58	surface	f_ddg	0.28825704666001	0.865314419364636	0.492828831394338	b_ddg	0.0298877223616183	0.186951114810223	0.654997590487579	16.998025894165	52.2
59	surface	f_ddg	0.39356211390709	0.419927279206484	0.703053207170497	b_ddg	-0.0273667807064576	0.119384765929754	0.772850792936114	15.8408470153809	81
60	core	f_ddg	0.834417238888243	0.560474971344632	0.709460601670356	b_ddg	0.178885903490887	0.262366967591261	0.426708032153578	11.8061180114746	17.9
61	surface	f_ddg	0.891732818149452	0.555003963805488	0.81340789211224	b_ddg	0.0481248221386715	0.168839658503687	0.519192923279394	9.48002243041992	47.7
62	surface_binding	f_ddg	0.0643331796202193	0.316779957961313	0.601108349053202	b_ddg	0.746988527330893	0.190071120920595	0.316289805186603	3.89261531829834	42.1
63	surface	f_ddg	0.50951271419875	0.271832269416723	0.911168648630448	b_ddg	0.340566799220237	0.180416594463721	0.535470503678235	7.32902383804321	69.5
64	surface	f_ddg	0.524608995424339	0.449821690695584	0.894479669224658	b_ddg	0.0040710650721452	0.0986333850183136	0.663530512929818	10.823920249939	59.1
65	core	f_ddg	1.3458522934991	0.827100535953235	0.451423399474004	b_ddg	0.625612728874717	0.38069969125833	0.146817288196178	8.02803897857666	0
66	core_binding	f_ddg	0.247624026305615	0.470886014053103	0.738937764252659	b_ddg	0.508593785112499	0.247648455251274	0.419496916964051	4.25774478912354	19.4
67	surface	f_ddg	0.176269058861371	0.448166005972979	0.600115060062002	b_ddg	-0.0893474381553597	0.285517208143468	0.745269395385188	9.37792491912842	38.2
68	core	f_ddg	0.72129515472817	0.647668340144568	0.671934244412959	b_ddg	0.026728159528557	0.0811374048990422	0.587491520629507	9.12898540496826	23
69	core_binding	f_ddg	1.67118271196433	0.839550391432492	0.358741341514476	b_ddg	0.2670035300206	0.525887132595405	0.196060854866073	4.24988222122192	5.3
70	surface_binding	f_ddg	0.462808238337223	0.632550781149857	0.803588012912391	b_ddg	0.123640466169168	0.19419239462753	0.71439652150659	4.46047878265381	80.1
71	surface	f_ddg	0.612878036941158	0.554771076269266	0.676789599115812	b_ddg	-0.0160172427856376	0.214499615949325	0.589016765191034	9.84730911254883	75.8
72	core	f_ddg	1.11443542542024	0.663771310635475	0.476851946580714	b_ddg	-0.0298735831605824	0.289566931866322	0.26807203671731	8.64723682403564	16.6
73	surface	f_ddg	1.54017089797636	0.553242102482079	0.537874208869703	b_ddg	0.0954717425018861	0.224655814002182	0.253255911637084	11.6795082092285	46
74	surface	f_ddg	0.377118743320498	0.460165184544581	0.680923614410965	b_ddg	0.0112642897505573	0.0682197946216032	0.740403706246056	14.0701360702515	67.7
75	surface	f_ddg	0.385361654200575	0.552915878892086	0.718196453828712	b_ddg	0.0146905632368644	0.112381017023596	0.807141422226236	14.9187355041504	47.7
76	core	f_ddg	1.35855027811869	0.720379943083876	0.61189451993598	b_ddg	0.236252427613889	0.467022859862507	0.222703160272062	9.50377750396729	0
77	surface	f_ddg	0.570915241739783	0.522712902453487	0.733552141788651	b_ddg	0.0782933659635172	0.12752186956733	0.737551376159568	14.5294103622437	26.2
78	core	f_ddg	1.35531885390725	0.884648943908061	0.40150571009074	b_ddg	0.320547214547423	0.488661461892813	0.178981388962764	10.7635765075684	0
79	surface	f_ddg	0.538643870521936	0.679189305601731	0.972147885884878	b_ddg	0.0421539380953837	0.129982080838724	0.846244814520155	15.6427049636841	26.9
80	core	f_ddg	0.957884290559301	0.689924316010805	0.660740158887327	b_ddg	0.256853385531722	0.363849856689975	0.300002020678838	13.3451528549194	0
81	core	f_ddg	0.463363949981293	0.347383285852947	1	b_ddg	0.02483121981577	0.136305933269904	0.912412982207277	17.6442260742188	17.4
82	core	f_ddg	0.129582764720694	0.297901159612067	0.692979964236843	b_ddg	0.138307331602917	0.101619369325195	0.840994073697509	16.2825412750244	1.4
83	surface	f_ddg	0.190593387560227	0.231640573098518	0.531856168241129	b_ddg	-0.168357544310851	0.0564005423859935	0.639264497897849	15.6420612335205	30.1
84	core	f_ddg	0.0295019952887733	0.420246429827689	0.575315699707885	b_ddg	-0.0494698041260427	0.0995092786318236	0.712378417845052	15.8811302185059	0
