Pos WT_AA Mut Nmut_nt Nmut_aa Nmut_codons STOP mean_count is.reads0 fitness sigma is.fitness
NA NA NA 2 0 2 TRUE 1.66666666666667 NA -1.32046213227281 0.860118793558764 TRUE
NA NA NA 2 0 2 TRUE 3.33333333333333 NA -0.268650732456986 0.498043965936075 TRUE
NA NA NA 2 0 2 TRUE 2 NA 0.0976178053979203 0.603232969446665 TRUE
NA NA NA 2 0 2 TRUE 1.33333333333333 NA 0.212527074454242 0.703707324399998 TRUE
NA NA NA 2 0 2 TRUE 2.33333333333333 NA -0.0559082221303681 0.543799689259275 TRUE
NA NA NA 2 0 2 TRUE 1.66666666666667 NA 0.158834162657083 0.582378039815124 TRUE
NA NA NA 2 0 2 TRUE 2.33333333333333 NA -0.939970814268718 0.646764095502478 TRUE
NA NA NA 2 0 2 TRUE 1 NA 0.217857907085736 0.782238348913872 TRUE
NA NA NA 2 0 2 TRUE 1 NA -0.36921265428965 0.863329187112708 TRUE
NA NA NA 1 0 1 TRUE 199.333333333333 TRUE -0.0648114879613548 0.0658789149129343 TRUE
NA NA NA 2 0 2 TRUE 2.66666666666667 NA -0.0762783581058839 0.522366636439627 TRUE
NA NA NA 2 0 2 TRUE 1.66666666666667 NA -0.319660251159953 0.664366952350406 TRUE
NA NA NA 2 0 2 TRUE 1.33333333333333 NA 0.277686266885338 0.673866776085759 TRUE
NA NA NA 2 0 2 TRUE 4 NA -1.14100034391827 0.571795642230242 TRUE
NA NA NA 2 0 2 TRUE 1 NA -0.241096933957735 0.839632733397666 TRUE
NA NA NA 1 0 1 TRUE 23.3333333333333 TRUE 0.0699964499735829 0.168758950554844 TRUE
NA NA NA 2 0 2 TRUE 4 NA -1.13015121352848 0.586866729037893 TRUE
NA NA NA 2 0 2 TRUE 2 NA -0.962393701919767 0.69284731281123 TRUE
NA NA NA 2 0 2 TRUE 3.33333333333333 NA -1.71106221610035 0.739699669552246 TRUE
NA NA NA 2 0 2 TRUE 1.33333333333333 NA -0.540342030434286 0.791839994397419 TRUE
NA NA NA 2 0 2 TRUE 2 NA -1.30270530829696 0.81007306174632 TRUE
NA NA NA 1 0 1 TRUE 150 TRUE -0.316220226871351 0.0768801034882129 TRUE
NA NA NA 2 0 2 TRUE 1 NA -0.562207764253794 0.893597301886735 TRUE
NA NA NA 1 0 1 TRUE 86.3333333333333 TRUE -0.318161839318431 0.0960146222760538 TRUE
NA NA NA 2 0 2 TRUE 1.33333333333333 NA -0.717720975757135 0.816960157030758 TRUE
NA NA NA 2 0 2 TRUE 1.66666666666667 NA -0.762198350488242 0.769403472462657 TRUE
NA NA NA 2 0 2 TRUE 1.66666666666667 NA -0.403211738274325 0.678384152565744 TRUE
NA NA NA 2 0 2 TRUE 1.66666666666667 NA -0.606471067340555 0.737181621524835 TRUE
NA NA NA 2 0 2 TRUE 2.33333333333333 NA -1.6568328540307 0.812913869781452 TRUE
NA NA NA 2 0 2 TRUE 1.33333333333333 NA -1.11619562766226 0.885293972862844 TRUE
NA NA NA 1 0 1 TRUE 218 TRUE -0.534795022281198 0.0686991403572726 TRUE
NA NA NA 2 0 2 TRUE 3.66666666666667 NA -0.546109371969077 0.476122150031713 TRUE
NA NA NA 2 0 2 TRUE 3 NA -0.891973734277413 0.537646827166295 TRUE
NA NA NA 2 0 2 TRUE 1 NA -0.241096933957735 0.839632733397666 TRUE
NA NA NA 2 0 2 TRUE 1.66666666666667 NA -0.291042858745769 0.635071312603575 TRUE
NA NA NA 2 0 2 TRUE 2.33333333333333 NA -1.0813113833227 0.676046980127205 TRUE
NA NA NA 2 0 2 TRUE 2.66666666666667 NA -1.08886499087859 0.671459630380716 TRUE
NA NA NA 2 0 2 TRUE 1 NA -0.548193045254336 0.913043256701996 TRUE
NA NA NA 1 0 1 TRUE 103.333333333333 TRUE 0.289659586042086 0.0859619651821283 TRUE
NA NA NA 2 0 2 TRUE 1 NA 0.451853588505079 0.752840443568263 TRUE
NA NA NA 2 0 2 TRUE 1.66666666666667 NA -0.376805749677676 0.637395946046168 TRUE
NA NA NA 2 0 2 TRUE 3 NA -1.42461053548826 0.676336557696888 TRUE
NA NA NA 2 0 2 TRUE 1.66666666666667 NA -0.440484126560352 0.660847598013483 TRUE
NA NA NA 2 0 2 TRUE 2 NA 0.332088845478057 0.541968167974502 TRUE
NA NA NA 1 0 1 TRUE 176 TRUE -0.318264533621042 0.0716709035186907 TRUE
NA NA NA 2 0 2 TRUE 1 NA -0.548193045254336 0.913043256701996 TRUE
NA NA NA 2 0 2 TRUE 2.33333333333333 NA -0.0350419228172977 0.502358856934644 TRUE
NA NA NA 2 0 2 TRUE 4 NA -1.0874871658604 0.513366571409496 TRUE
NA NA NA 2 0 2 TRUE 2 NA -0.749954017973494 0.710868620709911 TRUE
NA NA NA 2 0 2 TRUE 1 NA 0.540622230775528 0.743597753915123 TRUE
NA NA NA 2 0 2 TRUE 2.66666666666667 NA -0.493539455676379 0.561843134451429 TRUE
NA NA NA 1 0 1 TRUE 32.3333333333333 TRUE -0.157962869890727 0.15166109286007 TRUE
NA NA NA 2 0 2 TRUE 1.33333333333333 NA -0.784836775615299 0.858393949223868 TRUE
NA NA NA 1 0 1 TRUE 147.333333333333 TRUE -0.315631822877826 0.0755447400693643 TRUE
NA NA NA 2 0 2 TRUE 3 NA -0.181498805194223 0.511307542130059 TRUE
NA NA NA 2 0 2 TRUE 1.33333333333333 NA 0.513340641673078 0.636950978470991 TRUE
NA NA NA 2 0 2 TRUE 1.33333333333333 NA 0.707664883100728 0.6665251511152 TRUE
NA NA NA 2 0 2 TRUE 3.33333333333333 NA -0.356221689013537 0.483488362653287 TRUE
NA NA NA 2 0 2 TRUE 2.66666666666667 NA -0.402126460361806 0.525135561977659 TRUE
NA NA NA 2 0 2 TRUE 2.66666666666667 NA -1.33609970206644 0.695084526534557 TRUE
NA NA NA 2 0 2 TRUE 1 NA 0.309236363141317 0.82581078964016 TRUE
NA NA NA 2 0 2 TRUE 3.66666666666667 NA -0.888847945979439 0.485662663767622 TRUE
NA NA NA 2 0 2 TRUE 1 NA -0.229218961313355 0.849718870549667 TRUE
NA NA NA 2 0 2 TRUE 2.66666666666667 NA -0.625550384794933 0.548203305930525 TRUE
NA NA NA 2 0 2 TRUE 2 NA -0.73677131268375 0.683099895869143 TRUE
NA NA NA 1 0 1 TRUE 307.666666666667 TRUE -0.18229348400544 0.0557629907908478 TRUE
NA NA NA 2 0 2 TRUE 2.66666666666667 NA 0.0944060296186773 0.469085472364836 TRUE
NA NA NA 2 0 2 TRUE 1.66666666666667 NA 0.428034735519053 0.586107837683533 TRUE
NA NA NA 2 0 2 TRUE 2.33333333333333 NA -0.448916178430429 0.67001295016061 TRUE
NA NA NA 2 0 2 TRUE 3.66666666666667 NA -0.400851257227387 0.436407984203553 TRUE
NA NA NA 2 0 2 TRUE 2.66666666666667 NA -0.461696666129339 0.547527891359563 TRUE
NA NA NA 2 0 2 TRUE 1.33333333333333 NA -0.131635763139505 0.692979153643271 TRUE
NA NA NA 2 0 2 TRUE 3 NA -0.687075423822303 0.583919811384453 TRUE
NA NA NA 2 0 2 TRUE 2.33333333333333 NA 0.135180052189069 0.511724538651594 TRUE
NA NA NA 2 0 2 TRUE 2.66666666666667 NA -0.781729366434629 0.617806011908149 TRUE
NA NA NA 2 0 2 TRUE 2.66666666666667 NA 0.151176374563707 0.467023030626211 TRUE
NA NA NA 2 0 2 TRUE 3.33333333333333 NA -1.19823770795788 0.567045634333867 TRUE
NA NA NA 2 0 2 TRUE 5.33333333333333 NA -0.83214417540152 0.403505938328391 TRUE
NA NA NA 2 0 2 TRUE 1.66666666666667 NA -0.198351153017019 0.680127480591906 TRUE
NA NA NA 2 0 2 TRUE 2 NA -0.714199390806403 0.7089407164612 TRUE
NA NA NA 1 0 1 TRUE 184 TRUE -0.1297768103754 0.0690291927446242 TRUE
NA NA NA 2 0 2 TRUE 2.66666666666667 NA -0.239003337619051 0.547938984033736 TRUE
NA NA NA 2 0 2 TRUE 1.33333333333333 NA 0.480742802852909 0.719139214684169 TRUE
NA NA NA 2 0 2 TRUE 1 NA 0.382764846096999 0.788482301068268 TRUE
NA NA NA 1 0 1 TRUE 14 TRUE 0.303313371827447 0.210531354369138 TRUE
NA NA NA 1 0 1 TRUE 92 TRUE -0.341435274373749 0.096362461073518 TRUE
NA NA NA 2 0 2 TRUE 2 NA -0.220967131698931 0.76277377307493 TRUE
NA NA NA 2 0 2 TRUE 2 NA -0.412395855585432 0.580556754232865 TRUE
NA NA NA 2 0 2 TRUE 1.33333333333333 NA -0.611201974385527 0.83408879720542 TRUE
NA NA NA 2 0 2 TRUE 1.33333333333333 NA -0.889925953209608 0.839757583278579 TRUE
NA NA NA 1 0 1 TRUE 149.333333333333 TRUE -0.210980753515272 0.0760908058380516 TRUE
NA NA NA 2 0 2 TRUE 1.33333333333333 NA -0.356241260410563 0.752443623263599 TRUE
NA NA NA 2 0 2 TRUE 2 NA -0.336610989267178 0.60003740240565 TRUE
NA NA NA 2 0 2 TRUE 1.33333333333333 NA 0.272414088862774 0.73512280798377 TRUE
NA NA NA 2 0 2 TRUE 1.66666666666667 NA -0.699069207180755 0.757265359883976 TRUE
NA NA NA 2 0 2 TRUE 1.66666666666667 NA -0.768295231459281 0.818862671489268 TRUE
NA NA NA 2 0 2 TRUE 2.33333333333333 NA -1.00245583861719 0.658266783546048 TRUE
NA NA NA 2 0 2 TRUE 3.66666666666667 NA -1.59814407728255 0.681003281359106 TRUE
NA NA NA 2 0 2 TRUE 3.66666666666667 NA -0.343549138583947 0.435678076558991 TRUE
NA NA NA 2 0 2 TRUE 3.33333333333333 NA -0.302895897313956 0.461511552232838 TRUE
NA NA NA 2 0 2 TRUE 2 NA -0.910904791379939 0.853800223768258 TRUE
NA NA NA 2 0 2 TRUE 1.33333333333333 NA 0.137915066926129 0.754498316961978 TRUE
NA NA NA 1 0 1 TRUE 253 TRUE -0.323545915254294 0.0617139340968732 TRUE
NA NA NA 2 0 2 TRUE 1 NA 0.180386618607538 0.86810530287087 TRUE
NA NA NA 2 0 2 TRUE 1.66666666666667 NA -0.0828620449266644 0.715652209739636 TRUE
NA NA NA 2 0 2 TRUE 2 NA -0.111100490068175 0.572106145782844 TRUE
NA NA NA 2 0 2 TRUE 4.66666666666667 NA -0.551380783540784 0.435010189762507 TRUE
NA NA NA 2 0 2 TRUE 2 NA -0.554420407458374 0.673058839621098 TRUE
NA NA NA 2 0 2 TRUE 3 NA -0.297224021932854 0.489126777660315 TRUE
NA NA NA 2 0 2 TRUE 1.66666666666667 NA 0.555654168159232 0.606241666961355 TRUE
NA NA NA 2 0 2 TRUE 3.66666666666667 NA -1.46779418449793 0.63465465558418 TRUE
NA NA NA 2 0 2 TRUE 1 NA -0.36921265428965 0.863329187112708 TRUE
NA NA NA 1 0 1 TRUE 115 TRUE -0.518890999168331 0.0883958057391588 TRUE
NA NA NA 2 0 2 TRUE 2 NA -0.988518245771616 0.736589997039053 TRUE
NA NA NA 2 0 2 TRUE 1.33333333333333 NA -0.678863144708043 0.79238708770104 TRUE
NA NA NA 2 0 2 TRUE 1.33333333333333 NA 0.119777157044524 0.730294391608834 TRUE
NA NA NA 2 0 2 TRUE 1.66666666666667 NA -1.2929615252081 0.851025891141202 TRUE
NA NA NA 2 0 2 TRUE 4 NA -1.72746595477173 0.64720272886356 TRUE
NA NA NA 2 0 2 TRUE 1.33333333333333 NA 0.42605640681507 0.71001790984262 TRUE
NA NA NA 2 0 2 TRUE 1.33333333333333 NA 0.132708508967703 0.704571329790158 TRUE
NA NA NA 2 0 2 TRUE 1.66666666666667 NA -0.0200558581836159 0.673718122981287 TRUE
NA NA NA 1 0 1 TRUE 195.333333333333 TRUE -0.246254465008113 0.0675846221879594 TRUE
NA NA NA 2 0 2 TRUE 1 NA -0.0834708044648122 0.842443997005847 TRUE
NA NA NA 2 0 2 TRUE 1.66666666666667 NA -0.819312917584728 0.726198450657594 TRUE
NA NA NA 2 0 2 TRUE 1.33333333333333 NA 0.344447726736689 0.6463951865454 TRUE
NA NA NA 2 0 2 TRUE 2 NA -0.0667500359992288 0.62661508291687 TRUE
NA NA NA 2 0 2 TRUE 2 NA -0.122657271869885 0.577175367548073 TRUE
NA NA NA 2 0 2 TRUE 3 NA 0.224265296305117 0.481552094949261 TRUE
NA NA NA 2 0 2 TRUE 1.33333333333333 NA 0.924307053546111 0.602910199545294 TRUE
NA NA NA 2 0 2 TRUE 2 NA -0.200271871526822 0.587794174295537 TRUE
NA NA NA 2 0 2 TRUE 4 NA -1.15829693493096 0.594696023007261 TRUE
NA NA NA 1 0 1 TRUE 17 TRUE 0.265191249124072 0.191366714211759 TRUE
NA NA NA 2 0 2 TRUE 2.33333333333333 NA -0.821212728353547 0.662793623769516 TRUE
NA NA NA 2 0 2 TRUE 2 NA -0.088272463608847 0.609907231530672 TRUE
NA NA NA 1 0 1 TRUE 165.333333333333 TRUE -0.367410691250796 0.0733490660407594 TRUE
NA NA NA 2 0 2 TRUE 1 NA -0.250638060523148 0.849987742175362 TRUE
NA NA NA 2 0 2 TRUE 2.66666666666667 NA -0.716155442918037 0.567483265054272 TRUE
NA NA NA 2 0 2 TRUE 1.33333333333333 NA 0.455134148221609 0.683897681923421 TRUE
NA NA NA 1 0 1 TRUE 173 TRUE -0.385239722147407 0.0726265985475382 TRUE
NA NA NA 2 0 2 TRUE 1.33333333333333 NA -0.540342030434286 0.791839994397419 TRUE
NA NA NA 2 0 2 TRUE 2.66666666666667 NA -1.43680914709747 0.778498413450876 TRUE
NA NA NA 2 0 2 TRUE 1 NA 0.217857907085736 0.782238348913872 TRUE
NA NA NA 2 0 2 TRUE 1 NA 0.422235393185756 0.780603109855803 TRUE
NA NA NA 2 0 2 TRUE 2.66666666666667 NA -0.532225584864312 0.569950169685948 TRUE
NA NA NA 2 0 2 TRUE 1.66666666666667 NA -0.399884139427836 0.733161327865439 TRUE
NA NA NA 2 0 2 TRUE 2.33333333333333 NA -0.26857506346917 0.531905405508506 TRUE
NA NA NA 2 0 2 TRUE 1.66666666666667 NA -0.41507414151681 0.793065040940892 TRUE
NA NA NA 1 0 1 TRUE 202 TRUE -0.439621290729291 0.0692826485245791 TRUE
NA NA NA 2 0 2 TRUE 1.66666666666667 NA -0.0842780807595547 0.710820082768551 TRUE
NA NA NA 2 0 2 TRUE 1 NA -0.780300258595347 0.94907444236088 TRUE
NA NA NA 2 0 2 TRUE 2 NA -0.261276137621973 0.612975241776434 TRUE
NA NA NA 2 0 2 TRUE 1.33333333333333 NA -0.323927741183236 0.716215150273744 TRUE
NA NA NA 1 0 1 TRUE 26 TRUE 0.192596459985805 0.158179851749947 TRUE
NA NA NA 2 0 2 TRUE 2 NA -0.859412031588122 0.750922084998833 TRUE
NA NA NA 2 0 2 TRUE 2.66666666666667 NA -0.875298473867691 0.647966713493693 TRUE
NA NA NA 2 0 2 TRUE 1.66666666666667 NA 0.090182283573363 0.621390121712376 TRUE
NA NA NA 2 0 2 TRUE 1.66666666666667 NA -0.134947845958294 0.66195180278893 TRUE
NA NA NA 2 0 2 TRUE 1.66666666666667 NA -0.807787425838661 0.760918696667363 TRUE
NA NA NA 2 0 2 TRUE 3 NA -1.17529730820855 0.681789456157219 TRUE
NA NA NA 1 0 1 TRUE 202 TRUE -0.054554820042945 0.0660537659810901 TRUE
NA NA NA 2 0 2 TRUE 3.33333333333333 NA -0.659267479488161 0.521249984094404 TRUE
NA NA NA 2 0 2 TRUE 1 NA -0.103680791506262 0.816845200368354 TRUE
NA NA NA 2 0 2 TRUE 2.33333333333333 NA -0.581313618606655 0.67632823328828 TRUE
NA NA NA 2 0 2 TRUE 2.66666666666667 NA -0.669390657753414 0.695481159003198 TRUE
NA NA NA 2 0 2 TRUE 2 NA -0.492898316312769 0.624297817393604 TRUE
NA NA NA 2 0 2 TRUE 2 NA -0.780036143138145 0.671639219835944 TRUE
NA NA NA 2 0 2 TRUE 1.33333333333333 NA -0.356241260410563 0.752443623263599 TRUE
NA NA NA 2 0 2 TRUE 1 NA 0.42136432447883 0.758454490094688 TRUE
NA NA NA 2 0 2 TRUE 3 NA -0.870756698066244 0.602360367351593 TRUE
NA NA NA 2 0 2 TRUE 2.33333333333333 NA 0.00960586866221564 0.559755230814095 TRUE
NA NA NA 1 0 1 TRUE 64.3333333333333 TRUE 0.175029365431604 0.105590012543792 TRUE
NA NA NA 2 0 2 TRUE 1.66666666666667 NA -0.359814573005577 0.673420633099046 TRUE
NA NA NA 1 0 1 TRUE 32.3333333333333 TRUE 0.0876959904245264 0.14425634955587 TRUE
NA NA NA 2 0 2 TRUE 1 NA -0.0834708044648122 0.842443997005847 TRUE
NA NA NA 2 0 2 TRUE 2 NA -0.894215172515553 0.708486956728181 TRUE
NA NA NA 2 0 2 TRUE 1 NA -0.217144319280826 0.838614391077726 TRUE
NA NA NA 2 0 2 TRUE 1.33333333333333 NA -0.209847541138697 0.717957638049885 TRUE
NA NA NA 2 0 2 TRUE 1.33333333333333 NA -0.890280655443461 0.855834421133096 TRUE
NA NA NA 2 0 2 TRUE 1 NA -0.562207764253794 0.893597301886735 TRUE
NA NA NA 1 0 1 TRUE 140.333333333333 TRUE -0.516695526763119 0.0834379484821358 TRUE
NA NA NA 2 0 2 TRUE 1.66666666666667 NA -1.12179614790138 0.830999782205738 TRUE
NA NA NA 2 0 2 TRUE 2 NA -0.74575288899473 0.7109921070827 TRUE
NA NA NA 2 0 2 TRUE 2 NA -0.622885968209255 0.685366029088876 TRUE
NA NA NA 2 0 2 TRUE 1.33333333333333 NA -0.784836775615299 0.858393949223868 TRUE
NA NA NA 2 0 2 TRUE 1 NA -0.395041560162631 0.885147695182701 TRUE
NA NA NA 2 0 2 TRUE 1 NA -0.0203522069641229 0.81606520963161 TRUE
NA NA NA 2 0 2 TRUE 2 NA -0.799235178455759 0.673490186519737 TRUE
NA NA NA 1 0 1 TRUE 150.333333333333 TRUE -0.220860445767923 0.0748103867293126 TRUE
NA NA NA 2 0 2 TRUE 1.33333333333333 NA 0.272414088862774 0.73512280798377 TRUE
NA NA NA 2 0 2 TRUE 1.66666666666667 NA -0.579617857535746 0.732518712855542 TRUE
NA NA NA 2 0 2 TRUE 2 NA 0.0349630966329096 0.542838118011891 TRUE
NA NA NA 2 0 2 TRUE 2 NA 0.736791409340029 0.515900938997888 TRUE
NA NA NA 2 0 2 TRUE 4.66666666666667 NA -0.56883614027473 0.427853076413447 TRUE
NA NA NA 2 0 2 TRUE 1.33333333333333 NA -0.540342030434286 0.791839994397419 TRUE
NA NA NA 2 0 2 TRUE 1.33333333333333 NA 0.0468715084962089 0.686064272636606 TRUE
NA NA NA 2 0 2 TRUE 1.66666666666667 NA -0.0881710071347505 0.698886424625386 TRUE
NA NA NA 2 0 2 TRUE 3.33333333333333 NA -0.99824730564482 0.553976342322023 TRUE
NA NA NA 2 0 2 TRUE 2.66666666666667 NA -0.433223969193215 0.525721755372583 TRUE
NA NA NA 2 0 2 TRUE 1.33333333333333 NA -0.324848375605815 0.728782642474687 TRUE
NA NA NA 2 0 2 TRUE 2.33333333333333 NA -0.094146691603048 0.563311658315232 TRUE
NA NA NA 2 0 2 TRUE 2 NA -0.996792792692873 0.743305132761285 TRUE
NA NA NA 1 0 1 TRUE 225.333333333333 TRUE 0.00564518554407105 0.0609574003162962 TRUE
NA NA NA 2 0 2 TRUE 2 NA -0.988518245771616 0.736589997039053 TRUE
NA NA NA 2 0 2 TRUE 2 NA -0.539630590908159 0.659911190090639 TRUE
NA NA NA 2 0 2 TRUE 2.66666666666667 NA -0.659678773927833 0.57019528610726 TRUE
NA NA NA 2 0 2 TRUE 1.66666666666667 NA -0.211612562731973 0.657154656845144 TRUE
NA NA NA 2 0 2 TRUE 1.66666666666667 NA 0.406028287815696 0.568444781161153 TRUE
NA NA NA 2 0 2 TRUE 1 NA 0.5713077844744 0.763458189804507 TRUE
NA NA NA 1 0 1 TRUE 75 TRUE 0.528764769496307 0.0942016974247338 TRUE
NA NA NA 2 0 2 TRUE 3 NA -0.480061653928955 0.515597907493728 TRUE
NA NA NA 1 0 1 TRUE 27 TRUE -0.0485634371188983 0.158458943859989 TRUE
NA NA NA 2 0 2 TRUE 1.33333333333333 NA -0.564485553805383 0.803030737739413 TRUE
NA NA NA 1 0 1 TRUE 103 TRUE -0.310072076635169 0.0922983447174771 TRUE
NA NA NA 2 0 2 TRUE 1.33333333333333 NA 0.148600159871049 0.763981134997963 TRUE
NA NA NA 2 0 2 TRUE 1.33333333333333 NA 0.296401220400093 0.689925939896875 TRUE
NA NA NA 2 0 2 TRUE 2.66666666666667 NA -0.762573370518897 0.586783274825975 TRUE
NA NA NA 1 0 1 TRUE 154.666666666667 TRUE -0.292559269773752 0.0754299860760493 TRUE
NA NA NA 2 0 2 TRUE 2.33333333333333 NA -0.574025265183183 0.641445605337097 TRUE
NA NA NA 2 0 2 TRUE 1 NA -0.167388419264639 0.882048456297244 TRUE
NA NA NA 1 0 1 TRUE 151.666666666667 TRUE -0.346130513879725 0.0764429557604661 TRUE
NA NA NA 2 0 2 TRUE 1.33333333333333 NA -0.545874532990708 0.793638351418305 TRUE
NA NA NA 2 0 2 TRUE 1.66666666666667 NA 0.235309465525765 0.620180460877164 TRUE
NA NA NA 2 0 2 TRUE 3.33333333333333 NA -1.17598442405965 0.618776124798053 TRUE
NA NA NA 2 0 2 TRUE 2 NA -0.264637368612878 0.586022727972139 TRUE
NA NA NA 2 0 2 TRUE 2.66666666666667 NA -0.347371690500903 0.517703846967811 TRUE
NA NA NA 2 0 2 TRUE 2 NA -0.589308474328143 0.705983489619769 TRUE
NA NA NA 2 0 2 TRUE 1.66666666666667 NA 0.422177050676219 0.618280053646979 TRUE
NA NA NA 1 0 1 TRUE 223.333333333333 TRUE -0.185774567737703 0.0641855322244331 TRUE
NA NA NA 2 0 2 TRUE 2 NA -0.276730608407544 0.609945169223013 TRUE
NA NA NA 2 0 2 TRUE 1.66666666666667 NA 0.45996110408619 0.577150574546219 TRUE
NA NA NA 1 0 1 TRUE 74.6666666666667 TRUE 0.221774504091405 0.0994933618796659 TRUE
NA NA NA 1 0 1 TRUE 76 TRUE -0.26163227358941 0.103563501458468 TRUE
NA NA NA 2 0 2 TRUE 1 NA -0.167388419264639 0.882048456297244 TRUE
NA NA NA 2 0 2 TRUE 4.33333333333333 NA -0.0865720355893308 0.420938528622757 TRUE
NA NA NA 1 0 1 TRUE 148 TRUE -0.234813025004814 0.0768500174989289 TRUE
NA NA NA 1 0 1 TRUE 18 TRUE 0.0244117041228713 0.193194703467968 TRUE
NA NA NA 2 0 2 TRUE 1.66666666666667 NA -0.932155336855785 0.754121875983837 TRUE
NA NA NA 2 0 2 TRUE 2 NA -0.261990675262679 0.653089552851467 TRUE
NA NA NA 2 0 2 TRUE 4 NA -1.67900603047682 0.666398650984916 TRUE
NA NA NA 2 0 2 TRUE 1.33333333333333 NA 0.550834787108824 0.687900058919194 TRUE
NA NA NA 2 0 2 TRUE 3 NA -1.01400872554036 0.574650381965495 TRUE
NA NA NA 2 0 2 TRUE 2 NA -0.299439725847424 0.662638173605276 TRUE
NA NA NA 2 0 2 TRUE 2.33333333333333 NA -0.858392278575361 0.664774665260256 TRUE
NA NA NA 2 0 2 TRUE 2.66666666666667 NA -1.18069402083175 0.719681458005115 TRUE
NA NA NA 2 0 2 TRUE 1 NA 0.363626213382572 0.761984111648593 TRUE
NA NA NA 1 0 1 TRUE 225 TRUE -0.0944132631772374 0.0635389557264456 TRUE
NA NA NA 2 0 2 TRUE 4 NA -0.820140163740721 0.510933740986644 TRUE
NA NA NA 2 0 2 TRUE 1.66666666666667 NA -0.575780538865864 0.746767136861511 TRUE
NA NA NA 2 0 2 TRUE 2 NA -1.01245190624361 0.752332708882012 TRUE
NA NA NA 2 0 2 TRUE 6 NA -0.285812367054099 0.35360183723552 TRUE
NA NA NA 1 0 1 TRUE 153.333333333333 TRUE 0.0105952965557275 0.0728359589212813 TRUE
NA NA NA 2 0 2 TRUE 2.66666666666667 NA -0.480207173757015 0.541270592854365 TRUE
NA NA NA 1 0 1 TRUE 12.6666666666667 TRUE 0.325786268882198 0.222987089154265 TRUE
NA NA NA 1 0 1 TRUE 71.3333333333333 TRUE -0.338027000360878 0.1073524821125 TRUE
NA NA NA 2 0 2 TRUE 2 NA -0.327151674795981 0.598595293523783 TRUE
NA NA NA 2 0 2 TRUE 1.66666666666667 NA 0.151173927280425 0.591546531244461 TRUE
NA NA NA 2 0 2 TRUE 3 NA -0.389500258167191 0.502612173973351 TRUE
NA NA NA 2 0 2 TRUE 2.33333333333333 NA -0.126698827081939 0.592678885259189 TRUE
NA NA NA 1 0 1 TRUE 225.333333333333 TRUE 0.33719694566776 0.0609294943248953 TRUE
NA NA NA 2 0 2 TRUE 2 NA -0.405544438711932 0.605685007133005 TRUE
NA NA NA 2 0 2 TRUE 1 NA -0.229218961313355 0.849718870549667 TRUE
NA NA NA 2 0 2 TRUE 2.66666666666667 NA -0.167872708964491 0.576479643093348 TRUE
NA NA NA 2 0 2 TRUE 1.33333333333333 NA 0.0753350224607041 0.762286055197371 TRUE
NA NA NA 2 0 2 TRUE 2 NA -0.458008442755814 0.619411821548119 TRUE
NA NA NA 2 0 2 TRUE 2 NA -0.938102012903088 0.696750985060075 TRUE
NA NA NA 2 0 2 TRUE 1.66666666666667 NA -0.00479641217957213 0.672557490595763 TRUE
NA NA NA 1 0 1 TRUE 144.333333333333 TRUE 0.327620083077021 0.0723405328804279 TRUE
NA NA NA 2 0 2 TRUE 2 NA -0.637826097812801 0.67762500125771 TRUE
NA NA NA 2 0 2 TRUE 1.33333333333333 NA 0.529276510494883 0.623969685605739 TRUE
NA NA NA 2 0 2 TRUE 1 NA 0.04386892088344 0.842349614050834 TRUE
NA NA NA 1 0 1 TRUE 19.3333333333333 TRUE 0.539570392233942 0.179413726833411 TRUE
NA NA NA 2 0 2 TRUE 1.33333333333333 NA -0.308433954399063 0.72611125804514 TRUE
NA NA NA 2 0 2 TRUE 1.66666666666667 NA -0.160401180632223 0.6799622470734 TRUE
NA NA NA 2 0 2 TRUE 3 NA -0.321839156311111 0.579053023944813 TRUE
NA NA NA 1 0 1 TRUE 123.666666666667 TRUE -0.294059695447615 0.0839475160189195 TRUE
NA NA NA 1 0 1 TRUE 81.3333333333333 TRUE 0.169730154029085 0.0984421924803723 TRUE
NA NA NA 1 0 1 TRUE 132.333333333333 TRUE -0.236500031990921 0.0803433255144841 TRUE
NA NA NA 1 0 1 TRUE 12.6666666666667 TRUE 0.170142189633352 0.224080017118788 TRUE
NA NA NA 2 0 2 TRUE 2.33333333333333 NA -0.458631050512715 0.569176619915444 TRUE
NA NA NA 2 0 2 TRUE 1.66666666666667 NA -0.862324454686923 0.765090461891608 TRUE
NA NA NA 2 0 2 TRUE 3.33333333333333 NA -0.77447287777367 0.539033191005351 TRUE
NA NA NA 2 0 2 TRUE 1.66666666666667 NA -0.454092898725619 0.708073599820215 TRUE
NA NA NA 2 0 2 TRUE 2 NA 0.0284242371806058 0.603956261017902 TRUE
NA NA NA 2 0 2 TRUE 3.66666666666667 NA -0.71178048796433 0.533137415189411 TRUE
NA NA NA 2 0 2 TRUE 2.66666666666667 NA -0.140199837805713 0.545124034641312 TRUE
NA NA NA 1 0 1 TRUE 272.666666666667 TRUE -0.303541402782165 0.0591769299776908 TRUE
NA NA NA 2 0 2 TRUE 1.33333333333333 NA -0.40886962889509 0.754031454903255 TRUE
NA NA NA 2 0 2 TRUE 3 NA -0.729979355454899 0.636050699404335 TRUE
NA NA NA 2 0 2 TRUE 2 NA -0.409178488058691 0.712880272809839 TRUE
NA NA NA 2 0 2 TRUE 3.33333333333333 NA -0.572221975563992 0.505800778532492 TRUE
NA NA NA 2 0 2 TRUE 3.33333333333333 NA -0.306656629293111 0.466466246282266 TRUE
NA NA NA 2 0 2 TRUE 1 NA 0.0395413366973826 0.87264882244344 TRUE
NA NA NA 2 0 2 TRUE 1 NA 0.21825425050003 0.773549046697418 TRUE
NA NA NA 1 0 1 TRUE 266 TRUE -0.266593943218826 0.0600292623820603 TRUE
NA NA NA 1 0 1 TRUE 39 TRUE -0.082631409348186 0.132052105447076 TRUE
NA NA NA 2 0 2 TRUE 1.66666666666667 NA -0.603914485544646 0.723167665948162 TRUE
NA NA NA 1 0 1 TRUE 159.333333333333 TRUE -0.105066265361089 0.0720420195343193 TRUE
NA NA NA 2 0 2 TRUE 1 NA 0.459414524764972 0.754428394143606 TRUE
NA NA NA 2 0 2 TRUE 1.66666666666667 NA -1.06859212310061 0.810637457886185 TRUE
NA NA NA 2 0 2 TRUE 2 NA -0.591141697653272 0.657595041256937 TRUE
NA NA NA 2 0 2 TRUE 1.66666666666667 NA -0.264633482172393 0.642426320192165 TRUE
NA NA NA 2 0 2 TRUE 2.33333333333333 NA -0.629003763119539 0.650962798414587 TRUE
NA NA NA 2 0 2 TRUE 2.33333333333333 NA -0.933663777828227 0.649096222865225 TRUE
NA NA NA 2 0 2 TRUE 1 NA -0.138117797317169 0.839169776049106 TRUE
NA NA NA 1 0 1 TRUE 92 TRUE -0.133110744682484 0.0924160175736798 TRUE
NA NA NA 1 0 1 TRUE 16.6666666666667 TRUE 0.319066285286267 0.187317679703164 TRUE
NA NA NA 1 0 1 TRUE 187 TRUE -0.324839732737653 0.0697888539115881 TRUE
NA NA NA 2 0 2 TRUE 1.66666666666667 NA -0.747022428705167 0.738287848558092 TRUE
NA NA NA 2 0 2 TRUE 1.66666666666667 NA -0.535208198252695 0.67731351014632 TRUE
NA NA NA 2 0 2 TRUE 1 NA -0.0874405755301066 0.877967694227996 TRUE
NA NA NA 2 0 2 TRUE 1 NA -0.780300258595347 0.94907444236088 TRUE
NA NA NA 1 0 1 TRUE 177 TRUE -0.221381281869439 0.0701627348100598 TRUE
NA NA NA 2 0 2 TRUE 2.33333333333333 NA -1.35852193768017 0.786092568449405 TRUE
NA NA NA 1 0 1 TRUE 18.6666666666667 TRUE 0.420623619786405 0.17701666521481 TRUE
NA NA NA 2 0 2 TRUE 2 NA -0.264874295227151 0.628546438236533 TRUE
NA NA NA 1 0 1 TRUE 150.333333333333 TRUE -0.176228082656654 0.075953862209367 TRUE
NA NA NA 1 0 1 TRUE 114.666666666667 TRUE -0.335577458043005 0.0879238684285913 TRUE
NA NA NA 2 0 2 TRUE 2.33333333333333 NA -0.505032863825529 0.595244169881619 TRUE
NA NA NA 2 0 2 TRUE 2.33333333333333 NA -0.207375345719291 0.549214304862778 TRUE
NA NA NA 2 0 2 TRUE 1.66666666666667 NA -0.170316400638675 0.646650042347112 TRUE
NA NA NA 1 0 1 TRUE 164.333333333333 TRUE -0.145531784771307 0.0708541572233799 TRUE
NA NA NA 2 0 2 TRUE 4 NA -0.30868408248928 0.43837023609645 TRUE
NA NA NA 1 0 1 TRUE 54.6666666666667 TRUE -0.103146223742014 0.115295023575204 TRUE
NA NA NA 2 0 2 TRUE 2.66666666666667 NA 0.373496279396484 0.546005812479262 TRUE
NA NA NA 2 0 2 TRUE 3.33333333333333 NA -0.837602259348799 0.52321750589298 TRUE
NA NA NA 2 0 2 TRUE 3.66666666666667 NA -0.734814098433068 0.549494896645841 TRUE
NA NA NA 2 0 2 TRUE 1.66666666666667 NA 0.0577972552576864 0.630340410783307 TRUE
NA NA NA 2 0 2 TRUE 1.66666666666667 NA -0.597333308306231 0.693242159370207 TRUE
NA NA NA 2 0 2 TRUE 2 NA -0.565143225283648 0.661303354626314 TRUE
NA NA NA 1 0 1 TRUE 317.666666666667 TRUE -0.304764382663901 0.0554591513266895 TRUE
NA NA NA 2 0 2 TRUE 2.66666666666667 NA -0.364095524633512 0.579980691225603 TRUE
NA NA NA 2 0 2 TRUE 3.66666666666667 NA -0.206557249906012 0.466168611755653 TRUE
NA NA NA 1 0 1 TRUE 32.3333333333333 TRUE 0.121593734971423 0.141716518619545 TRUE
NA NA NA 1 0 1 TRUE 92 TRUE -0.457087052188635 0.0969871764403328 TRUE
NA NA NA 2 0 2 TRUE 2.33333333333333 NA -0.909323397331967 0.627450328993171 TRUE
NA NA NA 1 0 1 TRUE 194.666666666667 TRUE -0.199294229170752 0.0666076554864787 TRUE
NA NA NA 2 0 2 TRUE 1 NA -0.0893139587290611 0.826123227543696 TRUE
NA NA NA 2 0 2 TRUE 1.66666666666667 NA -0.787953536141683 0.720465851493545 TRUE
NA NA NA 2 0 2 TRUE 2 NA -0.552576340808079 0.722091029037421 TRUE
NA NA NA 2 0 2 TRUE 2 NA -0.342792550136546 0.782240811668408 TRUE
NA NA NA 2 0 2 TRUE 1 NA -0.103680791506262 0.816845200368354 TRUE
NA NA NA 1 0 1 TRUE 73.6666666666667 TRUE 0.288426047849989 0.0991439320178661 TRUE
NA NA NA 2 0 2 TRUE 2 NA 0.304673869779948 0.581545928943548 TRUE
NA NA NA 1 0 1 TRUE 27 TRUE 0.267509333406949 0.154216182692054 TRUE
NA NA NA 2 0 2 TRUE 1.66666666666667 NA -0.537126590809304 0.72612187424037 TRUE
NA NA NA 1 0 1 TRUE 186 TRUE -0.302136635288435 0.0703193994162398 TRUE
NA NA NA 2 0 2 TRUE 2 NA -1.15318183948787 0.798797579279407 TRUE
NA NA NA 1 0 1 TRUE 18.3333333333333 TRUE -0.146627889394937 0.201142652638391 TRUE
NA NA NA 2 0 2 TRUE 1.66666666666667 NA 0.154009556319688 0.771021972782799 TRUE
NA NA NA 2 0 2 TRUE 1.33333333333333 NA -0.308433954399063 0.72611125804514 TRUE
NA NA NA 1 0 1 TRUE 98.6666666666667 TRUE 0.05852003718881 0.0871915530292859 TRUE
NA NA NA 2 0 2 TRUE 1.33333333333333 NA -0.570372422195564 0.755902425203842 TRUE
NA NA NA 2 0 2 TRUE 1.33333333333333 NA 0.544106584089079 0.657436285007633 TRUE
NA NA NA 1 0 1 TRUE 259.333333333333 TRUE 0.27847655823873 0.0574104294582538 TRUE
NA NA NA 2 0 2 TRUE 1.66666666666667 NA -0.540619892864583 0.67288107609012 TRUE
NA NA NA 1 0 1 TRUE 75.6666666666667 TRUE 0.38144400730374 0.0975923494126216 TRUE
NA NA NA 1 0 1 TRUE 149 TRUE -0.298699059728961 0.0777402961325693 TRUE
NA NA NA 2 0 2 TRUE 1.33333333333333 NA 0.431602498194813 0.631925982699787 TRUE
NA NA NA 1 0 1 TRUE 87.6666666666667 TRUE 0.131823375027503 0.0930680743746491 TRUE
NA NA NA 2 0 2 TRUE 2.66666666666667 NA -0.789068141571227 0.668517821910961 TRUE
NA NA NA 1 0 1 TRUE 256 TRUE -0.151021514805876 0.0605187303829766 TRUE
NA NA NA 2 0 2 TRUE 1 NA -0.0203522069641229 0.81606520963161 TRUE
NA NA NA 2 0 2 TRUE 1.66666666666667 NA -0.403211738274325 0.678384152565744 TRUE
NA NA NA 2 0 2 TRUE 2 NA -0.266491693907403 0.639897410560201 TRUE
NA NA NA 2 0 2 TRUE 2 NA 0.0563008754221132 0.550955524612146 TRUE
NA NA NA 1 0 1 TRUE 113.666666666667 TRUE -0.317438414112931 0.0855883711961601 TRUE
NA NA NA 2 0 2 TRUE 2.33333333333333 NA -0.771735895352267 0.688521952052218 TRUE
NA NA NA 1 0 1 TRUE 186.333333333333 TRUE -0.0691153856235494 0.068202259149464 TRUE
NA NA NA 2 0 2 TRUE 2 NA -0.758630019083859 0.707199833446497 TRUE
NA NA NA 2 0 2 TRUE 1.66666666666667 NA -0.78915834893888 0.834748604193509 TRUE
NA NA NA 1 0 1 TRUE 90.6666666666667 TRUE 0.202453205817575 0.0898394233836027 TRUE
NA NA NA 1 0 1 TRUE 17.6666666666667 TRUE 0.117165304375418 0.189804760071576 TRUE
NA NA NA 2 0 2 TRUE 3.33333333333333 NA -0.668453534975525 0.523690796452662 TRUE
NA NA NA 1 0 1 TRUE 183.333333333333 TRUE -0.418942433546935 0.0718613068595991 TRUE
NA NA NA 2 0 2 TRUE 1 NA 0.193991399884533 0.792152927633162 TRUE
NA NA NA 1 0 1 TRUE 230.666666666667 TRUE -0.176887207529584 0.0633438723736326 TRUE
NA NA NA 2 0 2 TRUE 2 NA -0.640845103912133 0.663091362476747 TRUE
NA NA NA 2 0 2 TRUE 2.33333333333333 NA -0.668880332934188 0.702624965942323 TRUE
NA NA NA 2 0 2 TRUE 3.33333333333333 NA -1.01948651397658 0.544297976443361 TRUE
NA NA NA 1 0 1 TRUE 109 TRUE 0.0615948363788819 0.0840799426266552 TRUE
NA NA NA 2 0 2 TRUE 1.66666666666667 NA 0.169943891267704 0.577038161004691 TRUE
NA NA NA 2 0 2 TRUE 1.33333333333333 NA -0.637305814744874 0.870831765036402 TRUE
NA NA NA 1 0 1 TRUE 138.333333333333 TRUE -0.194022418160143 0.0784996950299736 TRUE
NA NA NA 1 0 1 TRUE 96.3333333333333 TRUE -0.286157245658281 0.0910365611926357 TRUE
NA NA NA 1 0 1 TRUE 25.6666666666667 TRUE -0.173970767006004 0.163871258227761 TRUE
NA NA NA 1 0 1 TRUE 108.666666666667 TRUE -0.182597763139796 0.0852070142353198 TRUE
NA NA NA 1 0 1 TRUE 88 TRUE 0.112473454685015 0.0907935859278052 TRUE
NA NA NA 1 0 1 TRUE 214 TRUE -0.176390352349328 0.0652617153942517 TRUE
NA NA NA 1 0 1 TRUE 10.3333333333333 TRUE -0.231020385687693 0.276796747626313 TRUE
NA NA NA 1 0 1 TRUE 138 TRUE -0.0212135460008992 0.0769930423784046 TRUE
NA NA NA 2 0 2 TRUE 2 NA -0.202061125911128 0.609007490743435 TRUE
NA NA NA 1 0 1 TRUE 104.333333333333 TRUE 0.201786788941376 0.0846481447172568 TRUE
NA NA NA 2 0 2 TRUE 2 NA -0.372975654205699 0.724843889807951 TRUE
NA NA NA 1 0 1 TRUE 20 TRUE -0.339402071744082 0.190348955789207 TRUE
NA NA NA 1 0 1 TRUE 82.3333333333333 TRUE -0.155563181341085 0.0965443444613778 TRUE
NA NA NA 2 0 2 TRUE 2.66666666666667 NA -1.12057885173948 0.636740005332001 TRUE
NA NA NA 1 0 1 TRUE 245 TRUE -0.321497658226926 0.0633694796753005 TRUE
NA NA NA 1 0 1 TRUE 28.3333333333333 TRUE -0.814597164087238 0.184974070536798 TRUE
NA NA NA 1 0 1 TRUE 72.6666666666667 TRUE -0.340580630395025 0.106420240112814 TRUE
NA NA NA 2 0 2 TRUE 2 NA -0.301486004835553 0.624454695066692 TRUE
NA NA NA 1 0 1 TRUE 154.333333333333 TRUE -0.0788176267958788 0.0734692070223043 TRUE
NA NA NA 1 0 1 TRUE 27.6666666666667 TRUE -0.294875469319023 0.163883960425941 TRUE
NA NA NA 1 0 1 TRUE 82.3333333333333 TRUE 0.0272674975639802 0.0964156618063045 TRUE
NA NA NA 2 0 2 TRUE 1 NA 0.04386892088344 0.842349614050834 TRUE
NA NA NA 1 0 1 TRUE 112.666666666667 TRUE 0.0273291714353078 0.0813183338325705 TRUE
NA NA NA 1 0 1 TRUE 199.333333333333 TRUE -0.187218738217933 0.0678400806322905 TRUE
NA NA NA 1 0 1 TRUE 133 TRUE -0.0665654086403459 0.0777801555840222 TRUE
NA NA NA 1 0 1 TRUE 25.3333333333333 TRUE 0.178369710061874 0.160334845536682 TRUE
NA NA NA 1 0 1 TRUE 239.333333333333 TRUE 0.045266531586241 0.0619517610991555 TRUE
NA NA NA 1 0 1 TRUE 118 TRUE -0.0936758931503088 0.0818703791792608 TRUE
NA NA NA 1 0 1 TRUE 87.6666666666667 TRUE -0.0322236345113236 0.0923584930151642 TRUE
NA NA NA 1 0 1 TRUE 66.6666666666667 TRUE 0.0503884760945938 0.101105539448309 TRUE
NA NA NA 1 0 1 TRUE 18.6666666666667 TRUE 0.268109542003492 0.186214233133905 TRUE
NA NA NA 1 0 1 TRUE 115.333333333333 TRUE 0.191991345113415 0.0806740475116659 TRUE
NA NA NA 1 0 1 TRUE 197.666666666667 TRUE -0.204633226637246 0.0686595186200055 TRUE
NA NA NA 1 0 1 TRUE 81 TRUE 0.148462722482439 0.0936440400243626 TRUE
NA NA NA 1 0 1 TRUE 138.333333333333 TRUE -0.0448160443468837 0.0763397984844149 TRUE
NA NA NA 1 0 1 TRUE 134.666666666667 TRUE 0.134157619309038 0.0760350279119947 TRUE
NA NA NA 2 0 2 TRUE 2 NA -0.0456080307493565 0.626697481505292 TRUE
NA NA NA 2 0 2 TRUE 1 NA -0.0874405755301066 0.877967694227996 TRUE
NA NA NA 1 0 1 TRUE 136 TRUE -0.133267572576098 0.078034878005566 TRUE
NA NA NA 1 0 1 TRUE 21.6666666666667 TRUE -0.335055371714207 0.185006229076227 TRUE
NA NA NA 1 0 1 TRUE 122 TRUE -0.293981665601527 0.0839812770532418 TRUE
NA NA NA 1 0 1 TRUE 207.333333333333 TRUE -0.332186200201016 0.0669461233261648 TRUE
NA NA NA 2 0 2 TRUE 2 NA -0.81940934453151 0.698670235698043 TRUE
NA NA NA 2 0 2 TRUE 1 NA -0.385951528438659 0.896988466391467 TRUE
NA NA NA 1 0 1 TRUE 183 TRUE -0.134069050903636 0.0686900475776763 TRUE
NA NA NA 1 0 1 TRUE 73.3333333333333 TRUE -0.0379260462643712 0.0996290012118236 TRUE
NA NA NA 2 0 2 TRUE 1.33333333333333 NA -0.564485553805383 0.803030737739413 TRUE
NA NA NA 1 0 1 TRUE 130.333333333333 TRUE -0.173473949107039 0.07959752015033 TRUE
NA NA NA 1 0 1 TRUE 14.6666666666667 TRUE 0.309324718784905 0.201301645946417 TRUE
NA NA NA 1 0 1 TRUE 111 TRUE -0.308228119859579 0.0875199281692489 TRUE
NA NA NA 1 0 1 TRUE 26.3333333333333 TRUE -0.0150924073412645 0.166319819738914 TRUE
NA NA NA 2 0 2 TRUE 1.33333333333333 NA -0.455230227117194 0.832904810598254 TRUE
NA NA NA 1 0 1 TRUE 182 TRUE -0.596883304918645 0.074452612702915 TRUE
NA NA NA 2 0 2 TRUE 1.66666666666667 NA -0.497007173123591 0.758676493737253 TRUE
NA NA NA 2 0 2 TRUE 1.33333333333333 NA 0.141390766759071 0.780066174715407 TRUE
NA NA NA 1 0 1 TRUE 238.666666666667 TRUE -0.302824506094005 0.0636513001380272 TRUE
NA NA NA 2 0 2 TRUE 1.33333333333333 NA -0.721669941734824 0.788601498676107 TRUE
NA NA NA 1 0 1 TRUE 30 TRUE 0.175317788026913 0.144369211773311 TRUE
NA NA NA 1 0 1 TRUE 75 TRUE -0.214717660490426 0.10256702982839 TRUE
NA NA NA 1 0 1 TRUE 11 TRUE 0.51594093724802 0.224306871750863 TRUE
NA NA NA 2 0 2 TRUE 1 NA 0.647033802003257 0.74235518441192 TRUE
NA NA NA 2 0 2 TRUE 2 NA 0.0673408197210475 0.625609755422321 TRUE
NA NA NA 1 0 1 TRUE 112.333333333333 TRUE 0.435304650372213 0.0787950978111809 TRUE
NA NA NA 2 0 2 TRUE 2.66666666666667 NA -0.387419769086932 0.565348425239457 TRUE
NA NA NA 2 0 2 TRUE 1.66666666666667 NA -0.0370918361088891 0.667605591391982 TRUE
NA NA NA 2 0 2 TRUE 1.66666666666667 NA -0.65791956038142 0.691637059179263 TRUE
NA NA NA 2 0 2 TRUE 1 NA 0.710245549736833 0.74877119978739 TRUE
NA NA NA 2 0 2 TRUE 2.33333333333333 NA 0.0371628485613925 0.546393502520766 TRUE
NA NA NA 2 0 2 TRUE 2.33333333333333 NA -0.0782035353284498 0.537834660655165 TRUE
NA NA NA 2 0 2 TRUE 1.66666666666667 NA -0.192426548799686 0.660551713215204 TRUE
NA NA NA 2 0 2 TRUE 2.66666666666667 NA -0.60928709518212 0.54323979454838 TRUE
NA NA NA 2 0 2 TRUE 1.33333333333333 NA -0.0536163380103816 0.70096257628126 TRUE
NA NA NA 2 0 2 TRUE 1.33333333333333 NA 0.0285480558406674 0.758853903090117 TRUE
NA NA NA 2 0 2 TRUE 1.66666666666667 NA -0.1066103904949 0.653777389646114 TRUE
NA NA NA 2 0 2 TRUE 3.33333333333333 NA 0.267108646300719 0.447715756101035 TRUE
NA NA NA 2 0 2 TRUE 2 NA -0.271526022740444 0.670776440505673 TRUE
NA NA NA 1 0 1 TRUE 293.666666666667 TRUE 0.294568420817682 0.0541167371971757 TRUE
NA NA NA 2 0 2 TRUE 2.66666666666667 NA -0.0806217814144189 0.510998373180733 TRUE
NA NA NA 2 0 2 TRUE 1.33333333333333 NA -0.0565630663474763 0.803888721984936 TRUE
NA NA NA 2 0 2 TRUE 1.66666666666667 NA -0.794769533452165 0.849400490990459 TRUE
NA NA NA 1 0 1 TRUE 11.3333333333333 TRUE 0.229144356102805 0.227518089640625 TRUE
NA NA NA 1 0 1 TRUE 114 TRUE 0.0368059171527043 0.081865411347479 TRUE
NA NA NA 2 0 2 TRUE 1.33333333333333 NA -0.717720975757135 0.816960157030758 TRUE
NA NA NA 2 0 2 TRUE 1.66666666666667 NA -0.464616072741236 0.682329164873501 TRUE
NA NA NA 1 0 1 TRUE 190.333333333333 TRUE -0.595626749726929 0.0730193173455323 TRUE
NA NA NA 1 0 1 TRUE 108 TRUE -0.219126407462765 0.0877430390641463 TRUE
NA NA NA 2 0 2 TRUE 1.33333333333333 NA 0.122397916695935 0.716330421264904 TRUE
NA NA NA 2 0 2 TRUE 1.33333333333333 NA -0.0573985669201966 0.811539585297024 TRUE
NA NA NA 2 0 2 TRUE 2 NA -0.261467388136658 0.613104758255848 TRUE
NA NA NA 2 0 2 TRUE 2.33333333333333 NA -0.574025265183183 0.641445605337097 TRUE
NA NA NA 1 0 1 TRUE 214.333333333333 TRUE -0.274516915573361 0.0659186147950725 TRUE
NA NA NA 2 0 2 TRUE 2.33333333333333 NA -0.743967674878242 0.608829121640741 TRUE
NA NA NA 1 0 1 TRUE 26 TRUE -0.417981573642355 0.172456175766541 TRUE
NA NA NA 1 0 1 TRUE 162.666666666667 TRUE -0.29712405028962 0.072973881712773 TRUE
NA NA NA 2 0 2 TRUE 3.66666666666667 NA -1.81523809828393 0.733088145879551 TRUE
NA NA NA 2 0 2 TRUE 1.33333333333333 NA -0.218709172841582 0.765142923024679 TRUE
NA NA NA 1 0 1 TRUE 257.666666666667 TRUE -0.369387312389137 0.0616808016902365 TRUE
NA NA NA 2 0 2 TRUE 2.33333333333333 NA -0.881454821183469 0.654077929558504 TRUE
NA NA NA 2 0 2 TRUE 3.33333333333333 NA -1.06542925004219 0.615684545491218 TRUE
NA NA NA 2 0 2 TRUE 3 NA 0.0493503935943109 0.488891763160726 TRUE
NA NA NA 2 0 2 TRUE 1.66666666666667 NA 0.169727654483796 0.68665273166869 TRUE
NA NA NA 1 0 1 TRUE 54 TRUE -0.132790354658538 0.11677674383184 TRUE
NA NA NA 2 0 2 TRUE 1.66666666666667 NA 0.158700167711479 0.627408775019209 TRUE
NA NA NA 2 0 2 TRUE 1 NA -0.250638060523148 0.849987742175362 TRUE
NA NA NA 2 0 2 TRUE 1.66666666666667 NA -0.376232875640946 0.668191506214368 TRUE
NA NA NA 1 0 1 TRUE 210.666666666667 TRUE -0.139891831810061 0.0652718258634288 TRUE
NA NA NA 2 0 2 TRUE 1 NA -0.548193045254336 0.913043256701996 TRUE
NA NA NA 1 0 1 TRUE 170 TRUE -0.205797832307524 0.0712714464159782 TRUE
NA NA NA 1 0 1 TRUE 249.333333333333 TRUE -0.392581216990876 0.062685702414924 TRUE
NA NA NA 2 0 2 TRUE 1.66666666666667 NA -0.436963856704914 0.747241250268945 TRUE
NA NA NA 2 0 2 TRUE 1.66666666666667 NA 0.503942481634922 0.614542674826823 TRUE
NA NA NA 2 0 2 TRUE 4 NA -1.25642907658404 0.546092810769716 TRUE
NA NA NA 1 0 1 TRUE 174.666666666667 TRUE -0.08670104821941 0.0693188122511844 TRUE
NA NA NA 2 0 2 TRUE 1.66666666666667 NA 0.272695989451956 0.613440592484571 TRUE
NA NA NA 2 0 2 TRUE 1.66666666666667 NA -0.49879536134453 0.734145488758114 TRUE
NA NA NA 1 0 1 TRUE 102.333333333333 TRUE -0.249732525359114 0.0898369384280276 TRUE
NA NA NA 1 0 1 TRUE 115.333333333333 TRUE -0.16889827158436 0.0841128134341591 TRUE
NA NA NA 2 0 1 TRUE 2 NA -1.0307774964219 0.798931690884758 TRUE
NA NA NA 2 0 2 TRUE 2 NA -0.336785887406958 0.600870341381898 TRUE
NA NA NA 2 0 2 TRUE 2.33333333333333 NA -0.0501371631193757 0.553796271141939 TRUE
NA NA NA 2 0 2 TRUE 2 NA -0.446663744390727 0.698617012457003 TRUE
NA NA NA 2 0 2 TRUE 2 NA -0.404515233028616 0.640031102876865 TRUE
NA NA NA 2 0 2 TRUE 1.33333333333333 NA -0.0572700825371575 0.796952139401011 TRUE
NA NA NA 1 0 1 TRUE 313 TRUE -0.0215079234185169 0.0546199878449209 TRUE
NA NA NA 2 0 2 TRUE 1.33333333333333 NA -0.383945164734589 0.745317958319114 TRUE
NA NA NA 2 0 2 TRUE 1.33333333333333 NA -0.1077426556926 0.741696330466192 TRUE
NA NA NA 2 0 2 TRUE 2 NA -0.332053507141528 0.572007464380754 TRUE
NA NA NA 2 0 2 TRUE 2 NA -1.30586425081152 0.876434143464751 TRUE
NA NA NA 2 0 2 TRUE 1.33333333333333 NA -0.856607420133325 0.836616931735844 TRUE
NA NA NA 2 0 2 TRUE 1 NA 0.688035458198883 0.739424256000309 TRUE
NA NA NA 2 0 2 TRUE 1.66666666666667 NA -0.207331338271488 0.684582643008023 TRUE
NA NA NA 2 0 2 TRUE 2.66666666666667 NA -0.96846500254515 0.610048866110942 TRUE
NA NA NA 2 0 2 TRUE 1 NA 0.345280028119568 0.770767963605607 TRUE
NA NA NA 2 0 2 TRUE 4.33333333333333 NA -0.624035547373695 0.484604847709207 TRUE
NA NA NA 2 0 2 TRUE 1.66666666666667 NA -0.281087576669408 0.662311119986365 TRUE
NA NA NA 1 0 1 TRUE 152.333333333333 TRUE -0.123845108717739 0.0753118381524667 TRUE
NA NA NA 2 0 2 TRUE 1.66666666666667 NA -0.0901661379573427 0.683872675217478 TRUE
NA NA NA 2 0 2 TRUE 1 NA 0.540622230775528 0.743597753915123 TRUE
NA NA NA 2 0 2 TRUE 1.33333333333333 NA -0.282556988689459 0.731316476665306 TRUE
NA NA NA 2 0 2 TRUE 2 NA -0.684541371171048 0.663026281661336 TRUE
NA NA NA 1 0 1 TRUE 18.3333333333333 TRUE 0.0514854291748357 0.190362728051002 TRUE
NA NA NA 1 0 1 TRUE 151.666666666667 TRUE -0.33110014525342 0.0773969433351732 TRUE
NA NA NA 2 0 2 TRUE 1.33333333333333 NA 0.0784631128269786 0.765426877400586 TRUE
NA NA NA 2 0 2 TRUE 1.33333333333333 NA 0.00792561440928455 0.716474771634202 TRUE
NA NA NA 1 0 1 TRUE 202 TRUE -0.508863614514175 0.0698434377575912 TRUE
NA NA NA 1 0 1 TRUE 26 TRUE 0.209082742848764 0.159394165729885 TRUE
NA NA NA 2 0 2 TRUE 1.33333333333333 NA -0.131888800735761 0.728170090882958 TRUE
NA NA NA 2 0 2 TRUE 2 NA -0.33538496616745 0.638321668797047 TRUE
NA NA NA 1 0 1 TRUE 138.333333333333 TRUE 0.38644098073033 0.0733421143493989 TRUE
NA NA NA 2 0 2 TRUE 1.33333333333333 NA 0.223318549694283 0.673044738908827 TRUE
NA NA NA 2 0 2 TRUE 1 NA -0.229218961313355 0.849718870549667 TRUE
NA NA NA 2 0 2 TRUE 1 NA 1.26844630296507 0.696536576133002 TRUE
NA NA NA 2 0 2 TRUE 4.66666666666667 NA -0.395004684436764 0.400352059010114 TRUE
NA NA NA 2 0 2 TRUE 3.33333333333333 NA -0.8407157490043 0.543639908065264 TRUE
NA NA NA 2 0 2 TRUE 1.66666666666667 NA -0.28674817939301 0.638623208267536 TRUE
NA NA NA 2 0 2 TRUE 1.66666666666667 NA 0.770107150657101 0.562450316016937 TRUE
NA NA NA 1 0 1 TRUE 242.666666666667 TRUE 0.0547879993974104 0.0588899527515999 TRUE
NA NA NA 2 0 2 TRUE 3 NA -1.33147655979869 0.641556926320401 TRUE
NA NA NA 2 0 2 TRUE 3.33333333333333 NA -1.79278037752253 0.830569347458964 TRUE
NA NA NA 2 0 2 TRUE 2 NA -0.0175447869940139 0.620702708854067 TRUE
NA NA NA 2 0 2 TRUE 2 NA 0.61631101740979 0.509994858600507 TRUE
NA NA NA 2 0 2 TRUE 1.33333333333333 NA -0.266246960764017 0.727509968442555 TRUE
NA NA NA 2 0 2 TRUE 2 NA -0.628001570031097 0.667446079102218 TRUE
NA NA NA 2 0 2 TRUE 1.66666666666667 NA 0.145947426280144 0.596106900331015 TRUE
NA NA NA 2 0 2 TRUE 2.66666666666667 NA -0.549582483866024 0.561458579419064 TRUE
NA NA NA 1 0 1 TRUE 38 TRUE -0.0133964204805266 0.134182340645685 TRUE
NA NA NA 2 0 2 TRUE 1.66666666666667 NA -0.794769533452165 0.849400490990459 TRUE
NA NA NA 2 0 2 TRUE 1.66666666666667 NA -0.432340459849571 0.708411975971286 TRUE
NA NA NA 2 0 2 TRUE 2 NA 0.268104967187924 0.559450832994903 TRUE
NA NA NA 1 0 1 TRUE 198.333333333333 TRUE -0.257093116139468 0.0686359588263038 TRUE
NA NA NA 2 0 2 TRUE 2.66666666666667 NA -1.03997646739948 0.656496634568027 TRUE
NA NA NA 2 0 2 TRUE 2 NA 0.151568840425982 0.54813040749601 TRUE
NA NA NA 2 0 2 TRUE 3 NA -1.93008239837175 0.802900029532165 TRUE
NA NA NA 2 0 2 TRUE 1 NA 0.725814233619599 0.730694751140701 TRUE
NA NA NA 2 0 2 TRUE 2 NA -0.702777563500798 0.651955416893799 TRUE
NA NA NA 1 0 1 TRUE 106.333333333333 TRUE 0.168226421207927 0.0829557078485134 TRUE
NA NA NA 2 0 2 TRUE 2.33333333333333 NA -0.332207059460287 0.594648036601766 TRUE
NA NA NA 2 0 2 TRUE 1.33333333333333 NA -0.173476614190366 0.7452580282562 TRUE
NA NA NA 1 0 1 TRUE 22.3333333333333 TRUE 0.132201797543115 0.170365085509629 TRUE
NA NA NA 2 0 2 TRUE 2.33333333333333 NA -0.829168691085083 0.671801258246898 TRUE
NA NA NA 2 0 2 TRUE 1.66666666666667 NA -0.430628470018302 0.789270466980328 TRUE
NA NA NA 2 0 2 TRUE 1.33333333333333 NA 0.0252900242367209 0.71308175462505 TRUE
NA NA NA 1 0 1 TRUE 183.333333333333 TRUE -0.326656043747133 0.0706592855137274 TRUE
NA NA NA 2 0 2 TRUE 2 NA -0.888619775006165 0.785275989531441 TRUE
NA NA NA 2 0 2 TRUE 1 NA -0.395041560162631 0.885147695182701 TRUE
NA NA NA 2 0 2 TRUE 1 NA 0.144409462652291 0.802839846742614 TRUE
NA NA NA 2 0 2 TRUE 2 NA -0.261990675262679 0.653089552851467 TRUE
NA NA NA 1 0 1 TRUE 110.333333333333 TRUE -0.0288121061492392 0.0839074331203078 TRUE
NA NA NA 2 0 2 TRUE 2 NA -1.22170991058745 0.784082163908515 TRUE
NA NA NA 1 0 1 TRUE 146 TRUE -0.229613110289517 0.076976933164812 TRUE
NA NA NA 2 0 2 TRUE 1.66666666666667 NA 0.112624708148543 0.627350794799943 TRUE
NA NA NA 2 0 2 TRUE 1.66666666666667 NA -0.649498509330005 0.704317889861929 TRUE
NA NA NA 2 0 2 TRUE 1.33333333333333 NA -0.889925953209608 0.839757583278579 TRUE
NA NA NA 1 0 1 TRUE 131.333333333333 TRUE -0.139479719378446 0.0796601362396744 TRUE
NA NA NA 2 0 2 TRUE 2 NA -0.80885771041362 0.668259451769149 TRUE
NA NA NA 1 0 1 TRUE 19 TRUE 0.390030609724708 0.184205677493025 TRUE
NA NA NA 1 0 1 TRUE 112.333333333333 TRUE -0.138825832633669 0.0841044984883299 TRUE
NA NA NA 2 0 2 TRUE 2 NA -1.02336041264 0.76300613539806 TRUE
NA NA NA 1 0 1 TRUE 103 TRUE -0.140771164581888 0.088320615355025 TRUE
NA NA NA 2 0 2 TRUE 1.33333333333333 NA 0.184771972406314 0.782902685521587 TRUE
NA NA NA 2 0 2 TRUE 1.66666666666667 NA -0.334472413050988 0.692727172170563 TRUE
NA NA NA 2 0 2 TRUE 1 NA -0.562207764253794 0.893597301886735 TRUE
NA NA NA 1 0 1 TRUE 136.333333333333 TRUE -0.346451592813407 0.0809498099640114 TRUE
NA NA NA 2 0 2 TRUE 2 NA -0.8933000292402 0.65670153295086 TRUE
NA NA NA 2 0 2 TRUE 2.66666666666667 NA 0.0418562856354131 0.71406517628434 TRUE
NA NA NA 2 0 2 TRUE 2.33333333333333 NA -0.980361826951166 0.804163479686039 TRUE
NA NA NA 1 0 1 TRUE 134 TRUE -0.0931171431687621 0.0777417161641926 TRUE
NA NA NA 2 0 2 TRUE 3 NA -0.703448880350456 0.535132212486548 TRUE
NA NA NA 2 0 2 TRUE 1.66666666666667 NA -0.862324454686923 0.765090461891608 TRUE
NA NA NA 2 0 2 TRUE 2.33333333333333 NA -0.743426860916346 0.664168406415558 TRUE
NA NA NA 1 0 1 TRUE 33.3333333333333 TRUE -0.179841010616425 0.145692784399329 TRUE
NA NA NA 2 0 2 TRUE 2.33333333333333 NA -0.678065529949273 0.610656893610653 TRUE
NA NA NA 2 0 2 TRUE 1.33333333333333 NA -0.219334042330152 0.712240136591955 TRUE
NA NA NA 1 0 1 TRUE 249 TRUE -0.348682220657665 0.0633335678333821 TRUE
NA NA NA 2 0 2 TRUE 1.33333333333333 NA 0.524785842625463 0.693051226494439 TRUE
NA NA NA 2 0 2 TRUE 2 NA -0.43911997771639 0.679033138211296 TRUE
NA NA NA 2 0 2 TRUE 1.66666666666667 NA -0.245352770351434 0.697564285173098 TRUE
NA NA NA 2 0 2 TRUE 1.66666666666667 NA -0.0970769351675717 0.670573081095363 TRUE
NA NA NA 2 0 2 TRUE 2.33333333333333 NA -0.507663285768497 0.674820349545092 TRUE
NA NA NA 2 0 2 TRUE 1.66666666666667 NA -0.543060125382648 0.708803642921792 TRUE
NA NA NA 2 0 2 TRUE 1.33333333333333 NA -0.448990086681353 0.784982166189453 TRUE
NA NA NA 2 0 2 TRUE 1.33333333333333 NA 0.0543895672688649 0.734595854188632 TRUE
NA NA NA 1 0 1 TRUE 110 TRUE -0.0588037875090917 0.0852409745322146 TRUE
NA NA NA 2 0 2 TRUE 2.66666666666667 NA -0.891061263593794 0.624857116560255 TRUE
NA NA NA 2 0 2 TRUE 1 NA 0.309236363141317 0.82581078964016 TRUE
NA NA NA 2 0 2 TRUE 4.33333333333333 NA -0.856076896763318 0.454917353479892 TRUE
NA NA NA 2 0 2 TRUE 2.33333333333333 NA 0.362539291497782 0.495817375598746 TRUE
NA NA NA 2 0 2 TRUE 1.66666666666667 NA -0.11530594818384 0.629213513950178 TRUE
NA NA NA 2 0 2 TRUE 1.33333333333333 NA 0.135839462487037 0.714360233032576 TRUE
NA NA NA 2 0 2 TRUE 1.33333333333333 NA -0.176523311165569 0.751730564224888 TRUE
NA NA NA 2 0 2 TRUE 2.33333333333333 NA 0.0251126190299998 0.526471083191544 TRUE
NA NA NA 1 0 1 TRUE 240.333333333333 TRUE -0.228913811264708 0.062737465723229 TRUE
NA NA NA 2 0 2 TRUE 2 NA -0.112347005444664 0.572942900808216 TRUE
NA NA NA 2 0 2 TRUE 1 NA 0.478842358071824 0.763069865595331 TRUE
NA NA NA 2 0 2 TRUE 2 NA -0.437091587843329 0.634826537223136 TRUE
NA NA NA 2 0 2 TRUE 2.66666666666667 NA -1.03694527483907 0.605186549475372 TRUE
NA NA NA 2 0 2 TRUE 1.66666666666667 NA -1.03350515681303 0.807517861003347 TRUE
NA NA NA 2 0 2 TRUE 2 NA -0.480856965361181 0.641044074937588 TRUE
NA NA NA 1 0 1 TRUE 44.3333333333333 TRUE -0.0382762941885875 0.127478463446094 TRUE
NA NA NA 2 0 2 TRUE 1.66666666666667 NA -0.494103792924337 0.755950940692526 TRUE
NA NA NA 2 0 2 TRUE 2.66666666666667 NA -0.465145515572053 0.559214461864147 TRUE
NA NA NA 2 0 2 TRUE 3.33333333333333 NA -0.665447467350008 0.535258770782892 TRUE
NA NA NA 2 0 2 TRUE 2.33333333333333 NA -0.235302568708319 0.544185010357725 TRUE
NA NA NA 2 0 2 TRUE 2.33333333333333 NA -0.427783256846603 0.699681386317539 TRUE
NA NA NA 2 0 2 TRUE 1.33333333333333 NA -0.423070920521188 0.857141440229662 TRUE
NA NA NA 2 0 2 TRUE 4.66666666666667 NA -1.03958688976799 0.475593988595549 TRUE
NA NA NA 2 0 2 TRUE 1.33333333333333 NA 0.267222622827937 0.658810000636684 TRUE
NA NA NA 2 0 2 TRUE 2 NA -0.85899012403837 0.76287637197621 TRUE
NA NA NA 2 0 2 TRUE 2.33333333333333 NA -1.04779219162327 0.745577080956092 TRUE
NA NA NA 1 0 1 TRUE 357.333333333333 TRUE -0.331161961553249 0.0536263841476938 TRUE
NA NA NA 2 0 2 TRUE 1 NA 0.519384268146398 0.744238398463808 TRUE
NA NA NA 2 0 2 TRUE 2.33333333333333 NA -0.406168280344376 0.679763784343713 TRUE
NA NA NA 2 0 2 TRUE 2 NA -0.702777563500798 0.651955416893799 TRUE
NA NA NA 2 0 2 TRUE 2 NA -1.05740477979857 0.728408009083632 TRUE
NA NA NA 2 0 2 TRUE 3.33333333333333 NA -1.57936280543587 0.690020292714152 TRUE
NA NA NA 2 0 2 TRUE 3.33333333333333 NA -0.765320298337624 0.511307065045455 TRUE
NA NA NA 2 0 2 TRUE 1 NA 0.792937646940277 0.724596820870587 TRUE
NA NA NA 2 0 2 TRUE 2.66666666666667 NA -0.710930304252172 0.620944674861827 TRUE
NA NA NA 2 0 2 TRUE 3.33333333333333 NA -0.162264478595767 0.523798340933507 TRUE
NA NA NA 2 0 2 TRUE 1.33333333333333 NA -0.106500313996938 0.737097157447359 TRUE
NA NA NA 2 0 2 TRUE 3.33333333333333 NA -0.606345959138927 0.496638906534461 TRUE
NA NA NA 2 0 2 TRUE 3.33333333333333 NA -0.512284305194265 0.546081926249105 TRUE
NA NA NA 1 0 1 TRUE 70.6666666666667 TRUE -0.209068758111387 0.104848462964118 TRUE
NA NA NA 2 0 2 TRUE 2.33333333333333 NA -0.6843355487824 0.683408713602103 TRUE
NA NA NA 2 0 2 TRUE 1.33333333333333 NA -0.0477078263640017 0.753538785897454 TRUE
NA NA NA 1 0 1 TRUE 170 TRUE -0.204649112610714 0.0723838429565738 TRUE
NA NA NA 2 0 2 TRUE 2.33333333333333 NA -1.37465405021042 0.755233875913626 TRUE
NA NA NA 2 0 2 TRUE 1.66666666666667 NA 0.132529460349943 0.630689796698645 TRUE
NA NA NA 2 0 2 TRUE 1.33333333333333 NA -0.637305814744874 0.870831765036402 TRUE
NA NA NA 2 0 2 TRUE 3 NA -1.36517162047652 0.693152617812098 TRUE
NA NA NA 2 0 2 TRUE 2.33333333333333 NA 0.0077266576930927 0.553952935772656 TRUE
NA NA NA 2 0 2 TRUE 2.66666666666667 NA -0.884956019276714 0.615766323318028 TRUE
NA NA NA 2 0 2 TRUE 1.66666666666667 NA -0.655186764234693 0.780293546893806 TRUE
NA NA NA 1 0 1 TRUE 209.666666666667 TRUE -0.310366740741915 0.0674182297088748 TRUE
NA NA NA 2 0 2 TRUE 2 NA -1.11672682243398 0.788397901285774 TRUE
NA NA NA 2 0 2 TRUE 2 NA 0.000891166318370044 0.557167507550998 TRUE
NA NA NA 2 0 2 TRUE 1.33333333333333 NA 0.540087366747816 0.654934151603893 TRUE
NA NA NA 2 0 2 TRUE 1.66666666666667 NA -0.477108496311148 0.668389991041601 TRUE
NA NA NA 1 0 1 TRUE 126.333333333333 TRUE -0.24191986087189 0.0817015561053222 TRUE
NA NA NA 2 0 2 TRUE 2.66666666666667 NA -0.321051404039993 0.531480788233217 TRUE
NA NA NA 1 0 1 TRUE 28 TRUE -0.317620539964916 0.164934803786784 TRUE
NA NA NA 2 0 2 TRUE 2 NA -0.759107302178995 0.680579328793315 TRUE
NA NA NA 2 0 2 TRUE 3.33333333333333 NA -0.366659651324141 0.539026365836877 TRUE
NA NA NA 2 0 2 TRUE 2.66666666666667 NA -1.24445909161621 0.768671075389319 TRUE
NA NA NA 2 0 2 TRUE 1.33333333333333 NA 0.331170003194481 0.665567543273392 TRUE
NA NA NA 1 0 1 TRUE 173 TRUE -0.372348407139839 0.0722733397295172 TRUE
NA NA NA 2 0 2 TRUE 1 NA 0.263739764236209 0.780674318312073 TRUE
NA NA NA 1 0 1 TRUE 40.6666666666667 TRUE -0.169286193287489 0.132451594285537 TRUE
NA NA NA 2 0 2 TRUE 1.66666666666667 NA 0.270155744994906 0.630798018333053 TRUE
NA NA NA 2 0 2 TRUE 1.66666666666667 NA -0.393849578173735 0.722988305803551 TRUE
NA NA NA 1 0 1 TRUE 110.666666666667 TRUE -0.0799139231574496 0.0861437941274834 TRUE
NA NA NA 2 0 2 TRUE 1.33333333333333 NA -0.333309010069668 0.772803180997593 TRUE
NA NA NA 2 0 2 TRUE 2 NA -0.677974820325051 0.669548453577134 TRUE
NA NA NA 1 0 1 TRUE 27.6666666666667 TRUE -0.0511134411130031 0.157334544062573 TRUE
NA NA NA 2 0 2 TRUE 1 NA -0.103680791506262 0.816845200368354 TRUE
NA NA NA 2 0 2 TRUE 2 NA -0.44625751040605 0.623136508115832 TRUE
NA NA NA 2 0 2 TRUE 1.33333333333333 NA -0.324848375605815 0.728782642474687 TRUE
NA NA NA 2 0 2 TRUE 2.66666666666667 NA -1.24613655638951 0.683833534544684 TRUE
NA NA NA 1 0 1 TRUE 166 TRUE -0.25271003212269 0.0732651673779582 TRUE
NA NA NA 2 0 2 TRUE 1.66666666666667 NA -0.216373123005418 0.637274221049402 TRUE
NA NA NA 2 0 2 TRUE 1 NA -0.385951528438659 0.896988466391467 TRUE
NA NA NA 2 0 2 TRUE 3.33333333333333 NA -1.19430444609901 0.60977192386335 TRUE
NA NA NA 2 0 2 TRUE 2.33333333333333 NA -0.367774622746838 0.55502672068464 TRUE
NA NA NA 1 0 1 TRUE 140.333333333333 TRUE -0.357950101797818 0.0790552815771569 TRUE
NA NA NA 2 0 2 TRUE 1.33333333333333 NA -1.11619562766226 0.885293972862844 TRUE
NA NA NA 2 0 2 TRUE 2 NA -0.34248490683606 0.581388666530229 TRUE
NA NA NA 1 0 1 TRUE 22.3333333333333 TRUE 0.0727298620485202 0.167953255745689 TRUE
NA NA NA 2 0 2 TRUE 1.33333333333333 NA -0.769354275310304 0.845008206526031 TRUE
NA NA NA 2 0 2 TRUE 1.33333333333333 NA -0.209847541138697 0.717957638049885 TRUE
NA NA NA 2 0 2 TRUE 1.33333333333333 NA -0.29004380630659 0.762442539580995 TRUE
NA NA NA 2 0 2 TRUE 1.66666666666667 NA -0.439859323211201 0.840384732696351 TRUE
NA NA NA 1 0 1 TRUE 133.333333333333 TRUE -0.210040650003171 0.0794482339787424 TRUE
NA NA NA 2 0 2 TRUE 1.33333333333333 NA -0.856607420133325 0.836616931735844 TRUE
NA NA NA 2 0 2 TRUE 1.33333333333333 NA -1.11619562766226 0.885293972862844 TRUE
NA NA NA 2 0 2 TRUE 2.33333333333333 NA -0.904214279216106 0.719427700503491 TRUE
NA NA NA 1 0 1 TRUE 21 TRUE -0.119889787553987 0.181053846890495 TRUE
NA NA NA 2 0 2 TRUE 2 NA -1.27948456777685 0.803075645415643 TRUE
NA NA NA 2 0 2 TRUE 1.66666666666667 NA -0.624591686603552 0.741972105760135 TRUE
NA NA NA 2 0 2 TRUE 1.33333333333333 NA -0.517583804068264 0.862506920547603 TRUE
NA NA NA 2 0 2 TRUE 2.66666666666667 NA -0.693486328330092 0.593737616554427 TRUE
NA NA NA 2 0 2 TRUE 1 NA -0.780300258595347 0.94907444236088 TRUE
NA NA NA 2 0 2 TRUE 2 NA -0.74575288899473 0.7109921070827 TRUE
NA NA NA 1 0 1 TRUE 217 TRUE -0.372192109169371 0.0663042934574597 TRUE
NA NA NA 2 0 2 TRUE 1.66666666666667 NA -0.975333653381593 0.743937420211289 TRUE
NA NA NA 2 0 2 TRUE 2 NA -0.20629965584567 0.560058926721821 TRUE
NA NA NA 2 0 2 TRUE 2.33333333333333 NA -0.728509915316417 0.648509559755949 TRUE
NA NA NA 2 0 2 TRUE 1.66666666666667 NA 0.05519357565237 0.729721564732365 TRUE
NA NA NA 2 0 2 TRUE 1 NA -0.14180699060076 0.857663585129312 TRUE
NA NA NA 1 0 1 TRUE 133 TRUE -0.183094948917267 0.0783521470509678 TRUE
NA NA NA 2 0 2 TRUE 1.66666666666667 NA -0.185839057314745 0.751344366297342 TRUE
NA NA NA 2 0 2 TRUE 1 NA -0.0893139587290611 0.826123227543696 TRUE
NA NA NA 2 0 2 TRUE 2 NA -0.065514707090614 0.563978400267326 TRUE
NA NA NA 2 0 2 TRUE 2.33333333333333 NA -0.179281407616757 0.571083226357222 TRUE
NA NA NA 2 0 2 TRUE 1.66666666666667 NA -0.46984138763593 0.656635744189997 TRUE
NA NA NA 2 0 2 TRUE 1.66666666666667 NA -0.609938010237219 0.803800795058165 TRUE
NA NA NA 2 0 2 TRUE 4.33333333333333 NA -0.827683085861806 0.460235452491075 TRUE
NA NA NA 2 0 2 TRUE 2.33333333333333 NA -0.477225403349133 0.668708993789698 TRUE
NA NA NA 2 0 2 TRUE 1.33333333333333 NA -0.456642711896052 0.798943585870971 TRUE
NA NA NA 2 0 2 TRUE 1.33333333333333 NA 0.184452412208679 0.69841925253346 TRUE
NA NA NA 1 0 1 TRUE 187.333333333333 TRUE -0.210882028563947 0.0682204361602431 TRUE
NA NA NA 2 0 2 TRUE 2.33333333333333 NA -0.00275695328221766 0.533488028009211 TRUE
NA NA NA 2 0 2 TRUE 1.33333333333333 NA -0.423070920521188 0.857141440229662 TRUE
NA NA NA 2 0 2 TRUE 1.33333333333333 NA -0.856607420133325 0.836616931735844 TRUE
NA NA NA 1 0 1 TRUE 148.333333333333 TRUE -0.0626372107777953 0.0746288452809002 TRUE
NA NA NA 2 0 2 TRUE 2.66666666666667 NA -0.67572508352495 0.585306661427595 TRUE
NA NA NA 2 0 2 TRUE 1.66666666666667 NA -0.858234640403095 0.811908380319641 TRUE
NA NA NA 2 0 2 TRUE 1.66666666666667 NA -0.770617954071944 0.807428124815228 TRUE
NA NA NA 2 0 2 TRUE 2.33333333333333 NA -0.680083663395509 0.68687781763754 TRUE
NA NA NA 2 0 2 TRUE 2 NA -0.595198711352876 0.737087816492953 TRUE
NA NA NA 2 0 2 TRUE 1.66666666666667 NA -0.115368204814155 0.624242417415072 TRUE
NA NA NA 1 0 1 TRUE 111 TRUE -0.184595235867634 0.0866162650551233 TRUE
NA NA NA 2 0 2 TRUE 3 NA -0.14658871076147 0.456678718323051 TRUE
NA NA NA 2 0 2 TRUE 1.33333333333333 NA -0.721669941734824 0.788601498676107 TRUE
NA NA NA 1 0 1 TRUE 14 TRUE -0.102087325508276 0.222582751962181 TRUE
NA NA NA 2 0 2 TRUE 1.33333333333333 NA 0.379999034334172 0.728604450867229 TRUE
NA NA NA 2 0 2 TRUE 1 NA 0.319803407313984 0.765048479872765 TRUE
NA NA NA 1 0 1 TRUE 103.333333333333 TRUE 0.0552157873211657 0.0857067669783689 TRUE
NA NA NA 2 0 2 TRUE 1.33333333333333 NA -0.583803776609131 0.803257668652058 TRUE
NA NA NA 2 0 2 TRUE 3 NA -0.134032048844404 0.504875106565553 TRUE
NA NA NA 2 0 2 TRUE 2 NA -1.11072913522365 0.723253802314211 TRUE
NA NA NA 2 0 2 TRUE 1 NA 0.0188353194935516 0.83490011629824 TRUE
NA NA NA 2 0 2 TRUE 1.33333333333333 NA -0.518722338888773 0.771053455499255 TRUE
NA NA NA 2 0 2 TRUE 1 NA 0.319803407313984 0.765048479872765 TRUE
NA NA NA 2 0 2 TRUE 1.33333333333333 NA -0.395406294298138 0.745347603820718 TRUE
NA NA NA 2 0 2 TRUE 2.33333333333333 NA -0.187024107639364 0.573671726103142 TRUE
NA NA NA 2 0 2 TRUE 1 NA -0.385951528438659 0.896988466391467 TRUE
NA NA NA 2 0 2 TRUE 1.66666666666667 NA -0.850756211576146 0.77296922814205 TRUE
NA NA NA 1 0 1 TRUE 212.333333333333 TRUE -0.199076255913789 0.0657193223458159 TRUE
NA NA NA 2 0 2 TRUE 2.33333333333333 NA -0.376348434074406 0.620936839291558 TRUE
NA NA NA 2 0 2 TRUE 2.66666666666667 NA -0.848303313268078 0.61513240949312 TRUE
NA NA NA 2 0 2 TRUE 2 NA -0.976070450595947 0.755617510399268 TRUE
NA NA NA 2 0 2 TRUE 1.33333333333333 NA -0.461539892565085 0.810228792645742 TRUE
NA NA NA 1 0 1 TRUE 13.6666666666667 TRUE 0.503121175053908 0.211672029634521 TRUE
NA NA NA 2 0 2 TRUE 1.33333333333333 NA -0.456642711896052 0.798943585870971 TRUE
NA NA NA 2 0 2 TRUE 1.66666666666667 NA -0.903408478245634 0.770650338978811 TRUE
NA NA NA 1 0 1 TRUE 129.666666666667 TRUE -0.181413963707613 0.0805090892469498 TRUE
NA NA NA 2 0 2 TRUE 2.33333333333333 NA -1.49585275086083 0.851986694999106 TRUE
NA NA NA 2 0 2 TRUE 1 NA 0.476961063634564 0.777521620914943 TRUE
