par value lower upper
10A_s_ddg 0.400167112779187 -0.00107563990492032 0.751254521377781
10C_s_ddg 0.358419530823832 -0.418988302501626 0.960283659849993
10E_s_ddg -0.157262292778276 -0.483272029334113 0.118592099692048
10F_s_ddg 0.362072725231407 -0.766422516692645 1.08932521447135
10G_s_ddg 1.39136027960369 1.19073890326164 1.59198165594574
10H_s_ddg 0.170384791445418 -1.48474156337652 1.07318098498466
10I_s_ddg 0.0804407203574922 -1.17344288178034 0.908003897768463
10K_s_ddg 0.272285947170689 -0.179112149598932 0.64845102781204
10L_s_ddg 0.684081121524919 0.307916040883568 1.03516853012351
10M_s_ddg 0.451093802924537 -0.251081014272651 1.02788025990794
10N_s_ddg 0.256722962243896 -0.671150903338102 0.808431747184544
10P_s_ddg 1.61370037933586 0.936603234181429 2.74219562125991
10Q_s_ddg 0.156540997392206 -0.395167787548442 0.607939094161827
10R_s_ddg 0.620603639251411 0.394904590866601 0.846302687636221
10S_s_ddg 0.407032523107654 -0.144676261832994 0.858430619877275
10T_s_ddg 0.198776609928692 -0.503398207268496 0.75048539486934
10V_s_ddg 0.0612425589169888 -0.239689505596092 0.337096951387313
10W_s_ddg 0.710603027789022 0.409670963275941 1.0115350923021
10Y_s_ddg 0.166708270417384 -0.761165595164614 0.793650071486302
11A_s_ddg 0.10090994403667 -0.952352281759112 0.727851745105588
11C_s_ddg 1.11359218140431 -0.391068141161093 2.49286414375593
11D_s_ddg 1.91297020839055 0.960018670765795 5.72477635888957
11E_s_ddg 1.80441998348329 0.675924741559238 5.61622613398231
11F_s_ddg 2.65136357684716 0.921004205896947 6.46316972734618
11G_s_ddg -0.161587166241233 -0.663140607096367 0.239655586442874
11H_s_ddg 1.48092202659952 1.10475694595817 1.85708710724087
11I_s_ddg 2.0458381211702 0.491022454519284 5.85764427166922
11K_s_ddg 0.899536158199441 -0.203881411681854 1.87756536786695
11L_s_ddg 1.87133413990496 1.47009138722085 2.32273223667458
11M_s_ddg 1.82013090516023 0.541169630979638 5.63193705565925
11N_s_ddg 1.24863736234568 0.245530480635412 2.52759863652627
11Q_s_ddg 1.26932264472133 0.391604123224845 2.29750719847435
11R_s_ddg 1.13534535998326 0.683947263213639 1.58674345675288
11S_s_ddg 0.632747941544898 0.231505188860791 1.00891302218625
11T_s_ddg 0.610118603456578 0.00825447443041705 1.08659437226896
11V_s_ddg 1.43980873996218 0.712556250722235 2.54322630984348
11W_s_ddg 2.50325226545821 1.27444633536313 6.31505841595723
11Y_s_ddg 2.8947674918146 0.562543991838226 6.70657364231362
12A_s_ddg 0.324719633594085 -0.452688199731373 0.876428418534733
12C_s_ddg 0.274902359783848 -3.53690379071517 1.47863061783617
12D_s_ddg 0.434368154602942 -1.74738931311689 2.03933916533937
12E_s_ddg 0.146809826340122 -0.881374727412903 0.748673955366283
12F_s_ddg 1.27937296084272 -1.15316122730468 5.09117911134174
12G_s_ddg 0.625645929552947 0.174247832783326 1.02688868223705
12H_s_ddg 0.679362576814722 0.328275168216128 0.980294641327802
12I_s_ddg 0.577846657280776 -3.23395949321824 4.38965280777979
12K_s_ddg 0.16177134915067 -0.415015107832734 0.638247117963047
12L_s_ddg 0.470578666947895 0.194724274477571 0.721355387375462
12M_s_ddg 0.389595887177278 -1.7670839084998 1.36762509684479
12N_s_ddg 0.234035207003503 -3.57777094349552 4.04584135750252
12P_s_ddg 1.84357182014644 1.04108631477823 4.42657204055038
12R_s_ddg 0.250572344753933 -0.225903424058444 0.65181509743804
12S_s_ddg 0.276953070183116 -1.00200820399748 1.1546715916796
12T_s_ddg -0.00399853796763041 -3.81580468846665 1.30004040825572
12V_s_ddg 0.335786758933472 -0.742553138905066 1.06303924817342
12W_s_ddg 1.26328841862526 0.661424289599099 1.96546323582245
12Y_s_ddg 1.22704595767284 -0.97978918208975 5.03885210817186
13A_s_ddg 0.503980952180499 -0.398815241358742 1.10584508120666
13C_s_ddg 0.39272577287301 -3.41908037762601 1.47106567071155
13D_s_ddg 0.297913963666951 -0.178561805145426 0.674079044308302
13F_s_ddg 0.677958703702902 -3.13384744679612 4.48976485420192
13G_s_ddg 0.320153583556818 -0.256632873426586 0.796629352369195
13H_s_ddg -0.235913646606068 -4.04771979710509 2.34708657379787
13I_s_ddg 0.756357220309193 -3.05544893018983 4.56816337080821
13K_s_ddg -0.210338766801677 -1.26360099259746 0.391525362224484
13L_s_ddg 0.652656499902469 -0.525994086107096 1.45514200527068
13M_s_ddg 0.40113398138031 -3.41067216911871 1.60486223943263
13N_s_ddg -0.281074177945171 -4.09288032844419 1.44928519300504
13P_s_ddg 2.00945674323904 -0.724009509421441 5.82126289373806
13Q_s_ddg 1.76344242467764 0.559714166625318 2.84178232251618
13R_s_ddg -0.0654691260685679 -1.69551780884775 0.78717172338516
13S_s_ddg 0.152391498763408 -1.32719115175924 0.929799332088866
13T_s_ddg 0.253222662620835 -2.27962221369759 1.28140721637386
13V_s_ddg 0.718979592561135 0.317736839877028 1.09514467320249
13W_s_ddg 0.971217836829784 0.143654659418813 1.69847032606973
13Y_s_ddg 0.220461157860928 -3.59134499263809 2.45237396966627
14A_s_ddg 0.295600327902028 -2.03662317207435 1.24855186552678
14C_s_ddg 0.881320044344473 -2.93048610615455 4.69312619484349
14E_s_ddg -0.133073915802434 -0.910481749127892 0.3684795250527
14G_s_ddg 0.877168358996809 0.400692590184432 1.30348878372367
14H_s_ddg 0.560632263188014 -3.25117388731101 1.66404983306931
14I_s_ddg 0.861285561430992 -2.95052058906803 4.67309171193001
14K_s_ddg 0.252390276316601 -3.55941587418242 1.50627387845444
14L_s_ddg 0.946304820574473 -2.53949159336871 2.60143117539642
14M_s_ddg 0.734610490009409 -3.07719566048961 2.49004753300238
14N_s_ddg 0.593256898638078 -0.886325751884568 1.27035404379251
14P_s_ddg 0.244012789902086 -3.56779336059693 1.57312940816819
14Q_s_ddg 0.458788277130271 -3.35301787336875 2.49007971259356
14R_s_ddg 0.545760956865299 -0.90874402161459 1.44855715040454
14S_s_ddg 0.595202207051219 -2.36396309399407 1.72369744897527
14T_s_ddg 0.525136434082171 -3.28666971641685 1.52824331579244
14V_s_ddg 0.434554223861432 0.108544487305595 0.710408616331756
14W_s_ddg 1.52666565692098 -1.43249964412431 5.33847180742
14Y_s_ddg 0.52264077146054 -0.254767061864918 1.04927188435843
15A_s_ddg 1.01611419659435 0.238706363268892 1.74336668583429
15C_s_ddg 0.332119819498872 -3.47968633100015 4.14392596999789
15D_s_ddg 0.486436281651037 -3.32536986884798 2.09140729238747
15E_s_ddg 0.793422508847231 0.141403035735557 1.29497594970237
15F_s_ddg 1.1301367888387 -0.62530025415427 4.94194293933772
15H_s_ddg 0.244531309982035 -3.56727484051698 4.0312597884383
15I_s_ddg 1.21870113374453 -2.59310501675449 5.03050728424355
15K_s_ddg 0.802404515440195 -0.702255807125208 1.80551139715046
15L_s_ddg 1.67142317476069 0.969248357563502 3.35162720162539
15M_s_ddg 1.39709257177257 0.118131297591978 5.20889872227159
15N_s_ddg 0.364580940019861 -3.44722521047916 1.99462962279905
15P_s_ddg 2.60064202238655 -0.0325135421029041 6.41244817288557
15Q_s_ddg 0.88259505449486 -2.92921109600416 4.69440120499388
15R_s_ddg 1.24197587422203 0.715344761324139 1.79368465916268
15S_s_ddg 0.752153490315317 -0.677273816121815 1.78033804406834
15T_s_ddg 0.499621650987722 -2.66016502639962 1.57796154882626
15V_s_ddg 2.06321936930392 1.41119989619225 2.9409378908004
15W_s_ddg 0.434150236276739 -0.819733365861096 1.23663574164495
15Y_s_ddg 0.640075594793718 -3.1717305557053 4.45188174529274
16A_s_ddg 0.46414517685966 -0.162796624209258 0.965698617714794
16C_s_ddg 0.213357060896432 -1.09068188532692 1.11615325443567
16D_s_ddg 1.3199514867945 0.542543653469042 2.12243699216271
16F_s_ddg -0.386919072544996 -4.19872522304401 1.44375098657624
16G_s_ddg 0.539526916084111 0.263672523613787 0.815381308554435
16H_s_ddg -0.463326563059102 -4.27513271355812 0.58993566273668
16I_s_ddg 0.367719635101467 -3.44408651539755 1.72191392541033
16K_s_ddg 0.0403127803912893 -1.16341547766103 0.842798285759504
16L_s_ddg -0.383461265682916 -1.13579142696562 0.293635879471515
16M_s_ddg -0.920563242924337 -4.73236939342336 0.483786391470039
16N_s_ddg 0.642752058826945 -0.711442231481917 1.4201598921524
16P_s_ddg 2.67439501104612 1.44558908095104 6.48620116154514
16Q_s_ddg -0.633996064939263 -4.44580221543828 0.795431241497869
16R_s_ddg 0.199284176033786 -0.377502280949618 0.650682272803407
16S_s_ddg 0.811275405220402 0.284644292322511 1.28775117403278
16T_s_ddg 0.626100488682736 -0.402084065070289 1.37843064996544
16V_s_ddg 0.554786064774929 0.0783102959625516 0.956028817459036
16W_s_ddg -0.418433054025684 -1.59708364003525 0.484363139513557
16Y_s_ddg -0.526726039500389 -4.33853218999941 1.35409936370636
17A_s_ddg 2.74713229945873 0.816151552166464 6.55893844995775
17C_s_ddg 3.01635603835431 0.132423753437289 6.82816218885333
17D_s_ddg 3.80056096320315 0.640774285815805 7.61236711370217
17E_s_ddg 3.58098153439564 1.02305898603446 7.39278768489466
17F_s_ddg 0.87515169378938 -2.93665445670964 2.70582175291062
17G_s_ddg 2.68815772526223 1.60981782742369 6.49996387576125
17H_s_ddg 3.34844133062554 0.790518782264356 7.16024748112456
17I_s_ddg 0.739866797015593 -3.07193935348343 4.55167294751461
17K_s_ddg 2.98756616361093 1.25720679266072 6.79937231410995
17M_s_ddg 1.18732663166825 0.735928534898629 1.61364705639511
17N_s_ddg 2.33829631915378 0.808558324545621 6.1501024696528
17P_s_ddg 2.51328857927179 1.88634677820287 4.19349260613649
17Q_s_ddg 2.78512284854804 1.98263734317983 6.59692899904706
17R_s_ddg 2.82857561070095 1.82546872899068 6.64038176119997
17S_s_ddg 3.2017209261654 1.44628388317243 7.01352707666442
17T_s_ddg 3.69939205477366 0.965925802113179 7.51119820527268
17V_s_ddg 1.62494025322902 1.24877517258767 2.05126067795588
17W_s_ddg 2.19233487169768 1.16415031794466 6.0041410221967
17Y_s_ddg 3.52321269923911 -0.288593451259909 7.33501884973813
18A_s_ddg -0.0730387243594014 -0.549514493171779 0.328204028324706
18C_s_ddg 0.287152541899142 -0.189323226913235 0.688395294583249
18D_s_ddg 1.09030545973045 0.764295723174613 1.41631519628629
18E_s_ddg 0.242845156942784 -0.584718020468187 0.794553941883432
18F_s_ddg 0.104028886182687 -1.47586445251099 1.03190275176469
18H_s_ddg 0.220429191650444 -2.26226034058247 1.62477882604482
18I_s_ddg 1.19508510121801 0.141822875422228 2.4740463753986
18K_s_ddg -0.0216879979571722 -1.87743572912117 0.881108195582069
18L_s_ddg 0.772189279663943 0.370946526979836 1.14835436030529
18M_s_ddg 0.258320717594004 -1.09587357271486 1.03572855091946
18N_s_ddg 0.715178308238104 -1.19072476701141 1.9941395824187
18P_s_ddg 0.403602648928122 -3.4082035015709 1.4568648747239
18Q_s_ddg 0.256095523781546 -3.55571062671747 1.18396938936354
18R_s_ddg 0.184887712155267 -0.166199696443327 0.510897448711104
18S_s_ddg 0.012471626166729 -0.413848798560135 0.363559034765323
18T_s_ddg 0.231567726940258 -3.58023842355876 1.20959693660777
18V_s_ddg 0.776333349254941 0.525556628827374 1.02711006968251
18W_s_ddg 0.0576003335888905 -0.268409402966947 0.358532398101971
18Y_s_ddg 0.263230442386006 -0.438944374811182 0.965405259583194
19A_s_ddg 1.99992112017199 1.54852302340237 2.72717360941193
19C_s_ddg 2.42843653700407 1.45040732733656 6.24024268750309
19D_s_ddg 2.97715892547065 1.497576274948 6.78896507596967
19E_s_ddg 2.66794072632717 1.68991151665966 6.47974687682619
19G_s_ddg 2.74344147468982 2.14157734566366 6.55524762518884
19H_s_ddg 2.75944207426428 1.5306361441692 6.5712482247633
19I_s_ddg 1.63081290066707 1.27972549206848 1.98190030926566
19K_s_ddg 2.60147962104082 1.64852808341607 6.41328577153984
19L_s_ddg 1.38063007945093 1.15493103106612 1.60632912783574
19M_s_ddg 1.89198621262571 1.26504441155679 3.97343299217452
19N_s_ddg 2.81924026410973 1.54027898992914 6.63104641460875
19P_s_ddg 3.38394127355559 1.37772751013505 7.19574742405461
19Q_s_ddg 3.05825496932601 1.60374999084612 6.87006111982503
19R_s_ddg 2.73033224729121 1.927846741923 6.54213839779023
19S_s_ddg 2.6121356213314 1.96011614821973 6.42394177183042
19T_s_ddg 2.85999835041206 1.60611474827422 6.67180450091108
19V_s_ddg 2.35204118376923 1.75017705474307 6.16384733426825
19W_s_ddg 2.72290132332001 1.87026047386628 6.53470747381903
19Y_s_ddg 2.33032782862171 1.72846369959555 3.50897841463128
1A_s_ddg 0.326706334865537 -0.124691761904084 0.677793743464131
1C_s_ddg 0.119494435079527 -0.582680382117661 0.646125547977418
1D_s_ddg 0.154485186953264 -1.42540815174041 1.03220370844975
1E_s_ddg 0.141232820575777 -0.360320620279357 0.592630917345398
1F_s_ddg -0.147887256295874 -0.774829057364792 0.403821528644774
1G_s_ddg 0.315576537950519 -0.0605885426908316 0.641586274506356
1H_s_ddg 0.13759782338536 -1.04105276262421 0.915005656710818
1I_s_ddg 0.132227328749678 -0.143627063720646 0.383004049177245
1K_s_ddg 0.0964053099724052 -0.354992786797216 0.497648062656513
1L_s_ddg -0.00675011640982853 -1.0098569981201 0.720502372830116
1M_s_ddg 0.00609070182995568 -0.219608346554855 0.231789750214766
1N_s_ddg 0.0751230359634839 -0.827673157575758 0.777297853160672
1P_s_ddg 0.212412728712737 -2.44582050781947 0.989820562038195
1Q_s_ddg 0.170310352586662 -0.456631448482256 0.696941465484553
1R_s_ddg 0.403890954431743 0.128036561961419 0.65466767485931
1S_s_ddg 0.0297779646086731 -0.296231771947164 0.305632357078997
1V_s_ddg 0.106215718521969 -0.244871690076625 0.407147783035049
1W_s_ddg 0.530965603304533 0.179878194705939 0.85697533986037
1Y_s_ddg 0.152567113413011 -0.549607703784177 0.729353570396415
20A_s_ddg 0.617163424982283 0.291153688426446 0.94317316153812
20C_s_ddg 0.832834278567044 0.506824542011207 1.15884401512288
20D_s_ddg 1.33815548844761 0.635980671250422 2.29110702607236
20E_s_ddg 0.595659460043568 0.244572051444974 0.921669196599405
20F_s_ddg 1.09016952999073 0.513383073007326 1.66695598697413
20G_s_ddg 1.07055717931162 0.92009114705508 1.24610088361092
20H_s_ddg 0.189972840476761 -0.311580600378373 0.566137921118112
20I_s_ddg 1.16397714314224 0.461802325945052 1.89122963238218
20K_s_ddg -0.375557846064003 -0.877111286919137 0.050762578662861
20L_s_ddg 0.941000525005214 0.690223804577647 1.19177724543278
20M_s_ddg 0.715254939427153 0.213701498572019 1.16665303619677
20N_s_ddg 0.648366306332854 -0.00365316677882044 1.2000750912735
20P_s_ddg 2.15997185576354 1.40764169448084 5.97177800626256
20Q_s_ddg 0.341640033829252 -0.159913407025882 0.767960458556116
20S_s_ddg 0.357611835165789 0.0817574426954652 0.608388555593356
20T_s_ddg 0.775522394308206 0.273968953453072 1.22692049107783
20V_s_ddg 0.823593632180313 0.547739239709989 1.09944802465064
20W_s_ddg 1.54530758652199 1.16914250588064 2.02178335533437
20Y_s_ddg 1.24466533771618 0.567568192561749 2.04715084308439
21A_s_ddg -0.208499479594173 -0.53450921615001 0.0673549128761508
21C_s_ddg 0.808181536116218 0.381861111389354 1.20942428880033
21D_s_ddg 1.81039095291703 0.807284071206762 5.62219710341605
21E_s_ddg 0.0158398176419919 -0.260014574828332 0.266616538069559
21F_s_ddg 1.63827235448163 1.01133055341271 2.84200061253395
21G_s_ddg 1.26871338583545 1.11824735357891 1.44425709013475
21H_s_ddg 0.812400159944152 -0.291017409937143 1.58980799326961
21I_s_ddg 1.00494660595021 0.277694116710265 1.73219909519015
21K_s_ddg -0.463196305297402 -0.764128369810482 -0.212419584869835
21L_s_ddg 1.24686868703482 1.04624731069277 1.47256773541963
21M_s_ddg 0.520277686161527 0.169190277562933 0.846287422717364
21N_s_ddg 1.33091003244945 0.628735215252262 2.25878389803145
21P_s_ddg 2.04002177581379 1.58862367904417 2.59173056075444
21Q_s_ddg 0.118293203102103 -0.157561189368221 0.36906992352967
21S_s_ddg 0.454132782178829 0.128123045622992 0.755064846691909
21T_s_ddg 0.425885925967611 -0.000434498759252999 0.802051006608962
21V_s_ddg 0.271354915671721 0.0456558672869106 0.471976292013775
21W_s_ddg 1.97628858878408 1.72551186835651 2.27722065329716
21Y_s_ddg 1.52665010832875 0.824475291131562 2.80561138250934
22A_s_ddg 1.96002262369627 1.48354685488389 2.68727511293621
22C_s_ddg 2.37114558265178 1.24265034072773 6.1829517331508
22D_s_ddg 1.42265109116199 0.519854897622749 3.05269977394118
22E_s_ddg 1.67895460385115 1.35294486729531 2.03004201244974
22F_s_ddg 1.7039927221234 0.901507216755185 5.51579887262242
22H_s_ddg 1.82897479138462 0.299236796776461 5.64078094188364
22I_s_ddg 3.53426001298511 0.625250056025332 7.34606616348413
22K_s_ddg 2.17235161189634 0.617535945245424 5.98415776239536
22L_s_ddg 2.09565158993608 1.56902047703819 3.52507889637321
22M_s_ddg 2.42136054595353 0.941777895430884 6.23316669645255
22N_s_ddg 1.65099379652902 0.848508291160805 4.5600037534888
22P_s_ddg 2.28670285653205 1.23344063073627 6.09850900703107
22Q_s_ddg 2.25234871858833 0.572144691723631 6.06415486908735
22R_s_ddg 1.90314960125256 1.60221753673948 2.2291593378084
22S_s_ddg 2.22626087363663 1.5491637284822 6.03806702413565
22T_s_ddg 2.69472594093628 1.4659200108412 6.5065320914353
22V_s_ddg 2.34101656461611 1.78930777967546 3.56982249471119
22W_s_ddg 2.18553861090579 1.45828612166585 5.99734476140481
22Y_s_ddg 1.7919021585709 0.713562260732362 5.60370830906992
23A_s_ddg 1.7420829722944 1.26560720348202 2.41918011744883
23C_s_ddg 2.71444392151254 1.31009428711816 6.52625007201156
23E_s_ddg 0.489397701344999 0.238620980917432 0.715096749729809
23F_s_ddg 2.64301762195065 1.21359031551352 6.45482377244967
23G_s_ddg 2.52417240530165 1.99754129240376 3.67774531926846
23H_s_ddg 1.71651195798608 1.01433714078889 2.51899746335429
23I_s_ddg 3.55202540056702 1.16964655650513 7.36383155106604
23K_s_ddg 3.19111814263696 1.63630247598604 7.00292429313598
23L_s_ddg 2.80101427746081 1.72267437962227 6.61282042795983
23M_s_ddg 1.94578859543176 1.31884679436284 3.85169167068127
23N_s_ddg 1.35556227567495 0.954319522990843 1.75680502835906
23P_s_ddg 3.59143423947928 1.40967677175945 7.4032403899783
23Q_s_ddg 1.39857611569717 0.671323626457226 2.47691601353571
23R_s_ddg 2.96789823884794 1.86448066896664 6.77970438934696
23S_s_ddg 2.11507345774297 1.26243260828924 5.92687960824199
23T_s_ddg 1.85734890128393 1.25548477225777 3.23662086363555
23V_s_ddg 2.13431833619984 1.73307558351573 2.63587177705497
23W_s_ddg 1.56499893166232 1.1136008348927 2.14178538864572
23Y_s_ddg 1.71535224618293 1.2137988053278 2.24198335908082
24A_s_ddg 1.34654095670096 0.0675796825203681 5.15834710719998
24C_s_ddg 0.599139937871263 -0.579510648138302 1.25115941098294
24D_s_ddg 1.75177808263364 -2.06002806786538 5.56358423313266
24E_s_ddg 0.741712478337142 -3.07009367216188 2.42191650520184
24G_s_ddg 2.15368328999752 1.40135312871482 5.96548944049654
24H_s_ddg 0.213975138774955 -3.59783101172406 4.02578128927397
24I_s_ddg -0.529707851958999 -1.05633896485689 -0.153542771317648
24K_s_ddg -0.0533881019666346 -3.86519425246565 1.3760392044705
24L_s_ddg -0.0551559757585659 -0.456398728442673 0.270853760797271
24M_s_ddg -0.110359892876388 -3.92216604337541 1.19367905334696
24N_s_ddg 1.13141222484757 -2.68039392565145 4.94321837534659
24P_s_ddg 2.06703576662359 -1.74477038387543 5.87884191712261
24Q_s_ddg 0.608237476489825 -3.20356867400919 4.42004362698884
24R_s_ddg -0.199680057938481 -2.08050546114523 0.70311613560076
24S_s_ddg 0.786239649626966 0.359919224900102 1.16240473026832
24T_s_ddg 0.297760679303578 -3.51404547119544 2.00304237821103
24V_s_ddg -0.129181493139429 -1.08213303076418 0.522837979972245
24W_s_ddg 0.159755826640227 -2.44832206580647 1.33840641264979
24Y_s_ddg 0.202720789278594 -0.14836661932 0.503652853791674
25A_s_ddg 2.75023285301438 1.42111623474827 6.5620390035134
25C_s_ddg 2.65065504605224 0.243198529947596 6.46246119655126
25D_s_ddg 2.73511596130211 0.779057541967087 6.54692211180113
25E_s_ddg 1.78169743744765 0.778590555737382 5.59350358794667
25F_s_ddg 2.40507134713772 1.82828489015432 3.4583335729335
25G_s_ddg 2.287451879251 1.66051007818208 6.09925802975002
25H_s_ddg 3.48410829843144 -0.327697852067579 7.29591444893046
25K_s_ddg 3.59111763681856 0.907806728243592 7.40292378731758
25L_s_ddg 1.61484374444333 1.16344564767371 2.16655252938398
25M_s_ddg 2.33182922303152 1.67980974991985 3.33493610474179
25N_s_ddg 2.8719257227041 2.14467323346416 6.68373187320312
25P_s_ddg 2.44888995478957 1.16992868060898 6.26069610528859
25Q_s_ddg 3.25486606643753 0.97279791054667 7.06667221693655
25R_s_ddg 2.69266630989769 1.53909339593088 6.50447246039671
25S_s_ddg 2.83079823141942 1.52675928519607 6.64260438191844
25T_s_ddg 2.67562982136797 1.99853267621354 6.48743597186699
25V_s_ddg 0.989777409223531 0.588534656539424 1.36594248986488
25W_s_ddg 2.32992702883551 0.850344378312864 6.14173317933453
25Y_s_ddg 2.72833653687754 -0.155595748039481 6.54014268737656
26A_s_ddg 0.322141973582209 -3.48966417691681 1.47571488754902
26C_s_ddg 0.277082613114519 -3.5347235373845 1.73158759159441
26D_s_ddg 0.300171410293737 -3.51163474020528 1.27820061996125
26E_s_ddg -0.651453199708979 -4.463259350208 1.10398384328399
26F_s_ddg -0.174796638460325 -3.98660278895934 1.75618410883194
26G_s_ddg 1.16547151416997 0.588685057186566 1.81749098728164
26I_s_ddg 0.472004126103832 -3.33980202439519 4.28381027660285
26K_s_ddg -0.147986125522458 -3.95979227602148 1.88330530994084
26L_s_ddg -0.258338222075514 -0.784969334973405 0.142904530608593
26M_s_ddg 0.00338036684004704 -3.80842578365897 1.20710862489237
26N_s_ddg 0.361183830986328 -0.34099098621086 0.837659599798705
26P_s_ddg 2.54515618149637 1.19096189118751 6.35696233199539
26Q_s_ddg -0.182471852822118 -0.658947621634495 0.168615555776476
26R_s_ddg -0.090502990757311 -0.742522463868985 0.385972778055066
26S_s_ddg 0.433260925067257 -3.37854522543176 1.81253288741888
26T_s_ddg 0.348977227500338 -3.46282892299868 2.2799579747926
26V_s_ddg 0.0824617778716498 -2.02406267371991 0.884947283239864
26W_s_ddg 0.28743791069444 -3.52436823980458 1.56639918487503
26Y_s_ddg 0.139285271538494 -1.76661780371102 0.816382416692925
27A_s_ddg 2.10510737818618 1.60355393733105 2.80728219538337
27C_s_ddg 1.99106959370713 0.787341335654808 5.80287574420615
27D_s_ddg 2.64383982552141 1.99182035240974 5.35222840613913
27E_s_ddg 2.85636661359809 1.32662861898993 6.66817276409711
27F_s_ddg 1.85289598520788 0.874866775540368 3.55817768411534
27G_s_ddg 2.81441863248177 2.08716614324183 6.62622478298079
27H_s_ddg 3.24106853651691 0.231747891386105 7.05287468701593
27I_s_ddg 0.479324615707724 -0.0222288251474101 0.880567368391831
27K_s_ddg 2.78331104035557 1.07802934144811 6.59511719085459
27L_s_ddg 0.439899905850379 -0.588284647902646 1.04176403487654
27M_s_ddg 1.69288389420468 0.112990555511008 5.5046900447037
27N_s_ddg 3.12162666654527 0.789403166568897 6.93343281704429
27P_s_ddg 2.97291642425132 -0.838889726247699 6.78472257475034
27Q_s_ddg 2.62683521564375 -0.131708709059488 6.43864136614277
27R_s_ddg 2.62553798964094 1.19611068320381 6.43734414013996
27S_s_ddg 2.91453247034568 1.56033818003682 6.7263386208447
27T_s_ddg 3.05881225958033 0.902132463903254 6.87061841007935
27W_s_ddg 1.79334709150216 0.740084865706378 5.60515324200118
27Y_s_ddg 2.57317422203737 0.0654070177616997 6.38498037253639
28A_s_ddg 1.31430007570206 1.03844568323174 1.61523214021514
28C_s_ddg 0.992399379793929 0.490845938938795 1.49395282064906
28D_s_ddg 1.32142822973129 0.694486428662372 2.09883606305675
28E_s_ddg 0.303708075344935 0.0780090269601246 0.504329451686989
28F_s_ddg 0.639326790443552 -0.213314059010176 1.26626859151247
28G_s_ddg 2.1523731980086 1.87651880553828 2.50346060660719
28H_s_ddg 0.821504282928275 -0.532690007380587 1.92492185280957
28I_s_ddg -0.0959289839569455 -0.497171736641053 0.255158424641648
28K_s_ddg 0.597920303158559 0.422376598859262 0.773464007457856
28L_s_ddg -0.451874702274418 -0.652496078616472 -0.251253325932364
28N_s_ddg 1.32780504645581 0.751018589472406 1.97982451956748
28P_s_ddg 2.88539989106868 1.60643861688809 6.6972060415677
28Q_s_ddg 0.511119628263462 0.210187563750382 0.812051692776542
28R_s_ddg 1.06951919901301 0.91905316675647 1.24506290331231
28S_s_ddg 0.694446254774559 0.393514190261479 0.99537831928764
28T_s_ddg 0.033608023153447 -0.29240171340239 0.309462415623771
28V_s_ddg 0.0575871195735345 -0.0928789126830057 0.208053151830075
28W_s_ddg 0.76877777876394 0.54307873037913 0.99447682714875
28Y_s_ddg 1.44495676288842 0.818014961819502 2.27251994029939
29A_s_ddg 1.68648466106804 1.00938751591361 2.51404783847901
29C_s_ddg 1.44978589836495 -0.0548744242004524 5.26159204886397
29E_s_ddg 0.457892198769857 0.0566494460857497 0.808979607368451
29F_s_ddg 2.51312514138326 -0.395884815576518 6.32493129188228
29G_s_ddg 1.80305496011818 1.47704522356234 2.17922004075953
29H_s_ddg 1.63668957344216 0.758971051945675 2.46425275085313
29I_s_ddg 2.9504055864768 -0.861400564022219 6.76221173697582
29K_s_ddg 2.26927377593969 1.04046784584461 6.08107992643871
29L_s_ddg 2.98445646491655 1.52995148643666 6.79626261541557
29M_s_ddg 2.53922540715951 1.18503111685065 6.35103155765853
29N_s_ddg 1.06918927355348 0.567635832698346 1.5205873703231
29P_s_ddg 3.22356578690669 -0.412696659293033 7.03537193740571
29Q_s_ddg 1.34320107177073 -0.362080627136726 5.15500722226975
29R_s_ddg 2.66096574477482 1.50739283080801 6.47277189527384
29S_s_ddg 1.67417076718489 0.620908541389108 5.48597691768391
29T_s_ddg 2.57761524027628 0.320624756428177 6.3894213907753
29V_s_ddg 1.74755228111962 1.44662021660654 2.07356201767546
29W_s_ddg 2.64617399629669 1.69322245867194 6.45798014679571
29Y_s_ddg 1.8057830289617 1.20391889993554 2.45780250207337
2A_s_ddg 0.960067122100589 0.659135057587509 1.26099918661367
2C_s_ddg 0.319467153052096 -0.00654258350374121 0.59532154552242
2D_s_ddg 0.843156928763917 0.51714719220808 1.16916666531975
2E_s_ddg 0.472875114554186 0.171943050041106 0.773807179067266
2F_s_ddg 0.128295041161271 -0.197714695394566 0.429227105674351
2G_s_ddg 1.45321706119097 1.25259568484892 1.67891610957578
2H_s_ddg 0.501974252789556 0.226119860319232 0.77782864525988
2I_s_ddg -0.252294582736968 -0.929391727891399 0.349569546289193
2K_s_ddg 0.107356842429032 -0.193575222084048 0.383211234899356
2L_s_ddg -0.218421326292887 -0.469198046720454 0.00727772209192337
2M_s_ddg -0.0449615569305525 -0.797291718213254 0.556902572095608
2N_s_ddg 0.698804952850195 0.397872888337114 0.974659345320519
2P_s_ddg 1.22359787961643 0.92266581510335 1.54960761617227
2Q_s_ddg 0.300788829509598 -0.225842283388293 0.752186926279219
2R_s_ddg 0.184394360407447 0.00885065610815006 0.359938064706744
2S_s_ddg 0.721247816867924 0.495548768483114 0.946946865252734
2T_s_ddg -0.0854525947712057 -0.486695347455313 0.240557141784632
2V_s_ddg -0.188411654277934 -0.514421390833771 0.0874427381923898
2W_s_ddg -0.0806194202806104 -0.381551484793691 0.170157300146957
30A_s_ddg 0.480287426501313 -0.698363159508252 1.28277293186953
30C_s_ddg 0.287486902662791 -2.72183374246801 1.49121516071511
30D_s_ddg -0.0921829144551328 -1.57176556497778 0.609991902742055
30E_s_ddg 0.936232183873916 -0.342729090306676 2.08980509784072
30F_s_ddg 0.938874269779263 -1.24288319794057 2.29306856008813
30G_s_ddg 0.735803979056698 0.133939850030537 1.26243509195459
30H_s_ddg 0.578786741168636 -0.374164796456119 1.25588388632307
30I_s_ddg 0.899206177065616 0.573196440509779 1.2001382415787
30K_s_ddg 0.188766817915435 -0.538485671324509 0.640164914685056
30L_s_ddg 1.63426385072419 0.731467657184949 5.44607000122321
30M_s_ddg 0.146619093565174 -3.66518705693385 1.67635708817333
30P_s_ddg 1.24566335913721 0.342867165597968 2.42431394514678
30Q_s_ddg 0.184255404356156 -3.62755074614286 1.38798366240848
30R_s_ddg 0.0910715101178389 -0.937113043635186 0.793246327315027
30S_s_ddg 0.0981838441118878 -0.804612349427354 0.649892629052535
30T_s_ddg 0.173837120026399 -1.13020182619695 0.825856593138073
30V_s_ddg 0.790716759497877 0.138697286386203 1.39258088852404
30W_s_ddg 0.809090064016648 -1.27235671553216 2.06297366615448
30Y_s_ddg 0.765071368704846 -0.187880168919909 1.36693549773101
31A_s_ddg 0.697818773429218 -0.330365780323807 1.34983824654089
31C_s_ddg 1.24773714016794 0.445251634799725 2.17561100574994
31D_s_ddg 0.443505317147947 -3.36830083335107 1.79769960745681
31E_s_ddg 1.00080735655228 0.373865555483362 1.67790450170671
31F_s_ddg 2.31658141703642 -0.993671292607465 6.12838756753544
31G_s_ddg 0.995203549344797 0.242873388062096 1.69737836654198
31H_s_ddg 0.630562588586857 -3.18124356191216 4.44236873908588
31I_s_ddg 1.72161485313055 -0.00874451781966279 5.53342100362957
31K_s_ddg 0.530647386827113 -3.28115876367191 1.78453098896495
31L_s_ddg 1.43455493010285 1.10854519354701 1.76056466665869
31M_s_ddg 2.06041149512593 -1.75139465537309 5.87221764562495
31N_s_ddg 0.787489672073432 -3.02431647842559 2.56800438710916
31P_s_ddg 2.38424341021533 1.8826899693602 3.11149589945527
31Q_s_ddg 0.680875629201236 -3.13093052129778 2.13538060768113
31R_s_ddg 0.745922545587673 -0.307339680208109 1.57348572299864
31T_s_ddg 0.0903701135869143 -0.361027983182706 0.441457522185508
31V_s_ddg 1.54949791930203 0.972711462318626 2.35198342467024
31W_s_ddg 2.18233772925037 0.878298783027021 5.99414387974939
31Y_s_ddg 2.05348062446249 -1.05615070883934 5.86528677496151
32A_s_ddg 1.12852948205772 0.677131385288099 1.57992757882734
32C_s_ddg 1.20999820723393 0.307202013694688 2.2131050889442
32E_s_ddg 1.49222941177992 1.0408313150103 2.01886052467781
32F_s_ddg 2.81881385300818 0.787522417544887 6.6306200035072
32G_s_ddg 0.870676487937473 0.544666751381636 1.19668622449331
32H_s_ddg 0.565588029972188 -3.24621812052683 1.84454930415278
32I_s_ddg 3.25212736228695 0.669127141883009 7.06393351278597
32K_s_ddg 1.08526994031207 0.408172795157639 1.7623670854665
32L_s_ddg 1.57412846264219 0.997342005658786 2.40169164005316
32M_s_ddg 1.53341954701223 0.580468009387475 3.74025468677482
32N_s_ddg 0.342180873049324 -0.134294895763053 0.718345953690675
32P_s_ddg 2.30348196672741 1.37560810114541 6.11528811722643
32Q_s_ddg 0.900108078759684 -0.654707587891232 2.12891400885476
32R_s_ddg 1.20555262985809 0.804309877173983 1.63187305458495
32S_s_ddg 0.949737435343596 0.247562618146408 1.57667923641251
32T_s_ddg 1.39862723770372 0.320287339865182 3.53022936133804
32V_s_ddg 2.69779221765213 2.0206950724977 6.50959836815115
32W_s_ddg 2.06364902627191 1.0856198166044 5.87545517677093
32Y_s_ddg 1.96133686782536 1.33439506675644 2.78890004523633
33A_s_ddg 0.26427201553437 -0.412825129620061 0.740747784346747
33C_s_ddg 0.750926021404606 -0.227103188262906 1.47817851064455
33D_s_ddg 0.432893774641019 -1.24731025222368 1.36076764022302
33E_s_ddg 0.154518805816419 -1.27490850062071 0.881771295056363
33F_s_ddg 1.63244964446369 0.829964139095475 4.99285769819309
33G_s_ddg 0.785264989900367 0.133245516788693 1.36205144688377
33H_s_ddg 0.632375303272153 0.0806665183315054 1.05869572799902
33I_s_ddg 0.923044972918393 -0.130217252877389 1.77568582237212
33K_s_ddg 0.516228896006389 -3.29557725449263 1.77011249814422
33L_s_ddg 0.67350495964203 0.322417551043436 0.974437024155111
33M_s_ddg 0.826522034938232 -0.026118814515496 1.57885219622093
33N_s_ddg 0.573856705055075 -0.37909483256968 1.25095385020951
33Q_s_ddg 0.535426170126053 -0.868923464268323 1.31283400345151
33R_s_ddg 0.398874065398879 -0.0776017034134984 0.800116818082986
33S_s_ddg 0.554477881690573 0.228468145134736 0.855409946203654
33T_s_ddg 0.631197824976578 0.204877400249714 1.00736290561793
33V_s_ddg 0.788990078498365 0.162048277429447 1.31562119139626
33W_s_ddg 1.73108436169296 0.778132824068205 5.54289051219198
33Y_s_ddg 1.407925704848 0.103886758624651 3.38906179622578
34A_s_ddg 0.686188236210879 -0.392151661627659 1.48867374157909
34C_s_ddg 0.669116621335169 -2.64113608830872 2.42455366432814
34D_s_ddg 0.120507194771557 -0.481356934254604 0.546827619498421
34E_s_ddg 0.242749600049423 -2.36532829239727 1.54678854627277
34F_s_ddg -0.106680550473113 -3.91848670097213 1.67383416456261
34G_s_ddg 0.910899392601945 0.409345951746811 1.38737516141432
34H_s_ddg -0.466302531194637 -4.27810868169366 1.16374615158455
34I_s_ddg 0.707310177681829 0.255912080912208 1.08347525832318
34K_s_ddg 0.0298118651499767 -0.597129935918941 0.531365306005111
34L_s_ddg 0.312009656287984 -1.4935827307905 1.34019421004101
34M_s_ddg 0.320745185829062 -3.49106096466996 1.64986180409517
34P_s_ddg 3.58354127221387 1.10085173998096 7.39534742271289
34Q_s_ddg 0.504941035454078 -3.30686511504494 1.68359162146364
34R_s_ddg 0.310957555629945 -0.516605621781026 0.887744012613349
34S_s_ddg 0.717888334114943 -0.00936415512500144 1.26959711905559
34T_s_ddg 0.444299083604154 -3.36750706689487 1.54771665348545
34V_s_ddg -0.215837628480804 -4.02764377897982 0.987890629571518
34W_s_ddg 0.576468617122336 -2.03160927532436 1.83035221926017
34Y_s_ddg 0.210631850008087 -0.26584391880429 0.586796930649438
35A_s_ddg 1.50652931402859 1.15544190543 1.93284973875545
35C_s_ddg 1.26698858627134 0.765435145416206 1.84377504325474
35D_s_ddg 2.02413895092584 1.07118741330109 5.83594510142486
35E_s_ddg 1.19519206544708 0.643483280506432 1.79705619447324
35F_s_ddg 0.764019392051355 0.111999918939681 1.315728176992
35G_s_ddg 2.48153630695728 1.95490519405939 4.46267239833506
35H_s_ddg 0.820111800257798 -0.433771801880037 1.77306333788255
35I_s_ddg 0.546873311068905 -0.70701029106893 1.37443648847988
35K_s_ddg 0.463887169249245 -0.539219712461023 1.14098431440368
35L_s_ddg 0.867562769780326 0.591708377310002 1.14341716225065
35M_s_ddg 0.216663555897674 -0.51058893334227 0.768372340838322
35N_s_ddg 0.944595203667311 0.0167213380853128 1.67184769290726
35P_s_ddg 2.83381244193601 1.57992883979817 6.64561859243503
35Q_s_ddg 0.778195787498165 0.151253986429247 1.32990457243881
35R_s_ddg 0.408533215017442 0.182834166632632 0.634232263402252
35S_s_ddg 1.2418225816617 0.840579828977593 1.66814300638856
35T_s_ddg 0.518264054295916 -0.158833090858515 1.04489516719381
35V_s_ddg 0.334838784901366 -0.0162486236972279 0.660848521457203
35Y_s_ddg 0.552927685398342 -0.550489884482953 1.43064620689483
36A_s_ddg 2.06503868516694 1.36286386796975 5.87684483566596
36C_s_ddg 1.55737912428171 1.1561363715976 1.98369954900857
36D_s_ddg 3.08305452586268 1.15207377857041 6.8948606763617
36E_s_ddg 2.65755243923199 1.50397952526518 6.46935858973101
36F_s_ddg 1.40649429171012 0.779552490641202 2.23405746912109
36G_s_ddg 2.18648706371487 1.76016663898801 2.81342886478379
36H_s_ddg 2.75826507787363 0.601585282196553 6.57007122837265
36I_s_ddg 0.421334005946922 -1.5347244133881 1.42444088765719
36K_s_ddg 2.7423624430708 1.16246910437713 6.55416859356982
36L_s_ddg 0.700866424989624 0.324701344348273 1.02687616154546
36M_s_ddg 0.633739264322154 -0.344289945345358 1.33591408151934
36N_s_ddg 2.61040258593797 0.905120887030514 6.42220873643699
36P_s_ddg 1.81091904332565 0.958278193871922 5.62272519382467
36Q_s_ddg 2.5486429238768 0.893516569054857 6.36044907437582
36R_s_ddg 2.86704408342671 2.29025762644331 5.22434525544584
36S_s_ddg 2.15049467080319 1.57370821381979 3.35422292885551
36T_s_ddg 2.36410482076986 1.23560957884581 6.17591097126888
36V_s_ddg 0.83955829806747 0.488470889468876 1.16556803462331
36Y_s_ddg 1.00222679384023 -0.151346120126578 2.03041134759326
37A_s_ddg 1.24860572775955 0.772129958947173 1.77523684065744
37C_s_ddg 0.813677395095681 0.186735594026763 1.34030850799357
37D_s_ddg 2.40246380768761 1.29904623780632 6.21426995818663
37E_s_ddg 0.293998740774602 -0.107244011909505 0.620008477330439
37F_s_ddg 0.712283269703781 -0.867610068989891 1.56492411915751
37G_s_ddg 1.76171902284095 1.46078695832787 2.1378841034823
37H_s_ddg 0.386266472575042 -3.42553967792398 1.79061610696942
37I_s_ddg -0.165092487458365 -0.716801272399013 0.236150265225742
37L_s_ddg 0.429687263833457 -0.0718661770216771 0.856007688560321
37M_s_ddg 0.422974584426016 -0.229044888685658 0.949605697323907
37N_s_ddg 0.787432279658774 0.411267199017423 1.11344201621461
37P_s_ddg 2.97126399017133 1.31613763534939 6.78307014067035
37Q_s_ddg 0.426868824598403 -0.200072976470515 0.878266921368024
37R_s_ddg 0.495768958520863 0.244992238093296 0.74654567894843
37S_s_ddg 0.966739591394905 0.565496838710798 1.36798234407901
37T_s_ddg 0.570361783962135 0.0437306710642441 0.971604536646242
37V_s_ddg 0.339487325200705 -0.086833099526159 0.715652405842056
37W_s_ddg 0.620572354619409 0.169174257849788 1.02181510730352
37Y_s_ddg 0.465201164875589 -1.29023587811738 1.59369640679964
38A_s_ddg 2.42846871280136 1.60090553539039 6.24027486330038
38C_s_ddg 3.0459549158896 1.24036252881112 6.85776106638862
38D_s_ddg 2.94326469897646 1.01228395168419 6.75507084947548
38E_s_ddg 2.63042518779058 1.80286201037961 6.4422313382896
38F_s_ddg 3.19403840063795 1.01228093291812 7.00584455113697
38H_s_ddg 3.02869844134691 -0.783107709152109 6.84050459184593
38I_s_ddg 3.54365443616297 0.534333791032165 7.35546058666199
38K_s_ddg 3.03565564573226 1.30529627478205 6.84746179623128
38L_s_ddg 2.72483915770529 1.67157693190951 6.53664530820431
38M_s_ddg 3.27354091494651 1.1920941353977 7.08534706544553
38N_s_ddg 2.69210472416171 0.761123976869444 6.50391087466073
38P_s_ddg 3.26560429959483 0.933380799618456 7.07741045009385
38Q_s_ddg 2.98163308183191 1.27635138292445 6.79343923233093
38R_s_ddg 2.93708713993324 2.2098346506933 6.74889329043226
38S_s_ddg 3.78973424240109 1.55782143059574 7.60154039290011
38T_s_ddg 3.48142933966674 1.09905049560485 7.29323549016576
38V_s_ddg 2.35262341550934 1.80091463056869 3.58142934560442
38W_s_ddg 2.63679484624212 1.73399865270288 6.44860099674114
38Y_s_ddg 3.13003006910674 0.0705540798904218 6.94183621960576
39C_s_ddg 0.20507860634842 -2.57854299039757 1.2583408321442
39D_s_ddg 0.537204997311779 -0.114814475799895 1.01368076612416
39E_s_ddg -0.456774928192881 -1.30941577764661 0.22032221696155
39F_s_ddg 0.778230522891666 -3.03357562760735 2.60890058201291
39G_s_ddg 0.719026940204369 0.443172547734045 0.994881332674693
39H_s_ddg 0.193758796431262 -3.61804735406776 1.97427351146699
39I_s_ddg 0.747102607895274 -3.06470354260375 4.55890875839429
39K_s_ddg 0.154269206559597 -1.02438137944997 0.931677039885055
39L_s_ddg 0.628348274752358 -0.249370246744127 1.28036774786403
39M_s_ddg 0.25868839018354 -3.55311776031548 1.41226130415035
39N_s_ddg 0.525035686172715 -3.2867704643263 4.21145347645795
39P_s_ddg 2.84437288211039 1.23940187137396 6.65617903260941
39Q_s_ddg 0.0827080428334718 -3.72909810766555 1.13597026862925
39R_s_ddg 0.122110053056066 -0.805763812525932 0.77412952616774
39S_s_ddg -0.0130689422821598 -0.564777727222807 0.413251482444704
39T_s_ddg 0.250377618585474 -0.351486510440687 0.726853387397851
39V_s_ddg 0.336233148159208 -0.0148542604393859 0.637165212672288
39W_s_ddg 0.868968406345097 0.317259621404449 1.39559951924299
39Y_s_ddg 0.387143241158589 -3.42466290934043 1.71625985942469
3A_s_ddg 0.411025827070848 0.185326778686038 0.636724875455658
3C_s_ddg 0.473380240467694 0.0721374877835867 0.849545321109045
3D_s_ddg 2.63630127424005 2.03443714521389 6.44810742473907
3E_s_ddg 2.39438803235611 1.89283459150098 3.97428137104978
3F_s_ddg 0.657317402630861 0.306229994032267 0.983327139186698
3G_s_ddg 2.21386374885869 1.91293168434561 2.6151065015428
3H_s_ddg 0.979913241293887 0.65390350473805 1.33100064989248
3I_s_ddg 1.77048222845093 1.46955016393785 2.09649196500677
3K_s_ddg 2.29781462836196 1.74610584342131 4.27895071973974
3L_s_ddg 1.88353986193061 1.58260779741753 2.25970494257196
3M_s_ddg 0.82307978983019 0.471992381231596 1.17416719842878
3N_s_ddg 2.36612163168677 1.63886914244683 6.17792778218579
3P_s_ddg 2.80728729513121 1.95464644567748 6.61909344563023
3Q_s_ddg 2.04948338299913 1.47269692601573 3.70460973782107
3R_s_ddg 2.48050233282024 1.97894889196511 4.03531799947116
3S_s_ddg 1.84915834845052 1.54822628393744 2.25040110113463
3T_s_ddg 1.90048166266354 1.47416123793668 2.60265647986073
3W_s_ddg 0.635008393607379 0.384231673179812 0.885785114034946
3Y_s_ddg 0.0749701410055688 -0.577049332106106 0.576523581860703
40A_s_ddg 0.477936868565077 -0.174082604546597 0.979490309420211
40D_s_ddg 2.4811809621001 1.10190899974848 6.29298711259912
40E_s_ddg 2.45455843784817 1.4514515561379 6.26636458834719
40F_s_ddg 1.29788947266644 0.846491375896819 1.74928756943606
40G_s_ddg 2.16264428741699 1.78647920677564 2.73943074440039
40H_s_ddg 0.997380598956307 -0.206347659096015 1.92525446453831
40I_s_ddg 0.662743664724533 -0.791761313755356 1.56553985826377
40K_s_ddg 1.10155123693713 0.625075468124753 1.60310467779226
40L_s_ddg 0.466870617388239 0.040550192661375 0.84303569802959
40M_s_ddg 1.16452862080588 0.437276131565936 1.91685878208858
40N_s_ddg 1.66296867874691 0.785250157250425 4.22089122710809
40P_s_ddg 2.92991857503856 1.09924851591732 6.74172472553758
40Q_s_ddg 2.15161539801975 0.897731795881915 5.96342154851877
40R_s_ddg 0.947387941714768 0.696611221287201 1.19816466214233
40S_s_ddg 0.913772652785167 0.562685244186573 1.239782389341
40T_s_ddg 1.16708503978358 0.489987894629149 1.89433752902352
40V_s_ddg 0.339985591026701 -0.0612571616574063 0.691072999625295
40W_s_ddg 2.14451648185 1.64296304099487 2.99715733130373
40Y_s_ddg 1.38179700500154 1.10594261253122 1.68272906951462
41A_s_ddg 0.861317983992335 0.284531527008931 1.38794909689023
41C_s_ddg 1.4230117270747 0.620526221706485 2.67689532921254
41D_s_ddg 0.667850380214607 -0.686343910094255 1.39510286945455
41E_s_ddg 1.16565377603893 0.538711974970012 1.86782859323612
41F_s_ddg 1.63035920332922 0.0504658646355476 5.44216535382824
41G_s_ddg 0.645085607593808 0.268920526952457 0.996173016192402
41I_s_ddg 2.24574227923945 0.0890624835623735 6.05754842973847
41K_s_ddg 0.154034178855092 -0.648451326513123 0.78097597992401
41L_s_ddg 1.10030328787853 0.87460423949372 1.32600233626334
41M_s_ddg 1.20190035505621 0.299104161516969 2.3053179249375
41N_s_ddg -0.420331344270138 -1.5989819302797 0.28184347292705
41P_s_ddg 2.3966350245887 1.2932174547074 6.20844117508772
41Q_s_ddg 0.52927612845385 -0.0976656726150676 0.980674225223471
41R_s_ddg 0.247814337361311 -0.0531177271517695 0.498591057788878
41S_s_ddg 0.989295584885195 0.312198439730764 1.61623738595411
41T_s_ddg 2.40364149916045 1.17483556906537 6.21544764965947
41V_s_ddg 2.57679882341289 1.39814823740332 6.38860497391191
41W_s_ddg 1.60607715873672 0.954057685625046 2.70949472861802
41Y_s_ddg 0.904578969799195 0.352870184858547 1.35597706656882
42A_s_ddg 1.69060607943546 1.33951867083687 2.09184883211957
42C_s_ddg 2.15488872636306 1.07654882852452 5.96669487686208
42D_s_ddg 0.890013830369735 -0.0629377072550198 1.66742166369519
42E_s_ddg 0.978399828735559 0.727623108307992 1.22917654916313
42F_s_ddg 2.1918715777077 0.963065647612621 6.00367772820672
42H_s_ddg 1.50897408278255 0.230012808601958 5.32078023328157
42I_s_ddg 2.92559541877699 -0.810977715593759 6.73740156927601
42K_s_ddg 1.13297868332299 0.756813602681639 1.50914376396434
42L_s_ddg 2.18470437194138 1.65807325904349 3.51382099020749
42M_s_ddg 1.57748227570309 1.00069581871969 2.40504545311406
42N_s_ddg 0.758348554925555 -3.05345759557346 2.08746517319166
42P_s_ddg 2.89931268002934 1.11879796499361 6.71111883052836
42Q_s_ddg 1.13553935676358 0.558752899780176 1.73740348578974
42R_s_ddg 1.41796757652187 1.21734620017982 1.64366662490668
42S_s_ddg 1.34083037249595 0.939587619811843 1.79222846926557
42T_s_ddg 2.38441860442349 1.18069034637117 6.19622475492251
42V_s_ddg 2.09200092783888 1.76599119128304 2.46816600848023
42W_s_ddg 1.61871920635725 1.31778714184417 1.94472894291309
42Y_s_ddg 2.14738446807459 0.39194742508162 5.95919061857361
43A_s_ddg 0.214070159703818 -0.0116288886809923 0.414691536045872
43C_s_ddg 0.195692155898902 -0.105239908614178 0.471546548369226
43D_s_ddg 0.658508157809545 0.207110061039924 1.08482858253641
43E_s_ddg 0.278949640863696 -0.0972154397776546 0.604959377419533
43F_s_ddg 0.639052892229402 0.388276171801835 0.889829612656969
43G_s_ddg 1.17569349689554 1.025227464639 1.35123720119484
43H_s_ddg 0.272914640795832 -0.128328111888275 0.598924377351669
43I_s_ddg 0.801912053532202 0.425746972890851 1.17807713417355
43K_s_ddg -0.362181669197397 -0.863735110052531 0.0390610834867103
43L_s_ddg 0.468960215648137 0.318494183391597 0.619426247904677
43M_s_ddg 0.399504877835399 0.0985728133223185 0.675359270305723
43N_s_ddg -0.0143154016306584 -0.616179530656819 0.462160367181719
43P_s_ddg 2.67112518267263 1.9940280375182 6.48293133317165
43R_s_ddg -0.18233793994536 -0.40803698833017 0.0182834363966937
43S_s_ddg 0.425555135029741 0.224933758687687 0.626176511371795
43T_s_ddg 0.422126367780816 0.0961166312249788 0.723058432293896
43V_s_ddg 0.185482075534008 -0.0151393008080457 0.386103451876062
43W_s_ddg 1.35037009430538 1.09959337387781 1.6262244867757
43Y_s_ddg 0.65000626232834 0.198608165558719 1.05124901501245
44A_s_ddg 0.719378526639283 0.518757150297229 0.945077575024093
44C_s_ddg 0.346652712830687 -0.0295123678106636 0.697740121429281
44D_s_ddg 1.40754782644462 0.880916713546729 2.10972264364181
44E_s_ddg -0.143077037522565 -0.368776085907375 0.0575443388194886
44F_s_ddg 0.784828417855998 0.358507993129134 1.21114884258286
44G_s_ddg 2.1009443966226 1.85016767619503 2.42695413317844
44H_s_ddg 0.715598693823951 0.18896758092606 1.16699679059357
44I_s_ddg -0.0201713993214174 -0.521724840176552 0.355993681319933
44K_s_ddg 0.342855924396224 0.14223454805417 0.543477300738278
44L_s_ddg 0.633990270112934 0.43336889377088 0.834611646454988
44M_s_ddg 0.275152050159566 -0.0759353584390279 0.576084114672647
44N_s_ddg 0.914797204413863 0.538632123772512 1.26588461301246
44P_s_ddg 2.27845674624481 1.77690330538968 3.23140828386957
44Q_s_ddg 0.104583320292688 -0.196348744220392 0.380437712763012
44R_s_ddg 0.749257879933933 0.598791847677393 0.92480158423323
44S_s_ddg 0.391161018996775 0.190539642654721 0.591782395338829
44V_s_ddg -0.258527894665565 -0.534382287135889 -0.00775117423799793
44W_s_ddg 1.336727923282 1.08595120285443 1.61258231575232
44Y_s_ddg 0.469971918863993 -0.0566591940338979 0.896292343590857
45A_s_ddg 2.19817099437108 1.82200591372973 2.77495745135448
45C_s_ddg 2.52571760927178 2.07431951250216 3.27804777055448
45D_s_ddg 2.59735480036661 2.04564601542596 3.77600538637618
45E_s_ddg 2.58342139428185 2.0317126093412 6.39522754478087
45F_s_ddg 2.0341941838321 1.60787375910524 2.71129132898653
45H_s_ddg 2.55220840314462 1.54910152143435 6.36401455364364
45I_s_ddg 2.15345291948354 1.50143344637187 5.96525906998256
45K_s_ddg 2.61110166598493 1.95908219287326 6.42290781648395
45L_s_ddg 2.28376607830759 1.90760099766624 2.96086322346202
45M_s_ddg 2.46190881376696 1.83496701269804 6.27371496426598
45N_s_ddg 2.69034069761313 1.76246683203113 6.50214684811215
45P_s_ddg 3.11214720553956 1.83318593135897 6.92395335603858
45Q_s_ddg 2.64733494628184 1.89500478499914 6.45914109678086
45R_s_ddg 2.38743285076574 2.01126777012439 3.06452999592017
45S_s_ddg 2.54795892743749 2.09656083066787 3.40059977689122
45T_s_ddg 2.69703783747341 1.94470767619071 6.50884398797243
45V_s_ddg 2.08640428836209 1.81054989589177 2.46256936900344
45W_s_ddg 2.50194309089838 1.97531197800049 6.3137492413974
45Y_s_ddg 2.50375310090974 1.72634526758428 6.31555925140876
46A_s_ddg 0.735390508687556 0.434458444174475 1.03632257320064
46C_s_ddg 0.561558240589137 -0.040305888437024 1.06311168144427
46D_s_ddg 1.53234944432329 0.905407643254372 2.5103786539908
46E_s_ddg 1.06289908282064 0.736889346264803 1.41398649141923
46F_s_ddg 0.296564397594376 -0.581154123902109 0.973661542748807
46G_s_ddg 0.899927838832036 0.724384134532739 1.07547154313133
46H_s_ddg 0.643609843682797 -0.660429102540552 1.47117302109377
46I_s_ddg -0.180015707774678 -0.857112852929109 0.296460061037699
46K_s_ddg -0.0879937178066886 -0.815246207046633 0.413559723048445
46L_s_ddg 0.0658628680008311 -0.184913852426736 0.291561916385641
46N_s_ddg 0.729491551852105 -0.549469722328487 1.58213240130583
46P_s_ddg 2.5587412663352 1.55563438462493 6.37054741683422
46Q_s_ddg 0.724727260538378 0.122863131512217 1.25135837343627
46R_s_ddg -0.401084261155799 -0.752171669754393 -0.100152196642719
46S_s_ddg 0.521679837163386 0.170592428564792 0.822611901676466
46T_s_ddg 0.43793324933066 0.011612824603796 0.789020657929254
46V_s_ddg 0.00868804829632316 -0.242088672131244 0.234387096681134
46W_s_ddg -0.393099417614453 -0.86957518642683 0.00814333506965431
46Y_s_ddg 0.110716017738077 -0.967623880100461 0.787813162892508
47A_s_ddg 2.57363822678524 1.64576436120324 6.38544437728426
47C_s_ddg 3.5197542949174 2.09032698848027 7.33156044541642
47D_s_ddg 3.26148826311154 1.10480846743446 7.07329441361056
47E_s_ddg 2.70519931788068 1.67701476412765 6.5170054683797
47G_s_ddg 2.51174750048578 2.01019405963065 4.44272824777805
47H_s_ddg 3.59929028663655 0.389348265163691 7.41109643713557
47I_s_ddg 1.60589866403344 1.25481125543485 1.98206374467479
47K_s_ddg 2.63105511221512 1.62794823050485 6.44286126271414
47L_s_ddg 1.80321225718565 1.57751320880084 2.05398897761322
47M_s_ddg 2.38082025455892 1.62849009327622 6.19262640505794
47N_s_ddg 3.16272707218572 0.905736588337616 6.97453322268474
47P_s_ddg 2.52763415562703 1.02297383306163 6.33944030612605
47Q_s_ddg 2.78655132401075 1.45743470574464 6.59835747450977
47R_s_ddg 2.66073263859072 1.90840247730802 6.47253878908974
47S_s_ddg 2.64037927022275 2.01343746915383 6.45218542072177
47T_s_ddg 2.84289739212306 1.38839241364317 6.65470354262208
47V_s_ddg 1.99711059822731 1.62094551758596 2.5237417111252
47W_s_ddg 1.94744649365792 1.52112606893106 2.69977665494062
47Y_s_ddg 1.92376654366427 1.54760146302292 2.35008696839113
48A_s_ddg 1.62077850798057 1.14430273916819 2.24772030904949
48C_s_ddg 1.61239172578784 0.985449924718922 2.84119765588292
48D_s_ddg 0.765063335785404 -0.212965873882108 1.51739349706811
48E_s_ddg 1.91321044911035 1.26119097599868 4.12004558887294
48F_s_ddg 1.80156109336864 0.999075588000425 5.61336724386766
48G_s_ddg 2.11496171669414 1.63848594788176 3.16822394248992
48H_s_ddg 0.251523868127762 -0.375417932941156 0.702921964897383
48I_s_ddg 2.33466054509271 1.08077694295487 6.14646669559173
48K_s_ddg 0.729964998981073 0.153178541997669 1.25659611187896
48L_s_ddg 1.35191171038569 1.0008243017871 1.7531544630698
48M_s_ddg 1.18346659898445 0.481291781787262 1.98595210435266
48N_s_ddg 0.459575304751927 -0.418143216744558 1.1115947778636
48Q_s_ddg 0.926134325592736 0.198881836352792 1.62830914278992
48R_s_ddg 0.612865347368319 0.211622594684212 0.98903042800967
48S_s_ddg 1.39608616431573 0.994843411631623 1.84748426108535
48T_s_ddg 2.13161613463699 1.50467433356807 3.18487836043277
48V_s_ddg 2.2646817111153 1.56250689391811 6.07648786161432
48W_s_ddg 1.57001991290191 1.04338880000402 2.34742774622737
48Y_s_ddg 1.49941736434539 0.722009531019932 3.00407768691079
49A_s_ddg -0.71251027834544 -1.28929673532884 -0.236034509533063
49C_s_ddg 0.0789241375206483 -0.222007926992432 0.354778529990972
49D_s_ddg 2.78775880096307 1.53387519882523 6.59956495146209
49E_s_ddg 1.42010542502674 0.943629656214363 2.0219695540529
49F_s_ddg 1.4124890247002 0.936013255887823 2.01435315372636
49G_s_ddg 0.795718107384441 0.645252075127901 0.971261811683738
49H_s_ddg 0.875497247333767 0.599642854863443 1.15135163980409
49I_s_ddg 1.21992078717221 0.417435281803995 2.14779465275421
49K_s_ddg -0.195082001398028 -0.796946130424189 0.281393767414349
49L_s_ddg 1.27158413831024 1.04588508992543 1.52236085873781
49M_s_ddg 0.479615696151934 -0.17240377695974 1.00624680904982
49N_s_ddg 0.827633774629011 0.0753036133463098 1.47965324774069
49P_s_ddg 0.024973841733343 -0.877822351805898 0.551604954631234
49Q_s_ddg 0.73746163350845 0.210830520610559 1.21393740232083
49S_s_ddg -0.62724516003579 -1.00341024067714 -0.301235423479953
49T_s_ddg 0.266129810964098 -0.335734318062063 0.742605579776475
49V_s_ddg 0.0660885250675559 -0.234843539445525 0.34194291753788
49W_s_ddg 1.77822308522017 1.40205800457882 2.2797765260753
49Y_s_ddg 1.3698604345096 0.893384665697223 1.946646891493
4A_s_ddg 1.12689126043456 0.775803851835966 1.50305634107591
4C_s_ddg 0.471239479232353 0.0198413824627323 0.87248223191646
4D_s_ddg 2.75770689953583 1.40351260922697 6.56951305003485
4E_s_ddg 0.446723585763699 0.145791521250619 0.722577978234023
4F_s_ddg 1.23969548134471 0.86353040070336 1.66601590607157
4G_s_ddg 2.46820840998086 1.91649962504021 6.28001456047988
4H_s_ddg 1.00108605440223 0.725231661931906 1.27694044687255
4I_s_ddg 0.738998125660723 0.212367012762832 1.24055156651586
4K_s_ddg 0.118125700034332 -0.157728692435992 0.368902420461899
4L_s_ddg 0.517307207821869 0.341763503522572 0.692850912121166
4M_s_ddg 0.544480436718817 0.14323768403471 0.920645517360168
4N_s_ddg 2.08881049617333 1.36155800693339 5.90061664667235
4P_s_ddg 2.6757087848638 1.89830095153834 6.48751493536282
4R_s_ddg 0.0757315807411118 -0.124889795600942 0.276352957083165
4S_s_ddg 1.3573984438263 1.05646637931322 1.68340818038214
4T_s_ddg 0.621527000010927 0.29551726345509 0.922459064524007
4V_s_ddg 0.227177621113652 -0.0988321154421852 0.528109685626732
4W_s_ddg 1.33754480670903 0.986457398110436 1.73878755939314
4Y_s_ddg 0.91661033943351 0.389979226535619 1.41816378028864
50A_s_ddg -0.403899265838785 -0.704831330351865 -0.128044873368461
50C_s_ddg -0.192397823079149 -0.64379591984877 0.183767257562202
50D_s_ddg 0.0367765714708831 -0.364466181213224 0.387863980069477
50E_s_ddg -0.474922138726664 -0.750776531196988 -0.224145418299097
50F_s_ddg 0.651834632759204 0.15028119190407 1.12831040157158
50G_s_ddg -0.118390036380999 -0.243778396594783 -0.0180793482099722
50H_s_ddg 0.0323062992305473 -3.77949985126847 1.1608015411546
50I_s_ddg 0.880525626279465 0.454205201552601 1.25669070692082
50K_s_ddg -0.436442733203911 -0.737374797716992 -0.160588340733587
50L_s_ddg 0.263269717746983 0.0375706693621726 0.463891094089037
50M_s_ddg 0.285123026664468 -0.0158090378486125 0.586055091177548
50P_s_ddg 0.687300846180918 0.160669733283027 1.13869894295054
50Q_s_ddg -0.142325286989994 -0.668956399887885 0.28399513773687
50R_s_ddg -0.307266991633298 -0.507888367975352 -0.131723287334001
50S_s_ddg -0.516952967355257 -0.842962703911094 -0.241098574884933
50T_s_ddg -0.126640955180079 -0.552961379906943 0.249524125461272
50V_s_ddg 0.0165676668034334 -0.18405370953862 0.217189043145487
50W_s_ddg -0.0661917326396521 -0.241735436938949 0.109351971659645
50Y_s_ddg 0.951609356565967 0.600521947967373 1.2776190931218
51A_s_ddg 0.163814149486418 -0.112040242983906 0.414590869913985
51C_s_ddg 0.523699546373688 0.197689809817851 0.824631610886768
51D_s_ddg 2.75997215543263 1.23023416082447 6.57177830593165
51E_s_ddg 2.44238238464142 1.53958619110218 6.25418853514044
51F_s_ddg 0.38457820952816 0.0836461450150796 0.660432601998484
51G_s_ddg 1.73371315138337 1.43278108687029 2.10987823202472
51H_s_ddg 0.0430076924971511 -0.759477812871064 0.569638805395042
51I_s_ddg 0.601018010637266 -0.201467494730949 1.2781151557917
51K_s_ddg 0.0163477626865879 -0.435050334083033 0.417590515370695
51L_s_ddg -0.211413108587961 -0.437112156972771 -0.0107917322459073
51M_s_ddg 0.202525804125175 -0.173639276516176 0.528535540681012
51N_s_ddg 2.43399905467289 1.60643587726192 6.24580520517191
51P_s_ddg 2.68617680658645 1.63291458079067 6.49798295708547
51Q_s_ddg 1.18949067852069 0.637781893580042 1.81643247958961
51R_s_ddg 0.098148215406261 -0.177706177064063 0.348924935833828
51S_s_ddg 0.845035677738711 0.619336629353901 1.07073472612352
51T_s_ddg 0.968207306302655 0.541886881575791 1.39452773102952
51V_s_ddg 0.508247120555101 0.257470400127534 0.759023840982668
51W_s_ddg 0.568143741260551 0.292289348790227 0.843998133730875
52A_s_ddg 0.953739185852219 0.552496433168112 1.30482659445081
52C_s_ddg 0.570878970595997 -0.858548335841135 1.498752836178
52D_s_ddg 2.96346775754714 2.28637061239271 6.77527390804616
52E_s_ddg 2.55581183534198 0.72514177622074 6.367617985841
52F_s_ddg 1.8405440727916 1.16344692763717 2.89380629858738
52G_s_ddg 2.06488129659963 1.46301716757347 3.11814352239541
52H_s_ddg 3.22198144056336 -0.038115924995012 7.03378759106238
52I_s_ddg 1.0075911152869 0.70665905077382 1.30852317979998
52K_s_ddg 3.18551140112575 1.22945298179073 6.99731755162477
52L_s_ddg 2.07187838758359 1.34462589834365 3.42607267789245
52M_s_ddg 2.69876449583047 0.216074963597556 6.51057064632949
52N_s_ddg 2.54612921179819 0.640226136548681 6.35793536229721
52P_s_ddg 3.73272035134591 1.55096288362608 7.54452650184493
52Q_s_ddg 3.35805173244516 -0.453754418053859 7.16985788294418
52R_s_ddg 3.00538059314728 1.37533191036809 6.8171867436463
52S_s_ddg 2.33706817774189 1.38411664011714 6.14887432824091
52T_s_ddg 0.259996314063466 -3.55180983643555 1.31325853985925
52W_s_ddg 2.64525772646986 0.914898355519647 6.45706387696888
52Y_s_ddg 2.93534336226773 1.00436261497546 6.74714951276675
53A_s_ddg 0.176463431533122 -0.325090009322012 0.577706184217229
53C_s_ddg 0.487315783414174 -0.214859033783014 1.13933525652585
53D_s_ddg 1.17120104771354 0.293482526217055 2.22446327350932
53E_s_ddg 0.155874992287462 -0.671688185123509 0.757739121313623
53F_s_ddg 0.364610917314129 -0.663573636438896 1.06678573451132
53G_s_ddg 0.0225597268508241 -0.504071386047067 0.448880151577688
53H_s_ddg 0.096219920320347 -0.580877224834084 0.698084049346508
53I_s_ddg 0.480800703994487 0.104635623353136 0.806810440550324
53K_s_ddg -0.621329306947336 -1.42381481231555 0.0056124941215816
53L_s_ddg 0.401458998725888 -0.024861426000976 0.777624079367239
53M_s_ddg 0.0295156764404051 -0.722814484842296 0.631379805466566
53N_s_ddg 0.581890372368689 -0.0199737566574719 1.08344381322382
53P_s_ddg 2.64943036255395 1.72155649697195 6.46123651305297
53Q_s_ddg -0.057501387903373 -1.28630731799845 0.694828773379328
53R_s_ddg -0.218861727917845 -0.695337496730222 0.182381024766262
53S_s_ddg 0.31420838229138 -0.0619566983499706 0.640218118847217
53V_s_ddg 0.138785777549214 -0.28753464717765 0.514950858190565
53W_s_ddg 0.345554726849282 -0.281387074219636 0.847108167704416
53Y_s_ddg 0.604307909002715 -0.248332940451013 1.3064827261999
54A_s_ddg 0.252041852566223 -0.299666932374425 0.703439949335844
54C_s_ddg 0.701087707070576 -0.0512424542121253 1.37818485222501
54D_s_ddg -0.214361111201323 -1.86948746602327 0.863978786637215
54E_s_ddg -0.0352954577199882 -1.26410138781507 0.81734539173374
54F_s_ddg 0.357386894433635 -0.44509861093458 0.934173351417039
54G_s_ddg 0.238126370634506 -0.112961037964088 0.539058435147586
54H_s_ddg 0.304599096033695 -0.196954344821439 0.730919520760559
54I_s_ddg 0.184332761935766 -1.11970618428758 1.03697361138949
54K_s_ddg 0.618620562516277 -0.384486319193991 1.34587305175622
54L_s_ddg 0.314105101301157 -0.0369823072974369 0.640114837856994
54M_s_ddg 0.518338359881826 -1.03647730676909 1.47128989750658
54N_s_ddg 0.0163420670545287 -1.36292989529709 0.91913826059377
54Q_s_ddg 0.0791692404946272 -1.12455901755769 0.906732417905598
54R_s_ddg 0.612985102500817 0.236820021859466 0.964072511099411
54S_s_ddg 0.0450769169098607 -0.381243507817003 0.396164325508455
54T_s_ddg 0.233293962943419 -0.519036198339282 0.709769731755796
54V_s_ddg 0.0861514400082628 -0.565868033103412 0.587704880863397
54W_s_ddg 0.536375994800093 -0.190876494439851 1.16331779586901
54Y_s_ddg 0.560775106701882 -0.367098758880116 1.28802759594183
55A_s_ddg 0.55799664961245 0.181831568971099 0.884006386168287
55C_s_ddg 0.4393663985605 -0.739284187449065 1.29200724801423
55D_s_ddg 0.326685152843596 -3.48512099765542 1.4802580668104
55E_s_ddg 0.361233348957086 -0.115242419855291 0.737398429598437
55F_s_ddg 0.181993565381205 -3.62981258511781 1.21017811913423
55G_s_ddg 0.230130518911414 -0.672665674627827 0.857072319980332
55H_s_ddg 0.479018701345208 -3.33278744915381 4.29082485184423
55I_s_ddg -0.0566065847453566 -3.86841273524438 1.14712167330697
55K_s_ddg 0.0944292877455148 -3.7173768627535 1.5489342662254
55L_s_ddg -0.12421422576477 -0.776233698876444 0.402416887133121
55M_s_ddg 0.037922463857611 -0.513786321083037 0.464242888584475
55N_s_ddg -0.170129236311917 -3.98193538681094 1.45991944646727
55P_s_ddg 0.28141169356716 -1.90034577415267 1.535295295705
55Q_s_ddg 0.187815808913129 -2.99704854051697 1.14076734653788
55R_s_ddg 0.305322754220268 -0.271463702763136 0.781798523032645
55S_s_ddg 0.145529924985145 -0.857576956725123 0.847704742182333
55T_s_ddg 0.339893209929349 -0.863835048122973 1.16745638734032
55W_s_ddg 0.0103351731991303 -0.867383348297354 0.737587662439075
55Y_s_ddg 0.15049763903002 -2.18172586094635 1.5548472734244
56A_s_ddg 0.308012031910896 -0.695094849799372 1.01018684910808
56C_s_ddg 0.756981071394791 -0.170892794187207 1.53438890472025
56D_s_ddg -0.198633637577857 -2.35531343325493 0.528618851662087
56E_s_ddg -0.188210962304524 -1.44209456444236 0.789818247362988
56F_s_ddg 0.858264119721014 -0.169920434032011 1.63567195304647
56G_s_ddg 0.566714987560671 -0.03514914146549 1.09334610045856
56H_s_ddg 0.355101832865908 -1.67618960259739 1.20774268231964
56I_s_ddg 0.263261309626869 -0.288447475313779 0.689581734353733
56K_s_ddg 0.29757135121914 -0.279215105764264 0.748969447988761
56L_s_ddg 0.561737796301203 -0.0652040047677146 1.06329123715634
56M_s_ddg 0.598283284517883 -0.555289629448925 1.37569111784334
56P_s_ddg 0.419689285821752 -1.58652447759878 1.52310685570305
56Q_s_ddg 0.626478083949384 -1.3546580074284 1.72989565383068
56R_s_ddg 0.538155045654058 -0.0386314113293462 1.01463081446644
56S_s_ddg 0.359427342703451 -0.0919707540661697 0.735592423344802
56T_s_ddg 0.188871920871227 -1.14024469739488 1.04151277032495
56V_s_ddg 0.311404297547552 -0.415848191692392 0.888190754530956
56W_s_ddg 0.57756861035162 -0.325227583187621 1.30482109959156
56Y_s_ddg 0.300985324224405 -0.0751797564169456 0.626995060780242
5C_s_ddg 2.46443728858983 1.6117964391361 6.27624343908885
5D_s_ddg 2.18840849079703 1.58654436177087 3.49244743702038
5E_s_ddg 2.46991591061119 1.84297410954227 6.28172206111021
5F_s_ddg 3.3739802494433 1.56838786236482 7.18578639994232
5G_s_ddg 1.48081931521088 1.25512026682607 1.7566737076812
5H_s_ddg 2.55782835121064 1.52964379745761 6.36963450170966
5I_s_ddg 3.12239235066286 1.49234366788367 6.93419850116188
5K_s_ddg 2.63130111760907 1.77866026815534 6.44310726810809
5L_s_ddg 2.97435610742129 2.04648224183929 6.78616225792031
5M_s_ddg 2.61023722190325 1.6572856842785 6.42204337240227
5N_s_ddg 2.74565411244293 1.69239188664715 6.55746026294195
5P_s_ddg 2.47500788456516 1.873143755539 6.28681403506418
5Q_s_ddg 2.6217632981693 1.64373408850179 6.43356944866832
5R_s_ddg 2.83393207870516 2.08160191742246 6.64573822920418
5S_s_ddg 1.70362078124799 1.40268871673491 2.02963051780383
5T_s_ddg 2.06863865308144 1.7426289165256 2.46988140576555
5V_s_ddg 2.58045745182459 2.02874866688394 4.18542846256102
5W_s_ddg 2.95378428561875 1.92559973186573 6.76559043611777
5Y_s_ddg 2.81369642659651 1.40934679220213 6.62550257709553
6F_s_ddg 1.77470922386796 1.37346647118385 2.20102964859482
6H_s_ddg 1.34929860042559 0.872822831613213 1.80069669719521
6I_s_ddg 0.355919744697724 -0.195789040242924 0.757162497381831
6P_s_ddg 2.77826555505375 1.72500332925797 6.59007170555277
6R_s_ddg 0.472083038583899 -3.33972311191512 1.80119965685
6V_s_ddg 0.488488444666481 -3.32331770583254 2.24392548765945
7A_s_ddg 0.266227800308699 -0.360714000760219 0.742703569121076
7C_s_ddg 0.104626007355272 -0.773092514141213 0.681412464338676
7D_s_ddg 0.516265372208454 -2.54321061700786 1.84538199047456
7E_s_ddg 0.284098447196863 -0.543464730214108 0.911040248265781
7G_s_ddg 1.16270715452058 0.886852762050256 1.46363921903366
7H_s_ddg -0.217703545105189 -4.02950969560421 1.96405392261464
7I_s_ddg 1.28879194568148 0.762160832783589 1.9157337467504
7K_s_ddg -0.116876409296594 -1.04475027487859 0.585298407900594
7L_s_ddg 0.600925194560707 0.375226146175897 0.826624242945517
7M_s_ddg 0.226462955417018 -0.902032286507034 0.928637772614206
7N_s_ddg 0.466747895347877 -3.34505825515114 1.89617520178501
7P_s_ddg 3.96606422513252 1.40814167677134 7.77787037563154
7Q_s_ddg 0.0521696405038046 -1.37725766593333 0.879732817914776
7R_s_ddg -0.0378929150755476 -0.790223076358249 0.538893541907857
7S_s_ddg 0.755427983230518 0.304029886460897 1.15667073591463
7T_s_ddg 0.47922408769278 -0.624193482188515 1.20647657693272
7V_s_ddg 0.235486862367423 -0.316221922573225 0.686884959137044
7W_s_ddg 0.556593971767842 0.130273547040978 0.957836724451949
7Y_s_ddg 0.150919462246628 -0.275400962480236 0.502006870845222
8A_s_ddg 1.67500531516566 1.2486848904388 2.20163642806355
8C_s_ddg 2.12225238510402 1.36992222382132 5.93405853560304
8E_s_ddg 1.37322684557071 1.04721710901487 1.69923658212655
8F_s_ddg 2.27543064434 1.22216841854422 6.08723679483902
8G_s_ddg 1.73520432879634 1.48442760836877 2.01105872126666
8H_s_ddg 1.50359727012661 0.951888485185962 2.10546139915277
8I_s_ddg 3.1421146839835 1.2863669528195 6.95392083448252
8K_s_ddg 2.18511103568882 1.28231484214958 5.99691718618784
8L_s_ddg 2.99418757023909 1.91584767240055 6.80599372073811
8M_s_ddg 2.68910758473968 1.4603016546446 6.5009137352387
8N_s_ddg 0.658448337877285 0.257205585193178 1.00953574647588
8P_s_ddg 2.09456792065818 1.0413056948624 5.9063740711572
8Q_s_ddg 1.93100795613673 0.978056418511975 5.74281410663575
8R_s_ddg 2.32928371056914 1.70234190950022 6.14108986106816
8S_s_ddg 1.23609366775447 0.834850915070363 1.71256943656685
8T_s_ddg 1.14805503475259 0.445880217555402 1.90038519603529
8V_s_ddg 2.41353767788342 1.98721725315656 3.06555715099509
8W_s_ddg 2.99484451420128 1.64065022389242 6.8066506647003
8Y_s_ddg 1.83356313065898 1.28185434571833 2.51066027581341
9A_s_ddg 1.53773986042155 0.960953403438146 2.34022536578976
9C_s_ddg 1.05996718700647 0.282559353681012 1.78721967624641
9D_s_ddg 3.29954372991451 1.29332996649397 7.11134988041353
9E_s_ddg 2.94630991860222 0.839785467010656 6.75811606910124
9G_s_ddg 2.55263346631008 1.6749149448136 6.3644396168091
9H_s_ddg -0.0940117292351763 -3.9058178797342 1.26018256107369
9I_s_ddg 2.93773616902632 2.16032833570086 6.74954231952534
9K_s_ddg 1.05878173201409 0.00551950621830821 2.56344205457949
9L_s_ddg 1.85334337760911 1.52733364105327 2.22950845825046
9M_s_ddg 1.21405442403598 0.236025214368468 2.4177826820883
9N_s_ddg 0.612808712169207 -3.19899743832981 2.66917781967526
9P_s_ddg 3.07020653726977 1.21445880610577 6.88201268776879
9Q_s_ddg 1.40105853719088 0.197330279138558 5.2128646876899
9R_s_ddg 0.0425822730249131 -0.559281856001248 0.544135713880047
9S_s_ddg 1.78445256884793 1.33305447207831 2.36123902583133
9T_s_ddg 2.51184142934723 1.05733645086734 6.32364757984625
9V_s_ddg 0.932477889143272 0.430924448288138 1.40895365795565
9W_s_ddg 0.335664816358642 -0.316354656753032 0.88737360129929
9Y_s_ddg 0.418673374434448 -0.20826842663447 0.920226815289582
14F_s_ddg 1.17504609711694 -2.63676005338208 4.98685224761596
6S_s_ddg 2.15822079069953 -1.65358535979949 5.97002694119855
10A_b_ddg -0.110923771882193 -1.53256096122264 0.505119010165336
10E_b_ddg -0.108457543729167 -0.408580950367707 0.128481987827575
10G_b_ddg -0.257751534384682 -0.684242691186818 0.105555747335656
10H_b_ddg 0.409455493317721 -0.617282476761494 1.24664183815154
10N_b_ddg 0.0309321529341223 -0.474538847720261 0.425831372195359
10V_b_ddg -0.0375420162194265 -0.385053329169315 0.230989452878214
10Y_b_ddg 0.0364426334242651 -0.816539680180006 0.573505571619547
11A_b_ddg -0.0174874223501617 -1.12320523628162 0.566963422156469
11H_b_ddg 0.00150271167063839 -0.377600538820149 0.364809993390976
11L_b_ddg -0.0221520184854635 -0.527623019139846 0.483318982168919
11Q_b_ddg -0.210180471099291 -2.61116772420761 2.19080678200903
11R_b_ddg 0.0207851277681508 -0.674237498131626 0.62103194104523
11S_b_ddg 0.219500749231945 -0.270174282651988 0.66178787480453
11T_b_ddg 0.251214768666663 -0.301644138299068 0.756685769321046
12E_b_ddg -0.39048943774749 -2.79147669085581 0.399309000774983
12H_b_ddg 0.170099807285008 -0.035247786730835 0.375447401300851
12K_b_ddg -0.062061748446522 -0.567532749100905 0.348633439585164
12L_b_ddg -0.279756545143435 -0.611471889322874 -0.042817013586693
12P_b_ddg 0.610696572294984 -1.79029068081333 3.0116838254033
12R_b_ddg 0.335205448925381 -0.0596937703358556 0.698512730645719
13A_b_ddg 0.870097899904853 -0.772682852221891 3.27108515301317
13D_b_ddg 0.336435572461041 0.0521081345929506 0.620763010329131
13G_b_ddg 0.893524083974737 0.309073239468107 1.74650639757901
13K_b_ddg 1.56351071900062 0.742120342937248 3.96449797210894
13Q_b_ddg 0.207015067450296 -0.867110808940268 1.40750869400446
13V_b_ddg 0.716727468057977 0.32182824879674 1.17481056240101
14A_b_ddg 0.0867363572350423 -2.31425089587328 1.03449448346201
14E_b_ddg -0.00520085990893269 -0.321120235317922 0.263330609188708
14G_b_ddg -0.0098846801244198 -0.578539555860601 0.448198414218615
14H_b_ddg 0.0338871339228774 -1.60889361820387 0.85527750998625
14I_b_ddg 0.12347529435081 -2.27751195875751 2.52446254745913
14N_b_ddg 0.00816674327954375 -0.607876038767985 0.482045806393028
14V_b_ddg 0.0988096983651612 -0.15392580196203 0.335749229921903
14Y_b_ddg 0.0882194215349956 -0.417251579119387 0.530506547107581
15A_b_ddg 0.486443428514136 -0.461314697712832 1.86069271154324
15E_b_ddg 0.0180269695010995 -0.534831937464632 0.476110063844134
15L_b_ddg 1.19604554195643 -1.20494171115189 3.59703279506475
15R_b_ddg 0.692409590412548 0.139550683446817 1.41902415385322
15S_b_ddg 0.505772958049664 -1.89521429505865 2.90676021115798
15V_b_ddg 0.626331332371969 -0.321426793854999 3.02731858548029
16A_b_ddg 1.76433262242973 -0.636654630678589 4.16531987553805
16D_b_ddg 1.17188768837027 0.2873134372251 3.57287494147859
16G_b_ddg 1.59059100210487 0.7060167509597 3.99157825521319
16K_b_ddg 1.8951271922814 0.836797284661286 4.29611444538972
16Q_b_ddg 0.700940838525451 -1.70004641458287 3.10192809163377
16V_b_ddg 1.76973910021641 0.821980973989442 4.17072635332473
17M_b_ddg 0.06842303152009 -0.405456031593394 0.510710157092675
17P_b_ddg 0.289147878176571 -1.35363287395017 2.69013513128489
17Q_b_ddg 0.358412194909014 -2.0425750581993 2.75939944801733
17R_b_ddg 0.601123023593149 -1.79986422951517 3.00211027670147
17S_b_ddg 0.067809790984072 -2.33317746212425 2.46879704409239
17V_b_ddg -0.296843742228956 -1.07084621198098 0.350790977359472
18A_b_ddg 0.202961417904416 -0.823776552174799 0.897984043804192
18C_b_ddg 0.122303081342286 -0.209412262837153 0.422426487980826
18D_b_ddg -0.142218761745283 -0.489730074695171 0.157904644893257
18I_b_ddg -0.166336989515505 -2.56732424262382 2.23465026359281
18R_b_ddg 0.0432410938184703 -2.35774615928985 0.896223407422741
18S_b_ddg 0.104386140468599 -0.195737266169941 0.35712164079579
18V_b_ddg 0.0579143642927123 -0.384372761279873 0.452813583553949
19C_b_ddg 0.369195706749632 -2.03179154635869 2.77018295985795
19H_b_ddg 0.338241668435504 -2.06274558467281 2.73922892154382
19I_b_ddg -0.0829539850582034 -0.446261266778541 0.264557327891685
19L_b_ddg -0.204966028901242 -0.505089435539782 0.0793614089668484
19S_b_ddg 0.370034685690415 -2.0309525674179 2.77102193879873
19V_b_ddg -0.254467342307345 -2.65545459541566 2.14651991080097
19Y_b_ddg 0.168390235490417 -1.03210339106374 2.56937748859874
1A_b_ddg -0.0645723511032415 -0.427879632823579 0.235551055535298
1I_b_ddg -0.0223659385664121 -0.227713532582255 0.151389717908532
1K_b_ddg -0.113201634048872 -1.69279851109382 0.455453241687309
1L_b_ddg 0.0451646179372198 -2.3558226351711 2.44615187104554
1M_b_ddg -0.0113203909685591 -2.41230764407688 2.38966686213976
1P_b_ddg -0.157518779106442 -1.23164465549701 0.36374819031839
1R_b_ddg 0.0823483695510309 -0.533694412496498 0.540431463894065
1S_b_ddg -0.0544110973132148 -0.275554660099507 0.135140527932179
1V_b_ddg -0.0937339818690945 -2.49472123497741 2.30725327123922
20C_b_ddg -0.219441565916319 -0.835484347963848 0.207049590885817
20G_b_ddg -0.227966676672196 -1.87074742879894 0.451259980457131
20H_b_ddg -0.114551929860006 -0.398879367728096 0.122387601696736
20L_b_ddg -0.260875017455342 -1.00328554966647 0.197208076887693
20P_b_ddg 0.988057092304191 -1.41293016080413 3.38904434541251
20Q_b_ddg -0.188736683003194 -2.58972393611151 2.21225057010512
20S_b_ddg -0.144601093501278 -0.444724500139818 0.092338438055464
21G_b_ddg -0.153433888697087 -1.54347914049664 0.652160518595836
21H_b_ddg -0.1215334970888 -2.52252075019712 2.27945375601952
21K_b_ddg -0.184983097523917 -2.58597035063224 2.2160041555844
21L_b_ddg -0.257380149124558 -0.620687430844896 0.0585392262844313
21M_b_ddg -0.0949341671948086 -2.49592142030313 2.30605308591351
21P_b_ddg -0.0364666741763616 -0.636713487453441 0.563780139100718
21Q_b_ddg -0.0660621564555707 -0.318797656782762 0.155081406330722
21W_b_ddg -0.513524588491817 -0.971607682834852 -0.102829400460131
22A_b_ddg -0.6313811500105 -3.03236840311882 0.584908445314109
22C_b_ddg -0.788730770632783 -3.1897180237411 1.61225648247554
22E_b_ddg -0.158384184682865 -0.537487435173652 0.204923097037473
22R_b_ddg -0.256595138517176 -0.635698389007963 0.106712143203162
22V_b_ddg -0.120973990291385 -1.38465149192734 2.28001326281693
23A_b_ddg -0.44449280599646 -2.84548005910478 0.819184695639497
23E_b_ddg -0.092983466432959 -0.298331060448802 0.0965681588124346
23G_b_ddg -0.0644712039393264 -1.24916886172304 2.33651604916899
23H_b_ddg -0.0408458057864757 -0.925420056931646 0.827932476588245
23N_b_ddg -0.152781712297206 -0.595068837869791 0.242117506964031
23V_b_ddg -0.164784450263432 -0.717643357229163 0.37227848793185
23Y_b_ddg -0.160971154076396 -0.761217967353476 0.407683721659785
24C_b_ddg -0.149809595854534 -1.46087500380184 0.466233186192995
24I_b_ddg -0.0233951713469605 -0.260334702903702 0.181952422668883
24L_b_ddg -0.0688870030009879 -0.432194284721326 0.199644466096653
24N_b_ddg -0.200623251919376 -2.60161050502769 2.20036400118894
24S_b_ddg -0.176031171393309 -0.570930390654546 0.15568417278613
24T_b_ddg -0.234109782695575 -2.63509703580389 2.16687747041274
24V_b_ddg 0.0585143105697592 -0.494344596395972 0.453413529830996
24Y_b_ddg -0.074033822849513 -0.295177385635806 0.115517802395881
25F_b_ddg 0.0730603019777396 -0.985269605642375 1.3683297411546
25L_b_ddg -0.302479028423493 -2.70346628153181 0.755850879196621
25M_b_ddg 0.0377427296875775 -0.957403302850739 1.08027666853724
25N_b_ddg 0.168317559029136 -2.23266969407918 2.56930481213745
25S_b_ddg 0.581528520934366 -1.81945873217395 2.98251577404268
25T_b_ddg 0.272258922950657 -2.12872833015766 2.67324617605898
25V_b_ddg -0.226453070210348 -0.716128102094281 0.168446149050889
26D_b_ddg -0.284268579126935 -2.68525583223525 0.394958078002392
26I_b_ddg -0.148186375654486 -2.5491736287628 2.25280087745383
26L_b_ddg -0.0627265282855643 -0.299666059842306 0.142621065730279
26N_b_ddg -0.125488168923782 -0.551979325725918 0.206227175255657
26P_b_ddg -0.0703068675621257 -2.47129412067044 2.33068038554619
26Q_b_ddg -0.0303419604537494 -0.283077460780941 0.175005633562094
26R_b_ddg -0.0659359883132375 -0.413447301263126 0.202595480784403
26Y_b_ddg -0.0792310479106009 -0.726865767499029 0.347260108891535
27A_b_ddg 0.0828777010617394 -0.691124768690284 0.999043889747808
27D_b_ddg 0.254303816322354 -2.14668343678596 2.65529106943067
27F_b_ddg 0.340699247020347 -1.31787747387685 2.74168650012867
27G_b_ddg 0.995108941517358 -1.40587831159096 3.39609619462568
27I_b_ddg -0.0670548047561191 -0.430362086476457 0.233068601882421
27L_b_ddg -0.0346792374001805 -0.761293800840856 0.454995794483753
28I_b_ddg 0.0344327433955562 -0.234098725702085 0.255576306181849
28K_b_ddg -0.125931766820739 -0.39446323591838 0.0952117959655535
28L_b_ddg 0.0199718025020416 -0.2169677290547 0.225319396517885
28N_b_ddg -0.473121919112604 -2.87410917222092 1.35921045825953
28R_b_ddg -0.257241690177039 -2.65822894328536 0.500964810804535
28T_b_ddg -0.248679352801433 -0.675170509603569 0.0514440538371068
28V_b_ddg -0.0883932233851625 -0.388516630023702 0.148546308171579
29A_b_ddg -0.0756252216047945 -1.00758737906131 0.951112748474421
29E_b_ddg -0.0385420111131015 -0.433441230374338 0.277377364295888
29F_b_ddg -0.590942706504589 -2.99192995961291 1.81004454660373
29G_b_ddg -0.137512635107881 -0.611391698221365 0.336366428005603
29H_b_ddg -0.0744301979013788 -1.0063923553579 0.778552115702892
29N_b_ddg -0.0656514646891686 -0.539530527802653 0.345043723342517
29V_b_ddg -0.164821999302042 -0.51233331225193 0.166893344877397
29Y_b_ddg 0.0510109434100507 -0.628215713719276 0.730237600539378
2C_b_ddg -0.216837000560304 -0.91185962646008 0.193858187471382
2D_b_ddg -0.0564444361351423 -2.45743168924346 0.970293533944073
2F_b_ddg -0.0371577880588437 -0.605812663795025 0.357741431202393
2H_b_ddg -0.173028239977231 -0.646907303090715 0.174483072972657
2I_b_ddg 0.0161340491968231 -2.3848532039115 2.41712130230514
2N_b_ddg -0.137242690154562 -0.516345940645349 0.162880716483978
2S_b_ddg -0.177134313385122 -2.57812156649344 0.802215750382745
30D_b_ddg -0.0275682909987716 -0.769978823209896 0.430514803344263
30H_b_ddg -0.145192132800737 -2.40401566697501 0.676198243262635
30I_b_ddg 0.0252502653931743 -0.259077172474916 0.293781734490815
30K_b_ddg 0.0404850329413575 -0.307026280008531 0.324812470809448
30S_b_ddg -0.0860334738893927 -0.702076255936922 0.340457682912743
30T_b_ddg 0.116795084573337 -0.815167072883181 0.701245929079967
30Y_b_ddg -0.113001392859239 -0.744840143677218 0.376673639024694
31A_b_ddg -0.0784606246662814 -1.70544540802258 0.632357970003945
31I_b_ddg -0.3867769250189 -2.78776417812722 2.01421032808942
31L_b_ddg -0.2539439030771 -0.648843122338337 0.0935674098727882
31P_b_ddg 0.0218377078516873 -0.736368793129887 0.81163614637416
31T_b_ddg -0.0330422981672628 -0.269981829724005 0.156509327078131
32A_b_ddg 1.12088462423663 -0.853611472069553 3.52187187734495
32E_b_ddg 0.479333819925845 -0.105117024580785 1.22174435213697
32F_b_ddg 0.449861253759391 -1.95112599934893 2.85084850686771
32G_b_ddg 1.01448442703748 0.445829551301299 2.19918208482119
32H_b_ddg 0.257113989543388 -1.18031916856751 1.23646405331125
32N_b_ddg 0.0956804617226724 -0.362402632620362 0.47478371221346
32V_b_ddg 0.255535798596659 -2.14545145451166 2.65652305170498
32Y_b_ddg 0.283317492704392 -0.585460789670329 1.45221918171765
33A_b_ddg -0.0921943631567039 -0.945176676760975 0.39748066872723
33H_b_ddg -0.0391604851724062 -0.402467766892744 0.276758890236583
33I_b_ddg -0.09080906760886 -2.49179632071718 2.31017818549946
33L_b_ddg -0.110151551602841 -0.410274958241381 0.14258394872435
33N_b_ddg -0.0230334260505034 -2.42402067915882 2.37795382705782
33R_b_ddg 0.0247835272402391 -1.55481334980471 0.814581965762712
33S_b_ddg -0.00164278558260737 -0.285970223450698 0.251092714744584
33T_b_ddg 0.00954223876629049 -0.385356980494946 0.341257582945729
33Y_b_ddg -0.296320311989773 -2.69730756509809 2.10466694111855
34D_b_ddg -0.0617510907969242 -0.393466434976363 0.206780378300717
34H_b_ddg -0.0804721795152911 -2.48145943262361 0.598754477614036
34I_b_ddg 0.37494253108127 0.0906150932131796 0.65926996894936
34K_b_ddg 1.13356102747701 0.580702120511279 2.11291109124488
34S_b_ddg 0.336314156949743 -0.15336087493419 0.810193220063227
34T_b_ddg 0.486251763853615 -0.508894268684701 1.46560182762148
34Y_b_ddg 0.125527210845942 -0.127208289481249 0.362466742402684
35C_b_ddg 1.45336483130578 0.442422829997014 3.8543520844141
35G_b_ddg 1.19238418248298 -1.20860307062534 3.5933714355913
35K_b_ddg 1.71908997055632 -0.681897282551998 4.12007722366464
35L_b_ddg 1.36045298188385 0.744410199836321 3.76144023499217
35M_b_ddg 2.07836544583525 -0.322621807273069 4.47935269894357
35R_b_ddg 1.64813287580003 1.11106993760475 4.04912012890835
35S_b_ddg 1.19000123530808 -0.0262883600165289 3.5909884884164
35Y_b_ddg 1.89627774720425 -0.504709505904068 4.29726500031257
36C_b_ddg 0.144908990661225 -0.281582166140911 0.58719611623381
36G_b_ddg 0.101187498921224 -0.641223033289901 1.11212950022999
36L_b_ddg 0.317463066913175 -0.0300482460367132 0.649178411092614
36M_b_ddg 0.492826764357909 -1.90816048875041 2.89381401746623
36R_b_ddg 0.366777225692853 -1.82886243339962 2.76776447880117
36S_b_ddg 0.0479742309029324 -1.31047908335572 2.44896148401125
36Y_b_ddg 0.336316923208131 -2.06467032990019 2.73730417631645
37E_b_ddg -0.484955191140669 -1.08520200441775 -0.137443878190781
37I_b_ddg -0.231135251473609 -0.547054626882598 0.00580428008313297
37L_b_ddg -0.156821513702972 -2.55780876681129 2.24416573940535
37N_b_ddg -0.323673173160635 -0.686980454880973 -0.0393457352925446
37Q_b_ddg -0.372538579287859 -1.60462414338292 0.101340483825625
37R_b_ddg -0.143832723741268 -0.491344036691156 0.140494714126822
37T_b_ddg -0.542972285092449 -1.91722156812155 -0.0375012844380661
37Y_b_ddg -0.167940909953077 -2.5689281630614 2.23304634315524
38A_b_ddg -0.529289980338952 -2.93027723344727 1.87169727276937
38C_b_ddg 0.0675916907848852 -2.33339556232343 2.4685789438932
38E_b_ddg 0.0139708833530624 -2.38701636975526 2.41495813646138
38L_b_ddg 0.320883138644683 -2.08010411446364 2.721870391753
38R_b_ddg 0.16263832606087 -2.23834892704745 2.56362557916919
38V_b_ddg -0.260023958507797 -1.5079054913733 1.22479710591445
39D_b_ddg -0.165665907486027 -0.65534093936996 0.197641374234311
39G_b_ddg -0.263718249680148 -1.17988443836622 0.210160813433336
39P_b_ddg 0.148265104086337 -2.25272214902198 2.54925235719466
39S_b_ddg -0.0795686482267351 -0.490263836258421 0.236350727182254
39T_b_ddg 0.00133305906063686 -0.3935661602006 0.317252434469626
39V_b_ddg -0.0210374468565052 -0.273772947183697 0.200106115929787
3A_b_ddg -0.0421225074841962 -0.452817695515882 0.289592836695243
3D_b_ddg 0.530760565574873 -1.87022668753345 2.93174781868319
3F_b_ddg -0.0743413459076228 -0.769363971807399 0.399537717205861
3G_b_ddg -0.342549732156341 -1.21132801453106 0.747372113004672
3I_b_ddg 0.0411911507487039 -0.274728224660285 0.357110526157693
3L_b_ddg -0.301854662584917 -1.07585713233694 0.408963932085309
3N_b_ddg -0.110533363901969 -2.51152061701029 2.29045388920635
40F_b_ddg -0.137358301674381 -0.674421239869663 0.336520761439103
40G_b_ddg -0.374553745432445 -1.7014151221502 1.18924716284205
40H_b_ddg -0.212143582452418 -2.61313083556074 1.43063716967433
40N_b_ddg -0.482172560914492 -2.88315981402281 1.91881469219383
40R_b_ddg -0.130914366229224 -0.431037772867764 0.121821134097967
40S_b_ddg -0.169510642034066 -0.611797767606651 0.193796639686272
40W_b_ddg -0.20557285359187 -1.21651485490064 1.04230867927364
40Y_b_ddg -0.111453498065435 -0.395780935933525 0.157077971032206
41D_b_ddg -0.218516497500795 -2.61950375060911 0.539690003480779
41I_b_ddg -0.451363967842081 -2.8523512209504 1.94962328526624
41L_b_ddg -0.154189978560863 -0.359537572576706 0.0353616466845306
41N_b_ddg -0.0571638562796321 -0.467859044311318 0.258755519129357
41P_b_ddg 0.0157563016746348 -2.38523095143368 2.41674355478295
41Q_b_ddg -0.134826244760206 -0.719277089266836 0.260072974501031
41R_b_ddg 0.0974323888471809 -0.281670861643606 0.41335176425617
41Y_b_ddg -0.16246941736705 -0.636348480480534 0.216633833123737
42A_b_ddg -0.249696736286107 -0.897331455874535 0.318958139450074
42E_b_ddg -0.188681585861412 -0.55198886758175 0.111441820777128
42L_b_ddg -0.560577476839124 -2.96156472994744 1.84040977626919
42M_b_ddg -0.284244065639889 -2.68523131874821 2.11674318746843
42R_b_ddg -0.199077520548952 -0.467608989646593 0.0536579797782394
42V_b_ddg -0.0759109231153613 -0.470810142376598 0.318988296145875
42W_b_ddg -0.122276508210396 -0.453991852389835 0.193642867198593
43E_b_ddg -0.202693169631333 -2.05082151577392 0.365961706104848
43H_b_ddg -0.0914105292163073 -0.454717810936645 0.192916908651783
43K_b_ddg 0.201033474054847 -0.430805276763132 0.674912537168331
43L_b_ddg -0.115009611603551 -0.399337049471641 0.121929919953191
43P_b_ddg 0.0363972223258085 -2.36459003078251 2.43738447543413
43R_b_ddg 0.0929690647732823 -0.270338216947055 0.393092471411822
44A_b_ddg 0.0106675262560489 -0.494803474398334 0.421362714287735
44I_b_ddg 0.0201437035377419 -0.358959546953045 0.320267110176282
44K_b_ddg -0.298869378191889 -2.69985663130021 2.10211787491643
44N_b_ddg -0.2563595216272 -1.23570958539507 0.296499385338531
44P_b_ddg -0.331241538144554 -1.42116338330557 1.0272117761141
44S_b_ddg -0.113394441406419 -0.38192591050406 0.107749121379874
45A_b_ddg 0.226737875220802 -0.800000094858413 2.62772512832912
45C_b_ddg 0.326432365521971 -0.494958010541401 2.72741961863029
45D_b_ddg 0.40521982492841 -0.811069770396199 2.80620707803673
45F_b_ddg 1.04332707222115 -1.35766018088717 3.44431432532947
45H_b_ddg 0.995461241307252 -1.40552601180107 3.39644849441557
45I_b_ddg 0.799658130944633 -1.60132912216369 3.20064538405295
45N_b_ddg 0.597404198343873 -1.80358305476445 2.99839145145219
45R_b_ddg 0.303088304126925 -1.35548841677027 2.70407555723524
45S_b_ddg 0.392654550615088 -0.570899544382329 2.79364180372341
45V_b_ddg 0.282026030564221 -0.460384501646904 2.68301328367254
45Y_b_ddg 0.35363461257607 -2.04735264053225 2.75462186568439
46I_b_ddg 0.0889003893791303 -0.274406892341207 0.373227827247221
46K_b_ddg 1.52927559573643 0.755273125984406 3.93026284884475
46L_b_ddg -0.294906221620211 -0.642417534570099 -0.0579666900634691
46R_b_ddg 1.74377766883505 -0.230718427471133 4.14476492194337
46T_b_ddg 0.0133358171569209 -0.286787589481619 0.281867286254562
46V_b_ddg 0.0389356890010444 -0.261187717637495 0.291671189328236
47C_b_ddg 0.679702611814804 -1.72128464129351 3.08068986492312
47I_b_ddg 0.0121802138202529 -0.382719005440984 0.40707943308149
47L_b_ddg -0.141385558593411 -0.394121058920602 0.095553972963331
47S_b_ddg 0.186915466225347 -2.21407178688297 2.58790271933367
47V_b_ddg 0.15364082682497 -0.557177767845256 1.24356267198598
47Y_b_ddg -0.0869128292402161 -0.529199954812801 0.355374296332369
48A_b_ddg 0.259430446049675 -1.09902286820898 2.66041769915799
48H_b_ddg 1.42945367018051 0.797614919362531 3.83044092328883
48L_b_ddg 1.04171775838681 0.283511257405236 3.44270501149513
48Q_b_ddg -0.200401295333268 -2.60138854844159 2.20058595777505
48R_b_ddg 1.10688981841492 -0.0620118705983403 3.50787707152324
48S_b_ddg 0.707272574649847 0.0438418862909695 2.04992992013805
48T_b_ddg 0.383405828608337 -0.753903922864025 2.78439308171666
49C_b_ddg -0.210584395268973 -0.510707801907513 0.0105591675173195
49F_b_ddg -0.512801963498055 -2.91378921660637 1.88818528961026
49G_b_ddg -0.289302980839549 -2.69029023394787 0.421515613830677
49H_b_ddg -0.104455491846373 -0.341395023403115 0.11668807093992
49L_b_ddg -0.429201213699618 -0.855692370501754 -0.0816899007497298
49N_b_ddg -0.40433286430384 -2.80532011741216 1.99665438880448
49P_b_ddg 0.793732499800677 0.00393406127820373 1.75728659479809
49S_b_ddg -0.26258902100663 -0.641692271497417 -0.00985352067943857
49Y_b_ddg -0.445740574528443 -2.84672782763676 1.95524667857988
4E_b_ddg -0.241664054963441 -1.14203427487906 0.216419039379594
4H_b_ddg -0.147464444013242 -0.447587850651782 0.121067025084399
4K_b_ddg -0.0236613593350706 -0.450152516137206 0.323849953614818
4L_b_ddg 0.114476955685161 -0.106666607101132 0.319824549701004
4M_b_ddg 0.875414557855933 -1.52557269525239 3.27640181096425
4P_b_ddg 0.318137970544045 -2.08284928256427 2.71912522365236
4R_b_ddg -0.076510095111723 -0.439817376832061 0.192021373985918
4T_b_ddg -0.0217226767299936 -2.42270992983831 2.37926457637833
50C_b_ddg 0.442552826627854 -1.95843442648046 2.84354007973617
50D_b_ddg -0.00054187277208412 -0.379645123262871 0.299581533866456
50F_b_ddg 0.529078202205296 -1.87190905090302 2.93006545531361
50H_b_ddg 0.232381364927016 -1.37880744965883 1.06956770976084
50I_b_ddg 0.401983612413491 0.117656174545401 0.702107019052031
50K_b_ddg 0.77360097653973 0.48927353867164 1.08952035194872
50S_b_ddg 0.223463502385054 -0.155639748105733 0.539382877794043
50T_b_ddg 0.0894994390098854 -0.905646593528431 0.658154314746066
50Y_b_ddg 0.331427361839785 0.0786918615125936 0.584162862166976
51C_b_ddg 1.43410674867491 0.565328466300189 3.83509400178323
51D_b_ddg 0.413655900033929 -1.98733135307439 2.81464315314225
51F_b_ddg 0.189412234738033 -0.047527296818709 0.426351766294775
51H_b_ddg -0.224710107207828 -0.76177304540311 0.12280120574206
51I_b_ddg 2.13021523755237 -0.270772015555949 4.53120249066069
51L_b_ddg 1.49647939358447 -0.904507859523848 3.89746664669279
51N_b_ddg 0.929954815737668 -1.47103243737065 3.33094206884599
51S_b_ddg 1.93776896844201 -0.147298909257319 4.33875622155033
52A_b_ddg -0.0539634264781684 -0.385678770657607 0.246159980160371
52D_b_ddg 0.241210823244029 -2.15977642986429 2.64219807635235
52E_b_ddg 0.703813827108122 -1.6971734260002 3.10480108021644
52F_b_ddg 0.32804230043084 -0.825063419811971 2.72902955353916
52G_b_ddg -0.210404103405471 -1.37930579241873 1.14804921085318
52I_b_ddg -0.178916762940498 -0.510632107119937 0.105410674927592
52L_b_ddg 0.2092594656792 -1.1649898173499 2.61024671878752
52Y_b_ddg -0.338683590002984 -2.7396708431113 2.06230366310533
53A_b_ddg -0.0923393124862662 -0.550422406829301 0.239376031693173
53I_b_ddg 0.118563936691624 -0.118375594865118 0.339707499477917
53N_b_ddg -0.0863600915486906 -1.12889403039836 0.49809075295794
53P_b_ddg 0.48987032816913 -1.91111692493919 2.89085758127745
53S_b_ddg -0.0685527929347204 -0.36867619957326 0.184182707392471
54A_b_ddg 0.0146152597089163 -1.37542999209064 0.741229823149592
54H_b_ddg -0.128320811323029 -0.539015999354715 0.18759856408596
54L_b_ddg -0.110709294008606 -0.726752076056135 0.29998589402308
54N_b_ddg 0.0797833179674036 -2.32120393514092 2.48077057107572
54Q_b_ddg -0.141076128667994 -2.54206338177631 2.25991112444032
54R_b_ddg -0.121671576082089 -2.52265882919041 0.683922831210834
54S_b_ddg -0.0151360235774398 -0.536402993002272 0.363967226913347
54T_b_ddg -0.0447022252097998 -0.502785319552834 0.318605056510538
55A_b_ddg 0.14384893255662 -0.124682536541021 0.396584432883811
55E_b_ddg 0.00981315262486895 -0.258718316472772 0.246752684181611
55G_b_ddg 0.168428640609002 -1.237412579961 0.926635141590576
55L_b_ddg 0.0258756186079261 -0.495391350816906 0.404978869098713
55M_b_ddg 0.0515580624946991 -0.26436131291429 0.32008953159234
55P_b_ddg 0.132975896309805 -2.26801135679851 2.53396314941812
55S_b_ddg -0.0359532181297047 -2.43694047123802 2.36503403497861
55T_b_ddg -0.0596924575284804 -2.4606797106368 1.26716891918927
56D_b_ddg -0.0101059739889924 -0.626148756036522 0.400589214042694
56F_b_ddg -0.162667610554304 -2.56365486366262 2.23831964255401
56H_b_ddg -0.016910272180386 -1.43854746152084 0.67811235371939
56I_b_ddg 0.0478954163367911 -0.283819927842648 0.332222854204882
56K_b_ddg -0.0481348594177922 -0.506217953760827 0.299376453532096
56S_b_ddg -0.00286024981283351 -0.603107063089913 0.439426875759752
56T_b_ddg -0.108968347091614 -1.8939128181524 0.554462341267264
56Y_b_ddg -0.0441628190917314 -0.312694288189372 0.176980743694561
5D_b_ddg 0.232567879210009 -1.12588543504864 2.63355513231833
5E_b_ddg -1.34537280611725 -3.74636005922557 1.05561444699107
5G_b_ddg -0.36243439767253 -1.83145949332433 0.364180165768145
5P_b_ddg 0.0272977661146657 -2.37368948699365 2.42828501922298
5S_b_ddg -0.330025678725174 -0.819700710609107 0.0964654780769615
5T_b_ddg -0.0506544705647889 -0.492941596137374 0.391632655007796
5V_b_ddg 0.288693917421527 -1.30669892839387 2.68968117052985
6F_b_ddg -0.109841864472821 -0.567924958815855 0.332445261099764
6H_b_ddg 0.088285410293506 -0.354001715279079 0.514776567095642
6I_b_ddg 0.0729835958461123 -0.306119654644675 0.404698940025551
6P_b_ddg 0.166069910397896 -2.23491734271042 2.56705716350621
6R_b_ddg 0.1276110759514 -1.4045978947822 1.10696113971927
6V_b_ddg -0.00992356937383324 -2.41091082248215 1.44330555750752
7C_b_ddg 1.41782295061787 0.23312529283416 3.81881020372619
7I_b_ddg 1.49503651379204 0.657850168958218 3.89602376690036
7L_b_ddg 1.42268442281398 0.980397297241395 2.40203448658185
7S_b_ddg 1.26256053241093 0.646517750363401 3.66354778551925
7V_b_ddg 1.92291180895133 0.45388671329953 4.32389906205965
7Y_b_ddg -0.0637787864905471 -0.363902193129087 0.173160745066195
8A_b_ddg -0.345566879333157 -2.57279847596653 0.649579153205159
8C_b_ddg -0.606060535673102 -3.00704778878142 1.79492671743522
8E_b_ddg -0.170203211379336 -0.549306461870123 0.161512132800103
8G_b_ddg -0.278152410376102 -0.62566372332599 0.0535629338033368
8H_b_ddg -0.358486237740655 -1.89069520847425 0.462904138322717
8N_b_ddg -0.182106185678205 -0.703373155103037 0.196997064812582
8V_b_ddg 0.0712243846026499 -0.655390178838026 1.05057444837052
8Y_b_ddg 0.172714614414657 -0.585491886566917 1.02569692801893
9C_b_ddg 2.15008823246132 -0.250899020646998 4.55107548556964
9H_b_ddg 1.68576708520983 -0.715220167898488 4.08675433831815
9I_b_ddg 0.277069746610915 -2.1239175064974 2.67805699971923
9L_b_ddg 0.744799479314928 0.302512353742343 1.4398221052147
9P_b_ddg 0.64029783056946 -1.76068942253886 3.04128508367778
9S_b_ddg 0.977899297282987 0.219692796301413 3.37888655039131
9T_b_ddg 0.924277928797563 -1.47670932431076 3.32526518190588
9V_b_ddg 2.71585330445963 0.709765270612548 5.11684055756795
9Y_b_ddg 1.54050408020578 0.9402572669287 3.9414913333141
b_dgwt -0.657512182681162 -0.831267839156106 -0.467960557435768
b_fwt 0.96931997309363 0.96306997309363 0.98181997309363
b_f0 0.136878773653116 0.074378773653116 0.193128773653116
s_dgwt -1.17914021641921 -1.32960624867575 -1.02867418416267
s_fwt 1.02971440855446 1.01721440855446 1.04221440855446
s_f0 0.0655715898021135 0.0468215898021135 0.0843215898021135
