par value lower upper
10A_s_ddg 0.0460841291469003 0.0460841291469003 0.0460841291469003
10E_s_ddg -0.0389443344304758 -0.0389443344304758 -0.0389443344304758
10G_s_ddg 0.592694308439978 0.592694308439978 0.592694308439978
10H_s_ddg 0.0265149058888718 0.00856521960090884 0.0444645921768348
10N_s_ddg 0.0284600869502043 0.0284600869502043 0.0284600869502043
10V_s_ddg 0.00968102825404658 0.00968102825404658 0.00968102825404658
10Y_s_ddg 0.0194916471533824 0.0194916471533824 0.0194916471533824
11A_s_ddg 0.00565629024455625 0.00565629024455625 0.00565629024455625
11H_s_ddg 0.860517820051784 0.842568133763821 0.878467506339747
11L_s_ddg 1.16637306680897 1.14842338052101 1.2022724393849
11Q_s_ddg 0.423585234634012 0.387685862058086 0.459484607209938
11R_s_ddg 0.369579946671807 0.351630260383844 0.38752963295977
11S_s_ddg 0.122801978076227 0.122801978076227 0.122801978076227
11T_s_ddg 0.0858385497452158 0.0858385497452158 0.0858385497452158
12E_s_ddg -0.0202323034063036 -0.0202323034063036 -0.0202323034063036
12H_s_ddg 0.14655691304205 0.14655691304205 0.14655691304205
12K_s_ddg 0.124959227896356 0.107009541608393 0.142908914184319
12L_s_ddg 0.0966687255779884 0.0966687255779884 0.455662451337248
12P_s_ddg 1.5722814582608 1.50048271310895 1.64408020341265
12R_s_ddg 0.0290542507636149 0.0290542507636149 0.0290542507636149
13A_s_ddg 0.144520249082485 0.144520249082485 0.144520249082485
13D_s_ddg 0.0189293737709795 0.0189293737709795 0.0189293737709795
13G_s_ddg 0.0373826643234937 0.0373826643234937 0.0373826643234937
13K_s_ddg -0.0367106719570012 -0.0367106719570012 -0.0367106719570012
13Q_s_ddg 1.17811010037025 1.12426104150636 1.23195915923414
13V_s_ddg 0.145777275414144 0.145777275414144 0.145777275414144
14A_s_ddg 0.064534582169248 0.046584895881285 0.082484268457211
14E_s_ddg -0.0153807444624359 -0.0153807444624359 -0.0153807444624359
14G_s_ddg 0.224120507067272 0.206170820779309 0.242070193355235
14H_s_ddg 0.112137097755181 0.094187411467218 0.130086784043144
14I_s_ddg 0.229871092755713 0.140122661315898 0.319619524195528
14N_s_ddg 0.125560107668875 0.107610421380912 0.143509793956838
14V_s_ddg 0.110757842712569 0.110757842712569 0.110757842712569
14Y_s_ddg 0.283484544475091 0.265534858187128 0.301434230763054
15A_s_ddg 0.294983825914326 0.277034139626363 0.312933512202289
15E_s_ddg 0.189521806893711 0.171572120605748 0.207471493181674
15L_s_ddg 0.88101372290445 0.827164664040561 0.952812468056302
15R_s_ddg 0.398102545184876 0.380152858896913 0.434001917760802
15S_s_ddg 0.132523916788555 0.114574230500592 0.150473603076518
15V_s_ddg 1.684664541734 1.64876516915807 1.72056391430993
16A_s_ddg 0.0703431206055742 0.0703431206055742 0.0703431206055742
16D_s_ddg 1.66486964930802 1.62897027673209 1.71871870817191
16G_s_ddg 0.107756660785687 0.107756660785687 0.107756660785687
16K_s_ddg -0.0622800146887406 -0.0622800146887406 -0.0622800146887406
16Q_s_ddg -0.109688755203907 -0.145588127779833 -0.0737893826279811
16V_s_ddg 0.0999143703663102 0.0999143703663102 0.0999143703663102
17M_s_ddg 0.499065675341247 0.481115989053284 0.51701536162921
17P_s_ddg 1.82938295852565 1.81143327223769 1.86528233110158
17Q_s_ddg 1.95570729572444 1.91980792314851 2.00955635458833
17R_s_ddg 2.16748070487521 2.0777322734354 2.25722913631502
17S_s_ddg 2.95854910100661 2.47390757123161 3.29959314047791
17V_s_ddg 0.717866722343709 0.699917036055746 0.735816408631672
18A_s_ddg -0.0181137764744729 -0.0181137764744729 -0.0181137764744729
18C_s_ddg 0.06660944796125 0.06660944796125 0.06660944796125
18D_s_ddg 0.484514353755289 0.466564667467326 0.484514353755289
18I_s_ddg 0.412264571696971 0.376365199121045 0.448163944272897
18R_s_ddg 0.0211077562155021 0.0211077562155021 0.0211077562155021
18S_s_ddg -0.00879095594008053 -0.00879095594008053 -0.00879095594008053
18V_s_ddg 0.181215401571728 0.181215401571728 0.73765567649858
19C_s_ddg 1.93919263568511 1.83149451795733 2.04689075341289
19H_s_ddg 3.04050985276894 2.71741549958561 3.47130232368005
19I_s_ddg 0.968388363222949 0.950438676934986 1.56072801072573
19L_s_ddg 0.653260825570736 0.635311139282773 0.653260825570736
19S_s_ddg 1.8977988801944 1.86189950761847 1.93369825277033
19V_s_ddg 1.54417182209407 1.49032276323018 1.58007119467
19Y_s_ddg 1.65674122020357 1.62084184762764 1.65674122020357
1A_s_ddg 0.00521903849183354 0.00521903849183354 0.00521903849183354
1I_s_ddg 0.000791998994142787 0.000791998994142787 0.000791998994142787
1K_s_ddg -0.00760223662999901 -0.00760223662999901 -0.00760223662999901
1L_s_ddg 0.0289647111036362 0.0110150248156732 0.0469143973915992
1M_s_ddg 0.00918190256425579 0.00918190256425579 0.00918190256425579
1P_s_ddg 0.0165427155102311 0.0165427155102311 0.0165427155102311
1R_s_ddg 0.10047909376478 0.10047909376478 0.297925642932373
1S_s_ddg -0.00842767762793741 -0.00842767762793741 -0.00842767762793741
1V_s_ddg 0.0242977189194866 0.0242977189194866 0.0242977189194866
20C_s_ddg 0.2027813945479 0.2027813945479 0.2027813945479
20G_s_ddg 0.347539141706004 0.347539141706004 1.08347627951249
20H_s_ddg 0.0339162541910807 0.0339162541910807 0.0339162541910807
20L_s_ddg 0.269545520880796 0.269545520880796 0.269545520880796
20P_s_ddg 1.88994428964428 1.81814554449243 1.96174303479613
20Q_s_ddg 0.0794541096733282 0.0794541096733282 0.0794541096733282
20S_s_ddg 0.0637908748872863 0.0637908748872863 0.297136796630805
21G_s_ddg 0.472885369340983 0.472885369340983 0.490835055628946
21H_s_ddg 0.205894877679672 0.187945191391709 0.223844563967635
21K_s_ddg -0.076043406787825 -0.273489955955418 -0.076043406787825
21L_s_ddg 0.500693491014499 0.500693491014499 1.36227843283672
21M_s_ddg 0.109502655586265 0.109502655586265 0.109502655586265
21P_s_ddg 1.34983892869272 1.33188924240476 1.38573830126865
21Q_s_ddg 0.00451249345927716 0.00451249345927716 0.00451249345927716
21W_s_ddg 1.01787295807838 0.999923271790417 1.01787295807838
22A_s_ddg 1.02067640503807 0.984777032462144 1.056575777614
22C_s_ddg 1.47222016774729 1.38247173630747 1.5619685991871
22E_s_ddg 0.957804431771161 0.939854745483198 0.957804431771161
22R_s_ddg 1.09637164166303 1.07842195537507 1.11432132795099
22V_s_ddg 1.50871537348467 1.47281600090874 1.52666505977263
23A_s_ddg 0.937366947779913 0.901467575203987 0.973266320355839
23E_s_ddg 0.105445172454929 0.105445172454929 0.500338270790114
23G_s_ddg 1.66078259337039 1.64283290708243 1.69668196594632
23H_s_ddg 0.980105961879867 0.944206589303941 1.01600533445579
23N_s_ddg 0.715439566367246 0.697489880079283 0.715439566367246
23V_s_ddg 1.33282313839083 1.31487345210287 1.33282313839083
23Y_s_ddg 0.971439444919719 0.953489758631756 0.989389131207682
24C_s_ddg 0.0610181094883198 0.0430684232003568 0.0789677957762828
24I_s_ddg -0.0911833658239981 -0.234780856127702 -0.0911833658239981
24L_s_ddg -0.0238600335067048 -0.0238600335067048 -0.0238600335067048
24N_s_ddg 0.284981214663339 0.23113215579945 0.338830273527228
24S_s_ddg 0.212676055048058 0.212676055048058 0.212676055048058
24T_s_ddg 0.0194337113247977 0.00148402503683473 0.0373833976127607
24V_s_ddg -0.0399639697222159 -0.0399639697222159 -0.0399639697222159
24Y_s_ddg -0.00361892610713218 -0.00361892610713218 -0.00361892610713218
25F_s_ddg 1.57674341098184 1.55879372469388 1.57674341098184
25L_s_ddg 0.72898326592865 0.711033579640687 0.746932952216613
25M_s_ddg 1.57501212080513 1.55706243451717 1.61091149338106
25N_s_ddg 1.88396188835219 1.84806251577626 1.93781094721608
25S_s_ddg 2.10051085548041 2.0107624240406 2.20820897320819
25T_s_ddg 1.89565439660213 1.8597550240262 1.94950345546602
25V_s_ddg 0.342869694896316 0.324920008608353 0.360819381184279
26D_s_ddg 0.046936415528954 0.028986729240991 0.064886101816917
26I_s_ddg 0.0393359068231854 -0.0145131520407035 0.0931849656870743
26L_s_ddg -0.0630119975853125 -0.0630119975853125 -0.0630119975853125
26N_s_ddg 0.0706736270988651 0.0527239408109021 0.0706736270988651
26P_s_ddg 1.65913655551722 1.60528749665333 1.71298561438111
26Q_s_ddg -0.0557131599825178 -0.0557131599825178 -0.0557131599825178
26R_s_ddg -0.0232829092022692 -0.0232829092022692 -0.0232829092022692
26Y_s_ddg 0.027128801661254 0.027128801661254 0.027128801661254
27A_s_ddg 1.43343856190093 1.397539189325 1.46933793447686
27D_s_ddg 1.88120913542087 1.84530976284494 1.9171085079968
27F_s_ddg 1.39683243978927 1.34298338092538 1.45068149865316
27G_s_ddg 2.23177664137627 2.15997789622442 2.30357538652812
27I_s_ddg 0.0941510616386584 0.0941510616386584 0.0941510616386584
27L_s_ddg 0.0595540851143629 0.0595540851143629 0.0595540851143629
28I_s_ddg 0.0115085013402067 0.0115085013402067 0.0115085013402067
28K_s_ddg 0.131255093675477 0.131255093675477 0.131255093675477
28L_s_ddg -0.0469776057935682 -0.172625409809309 -0.0469776057935682
28N_s_ddg 0.498837998531712 0.480888312243749 0.516787684819675
28R_s_ddg 0.386934347104418 0.386934347104418 1.17672054377479
28T_s_ddg 0.00719244575028519 0.00719244575028519 0.00719244575028519
28V_s_ddg -0.00229005648890121 -0.00229005648890121 0.0336093160870247
29A_s_ddg 0.787622005024025 0.733772946160136 0.841471063887914
29E_s_ddg 0.0708585954999242 0.0708585954999242 0.0708585954999242
29F_s_ddg 1.40890735678304 1.30120923905526 1.55250484708674
29G_s_ddg 1.06045298995912 1.04250330367116 1.06045298995912
29H_s_ddg 0.960436211035787 0.924536838459861 0.996335583611713
29N_s_ddg 0.38285730902819 0.364907622740227 0.400806995316153
29V_s_ddg 1.03414329402083 1.01619360773287 1.03414329402083
29Y_s_ddg 1.16665071544611 1.13075134287018 1.20255008802204
2C_s_ddg 0.0496453955174753 0.0496453955174753 0.0496453955174753
2D_s_ddg 0.173929663355879 0.173929663355879 0.173929663355879
2F_s_ddg 0.00795169827764507 0.00795169827764507 0.00795169827764507
2H_s_ddg 0.0717826586080711 0.0717826586080711 0.0717826586080711
2I_s_ddg -0.0231727900960563 -0.0231727900960563 -0.0231727900960563
2N_s_ddg 0.192793822554838 0.192793822554838 0.192793822554838
2S_s_ddg 0.176715176865068 0.176715176865068 0.73315545179192
30D_s_ddg 0.0133580834609918 0.0133580834609918 0.0133580834609918
30H_s_ddg 0.0999389267152532 0.0819892404272902 0.117888613003216
30I_s_ddg 0.385791215943563 0.3678415296556 0.403740902231526
30K_s_ddg -0.0123628282060433 -0.0123628282060433 -0.0123628282060433
30S_s_ddg 0.00671489799490944 0.00671489799490944 0.00671489799490944
30T_s_ddg 0.0222709791547875 0.0222709791547875 0.0222709791547875
30Y_s_ddg 0.23215717292154 0.214207486633577 0.250106859209503
31A_s_ddg 0.185621194124808 0.167671507836845 0.185621194124808
31I_s_ddg 0.932381894419432 0.86058314926758 1.00418063957128
31L_s_ddg 0.644557813163515 0.626608126875552 0.644557813163515
31P_s_ddg 1.62866549094205 1.61071580465409 1.66456486351798
31T_s_ddg -0.00351463385400327 -0.00351463385400327 -0.00351463385400327
32A_s_ddg 0.362431151495627 0.344481465207664 0.38038083778359
32E_s_ddg 1.1474521912761 1.11155281870017 1.18335156385203
32F_s_ddg 2.63654281804545 2.24164971971026 3.13913403410841
32G_s_ddg 0.266680468045348 0.266680468045348 0.266680468045348
32H_s_ddg 0.114669181182652 0.0787698086067261 0.150568553758578
32N_s_ddg 0.0563534903479612 0.0563534903479612 0.0563534903479612
32V_s_ddg 1.91067839127799 1.87477901870206 1.96452745014188
32Y_s_ddg 1.45478861008416 1.41888923750823 1.49068798266009
33A_s_ddg 0.0322023293605072 0.0322023293605072 0.0322023293605072
33H_s_ddg 0.14711628193998 0.14711628193998 0.14711628193998
33I_s_ddg 0.231389250219502 0.213439563931539 0.249338936507465
33L_s_ddg 0.162333682740459 0.162333682740459 0.162333682740459
33N_s_ddg 0.0627408480876591 0.0447911617996961 0.0627408480876591
33R_s_ddg -0.000837826936872665 -0.000837826936872665 -0.000837826936872665
33S_s_ddg 0.103251561637043 0.103251561637043 0.103251561637043
33T_s_ddg 0.162003219462545 0.162003219462545 0.162003219462545
33Y_s_ddg 0.593515889918798 0.539666831054909 0.647364948782687
34D_s_ddg -0.0284038994912903 -0.0284038994912903 -0.0284038994912903
34H_s_ddg -0.0443664808362158 -0.0623161671241788 -0.0264167945482528
34I_s_ddg 0.0418795136073058 0.0239298273193428 0.0418795136073058
34K_s_ddg 0.0320007595725412 0.0320007595725412 0.0320007595725412
34S_s_ddg 0.10364387565263 0.085694189364667 0.121593561940593
34T_s_ddg 0.0419442175853832 0.0239945312974202 0.0598939038733462
34Y_s_ddg -0.0103769873698644 -0.0103769873698644 -0.0103769873698644
35C_s_ddg 1.75325046436549 1.71735109178956 1.80709952322938
35G_s_ddg 2.26249792250072 2.17274949106091 2.35224635394053
35K_s_ddg 0.0175666798636098 -0.000383006424353165 0.0175666798636098
35L_s_ddg 0.208299053675688 0.208299053675688 0.208299053675688
35M_s_ddg 0.0306518523230958 0.0306518523230958 0.0306518523230958
35R_s_ddg 0.0578138311045842 0.0578138311045842 0.0578138311045842
35S_s_ddg 0.454176295161319 0.436226608873356 0.472125981449282
35Y_s_ddg 0.117034833867221 0.099085147579258 0.134984520155184
36C_s_ddg 0.999018459133216 0.981068772845253 0.999018459133216
36G_s_ddg 1.50821618964751 1.49026650335955 1.54411556222344
36L_s_ddg 0.174145478530188 0.174145478530188 0.174145478530188
36M_s_ddg 0.162420653942748 0.144470967654785 0.180370340230711
36R_s_ddg 1.97629314769114 1.95834346140318 2.03014220655503
36S_s_ddg 1.46600655426272 1.43010718168679 1.50190592683865
36Y_s_ddg 0.32873527003135 0.310785583743387 0.346684956319313
37E_s_ddg 0.0526764939973818 0.0526764939973818 0.0526764939973818
37I_s_ddg 0.0945626247730557 0.0945626247730557 0.0945626247730557
37L_s_ddg 0.114175809451758 0.114175809451758 0.114175809451758
37N_s_ddg 0.321565859566325 0.321565859566325 0.339515545854288
37Q_s_ddg 0.0789436517788585 0.0789436517788585 0.0789436517788585
37R_s_ddg 0.101864469887975 0.101864469887975 0.101864469887975
37T_s_ddg 0.125692921975381 0.125692921975381 0.125692921975381
37Y_s_ddg 0.138710066686208 0.120760380398245 0.156659752974171
38A_s_ddg 1.49764517932032 1.44379612045643 1.55149423818421
38C_s_ddg 2.30681956563008 2.0555239575986 2.5401654873736
38E_s_ddg 1.742459858695 1.70656048611907 1.79630891755889
38L_s_ddg 2.79680435931488 2.38396157469173 3.06604965363432
38R_s_ddg 1.96269401487591 1.92679464229998 2.0165430737398
38V_s_ddg 1.40499829541137 1.36909892283544 1.4408976679873
39D_s_ddg 0.159898631218354 0.141948944930391 0.159898631218354
39G_s_ddg 0.167265163369529 0.167265163369529 0.167265163369529
39P_s_ddg 1.90693391683839 1.83513517168654 1.97873266199024
39S_s_ddg 0.000236109070293176 0.000236109070293176 0.000236109070293176
39T_s_ddg 0.0357697216364836 0.0357697216364836 0.0357697216364836
39V_s_ddg 0.0871312672192953 0.0871312672192953 0.0871312672192953
3A_s_ddg 0.0551675345507647 0.0551675345507647 0.0551675345507647
3D_s_ddg 2.00845932784747 1.97255995527154 2.06230838671136
3F_s_ddg 0.166897846587897 0.166897846587897 0.166897846587897
3G_s_ddg 1.37280083022073 1.35485114393277 1.39075051650869
3I_s_ddg 1.13750116593517 1.11955147964721 1.15545085222313
3L_s_ddg 1.10879064384694 1.09084095755898 1.10879064384694
3N_s_ddg 2.11706405298254 1.95551687639087 2.3324602884381
40F_s_ddg 0.561283627348119 0.543333941060156 0.579233313636082
40G_s_ddg 1.29355095683528 1.25765158425935 1.31150064312324
40H_s_ddg 0.285964602271857 0.268014915983894 0.30391428855982
40N_s_ddg 0.8599572720724 0.806108213208511 0.913806330936289
40R_s_ddg 0.334850142697449 0.334850142697449 1.08873696679189
40S_s_ddg 0.234340323592225 0.234340323592225 0.234340323592225
40W_s_ddg 1.34108719220991 1.30518781963398 1.37698656478584
40Y_s_ddg 0.765344129227788 0.747394442939825 0.783293815515751
41D_s_ddg 0.139920578542743 0.12197089225478 0.157870264830706
41I_s_ddg 1.34852863204433 1.24083051431655 1.45622674977211
41L_s_ddg 0.503177701961796 0.503177701961796 0.503177701961796
41N_s_ddg -0.0505634660478993 -0.0505634660478993 -0.0505634660478993
41P_s_ddg 1.60922289926925 1.55537384040536 1.66307195813314
41Q_s_ddg 0.124573859927686 0.124573859927686 0.124573859927686
41R_s_ddg 0.0648692014388295 0.0648692014388295 0.172567319166607
41Y_s_ddg 0.345389831338735 0.327440145050772 0.363339517626698
42A_s_ddg 0.8455103108885 0.827560624600537 0.8455103108885
42E_s_ddg 0.341894678540808 0.341894678540808 0.341894678540808
42L_s_ddg 1.50547004396037 1.45162098509648 1.55931910282426
42M_s_ddg 0.773071114307367 0.737171741731441 0.808970486883293
42R_s_ddg 0.709991699795529 0.709991699795529 1.67927475934553
42V_s_ddg 1.41572655745037 1.39777687116241 1.41572655745037
42W_s_ddg 0.921550170567215 0.903600484279252 0.921550170567215
43E_s_ddg 0.0465121569644747 0.0465121569644747 0.0465121569644747
43H_s_ddg 0.0390000055389208 0.0390000055389208 0.0390000055389208
43K_s_ddg -0.0490372799277842 -0.26443351538334 -0.0490372799277842
43L_s_ddg 0.0911641749929939 0.0911641749929939 0.450157900752253
43P_s_ddg 1.93985923955082 1.88601018068693 1.99370829841471
43R_s_ddg -0.0106015827544666 -0.0644506416183555 -0.0106015827544666
44A_s_ddg 0.195749123381894 0.195749123381894 0.752189398308746
44I_s_ddg 0.0241245140447598 0.0241245140447598 0.0241245140447598
44K_s_ddg 0.0777782002988375 0.0777782002988375 0.0777782002988375
44N_s_ddg 0.272280306500633 0.272280306500633 0.272280306500633
44P_s_ddg 1.38221868118387 1.34631930860794 1.38221868118387
44S_s_ddg 0.106803598261181 0.106803598261181 0.393998578868588
45A_s_ddg 1.62608369194992 1.59018431937399 1.62608369194992
45C_s_ddg 1.82359910692443 1.80564942063647 1.87744816578832
45D_s_ddg 1.91214256312897 1.89419287684101 1.9480419357049
45F_s_ddg 1.33444280686909 1.26264406171724 1.4241912383089
45H_s_ddg 3.89030533368951 3.01077070557932 6.61865764945988
45I_s_ddg 2.17246161735526 1.92116600932378 2.4417069116747
45N_s_ddg 3.88127604875626 3.50433263670904 4.41976663739515
45R_s_ddg 1.99574211781173 1.94189305894784 2.04959117667562
45S_s_ddg 1.92586455366935 1.90791486738139 1.97971361253324
45V_s_ddg 1.60085971744132 1.56496034486539 1.63675909001725
45Y_s_ddg 2.16321795522055 1.96577140605296 2.41451356325203
46I_s_ddg -0.02244297039221 -0.02244297039221 -0.02244297039221
46K_s_ddg -0.0501217700171232 -0.265518005472679 -0.0501217700171232
46L_s_ddg 0.0241376086343847 0.0241376086343847 0.149785412650125
46R_s_ddg -0.0431137754153724 -0.0431137754153724 -0.0431137754153724
46T_s_ddg 0.0606998442333303 0.0606998442333303 0.0606998442333303
46V_s_ddg -0.00738482257738181 -0.00738482257738181 -0.00738482257738181
47C_s_ddg 2.14483705539958 2.09098799653569 2.21663580055143
47I_s_ddg 0.959537021942162 0.941587335654199 0.977486708230125
47L_s_ddg 1.07913494923813 1.06118526295017 1.07913494923813
47S_s_ddg 1.85015693529436 1.81425756271843 1.90400599415825
47V_s_ddg 1.4336648255416 1.39776545296567 1.4336648255416
47Y_s_ddg 1.21575597805057 1.19780629176261 1.21575597805057
48A_s_ddg 0.937629067319298 0.901729694743372 0.973528439895224
48H_s_ddg -0.0303803386007197 -0.15602814261646 -0.0303803386007197
48L_s_ddg 0.469368655432129 0.451418969144166 0.487318341720092
48Q_s_ddg 0.23362501806976 0.215675331781797 0.251574704357723
48R_s_ddg 0.0844596093789737 0.0844596093789737 0.0844596093789737
48S_s_ddg 0.679194708519353 0.643295335943427 0.715094081095279
48T_s_ddg 1.61220484391466 1.57630547133873 1.64810421649059
49C_s_ddg -0.0306748442200289 -0.15632264823577 -0.0306748442200289
49F_s_ddg 0.621107159986479 0.603157473698516 0.639056846274442
49G_s_ddg 0.206666759858196 0.206666759858196 0.816956093648937
49H_s_ddg 0.427954289184508 0.410004602896545 0.427954289184508
49L_s_ddg 0.567939521002888 0.549989834714925 0.567939521002888
49N_s_ddg 0.177198018783003 0.15924833249504 0.195147705070966
49P_s_ddg -0.037896187109439 -0.145594304837217 -0.037896187109439
49S_s_ddg -0.112272972588712 -0.309719521756305 -0.112272972588712
49Y_s_ddg 0.583021210580822 0.565071524292859 0.600970896868785
4E_s_ddg 0.111614414930206 0.111614414930206 0.111614414930206
4H_s_ddg 0.404803049899822 0.404803049899822 1.15868987399427
4K_s_ddg 0.00536299367253565 0.00536299367253565 0.00536299367253565
4L_s_ddg 0.103491317727397 0.103491317727397 0.444535357198693
4M_s_ddg 0.144111746381382 0.144111746381382 0.144111746381382
4P_s_ddg 2.07212392948565 2.0003251843338 2.1439226746375
4R_s_ddg 0.00922322549012886 0.00922322549012886 0.00922322549012886
4T_s_ddg 0.143098748394777 0.143098748394777 0.143098748394777
50C_s_ddg -0.0369479219738329 -0.0369479219738329 -0.0369479219738329
50D_s_ddg 0.0053161765202064 0.0053161765202064 0.0053161765202064
50F_s_ddg 0.147944344472567 0.129994658184604 0.147944344472567
50H_s_ddg -0.0245965708132379 -0.0425462571012009 -0.00664688452527493
50I_s_ddg 0.173234167719968 0.173234167719968 0.173234167719968
50K_s_ddg -0.0649661794731932 -0.0649661794731932 -0.0649661794731932
50S_s_ddg -0.0784653360152778 -0.222062826318982 -0.0784653360152778
50T_s_ddg -0.0542378186864 -0.0542378186864 -0.0542378186864
50Y_s_ddg 0.23609520032702 0.218145514039057 0.254044886614983
51C_s_ddg 0.119092112862338 0.119092112862338 0.119092112862338
51D_s_ddg 2.02476677421333 1.91706865648555 2.15041457822907
51F_s_ddg 0.0830534556589162 0.0830534556589162 0.0830534556589162
51H_s_ddg -0.0093553201599131 -0.0093553201599131 -0.0093553201599131
51I_s_ddg 0.0917657491479987 0.0738160628600357 0.109715435435962
51L_s_ddg -0.042359408517562 -0.042359408517562 -0.042359408517562
51N_s_ddg 1.99744113706779 1.96154176449186 2.05129019593168
51S_s_ddg 0.174085747828728 0.174085747828728 0.174085747828728
52A_s_ddg 0.357464698833701 0.339515012545738 0.375414385121664
52D_s_ddg 1.98967093781823 1.97172125153027 2.06146968297008
52E_s_ddg 2.48734077193863 2.12834704617937 2.9360829291377
52F_s_ddg 1.26661420579537 1.21276514693148 1.3025135783713
52G_s_ddg 1.26703333964918 1.23113396707325 1.30293271222511
52I_s_ddg 0.397750354400527 0.379800668112564 0.397750354400527
52L_s_ddg 1.46099281576476 1.42509344318883 1.49689218834069
52Y_s_ddg 2.19737309008497 2.01787622720534 2.44866869811645
53A_s_ddg 0.00302412950964479 0.00302412950964479 0.00302412950964479
53I_s_ddg 0.0539403474390569 0.0539403474390569 0.0539403474390569
53N_s_ddg 0.0710195749019848 0.0710195749019848 0.0710195749019848
53P_s_ddg 1.95783527920764 1.90398622034375 2.01168433807153
53S_s_ddg 0.0469774862678293 0.0469774862678293 0.0469774862678293
54A_s_ddg 0.0417079977656601 0.0417079977656601 0.0417079977656601
54H_s_ddg 0.0148321668969092 0.0148321668969092 0.0148321668969092
54L_s_ddg 0.0356373023331781 0.0356373023331781 0.0356373023331781
54N_s_ddg 0.00219241286152727 -0.0157572734264357 0.00219241286152727
54Q_s_ddg -0.0646623914503786 -0.0826120777383416 -0.0646623914503786
54R_s_ddg 0.122384638871029 0.122384638871029 0.122384638871029
54S_s_ddg -0.0381938024076563 -0.145891920135434 -0.0381938024076563
54T_s_ddg -0.0434646501581966 -0.0434646501581966 -0.0434646501581966
55A_s_ddg 0.146737651165323 0.146737651165323 0.146737651165323
55E_s_ddg 0.0920838225556776 0.0920838225556776 0.0920838225556776
55G_s_ddg 0.0668473513692713 0.0668473513692713 0.0668473513692713
55L_s_ddg 0.00785705746515191 0.00785705746515191 0.00785705746515191
55M_s_ddg 0.000900713630359473 0.000900713630359473 0.000900713630359473
55P_s_ddg 0.0910676145625333 0.0731179282745703 0.109017300850496
55S_s_ddg -0.00191086943766811 -0.00191086943766811 -0.00191086943766811
55T_s_ddg 0.088005438042443 0.07005575175448 0.105955124330406
56D_s_ddg -0.0238603255195295 -0.0238603255195295 -0.0238603255195295
56F_s_ddg 0.224769275237101 0.206819588949138 0.242718961525064
56H_s_ddg 0.0582860408955857 0.0403363546076227 0.0762357271835487
56I_s_ddg 0.110795675590405 0.092845989302442 0.128745361878368
56K_s_ddg -0.000646267856633167 -0.000646267856633167 -0.000646267856633167
56S_s_ddg 0.109413849254776 0.109413849254776 0.109413849254776
56T_s_ddg 0.0192439363046767 0.00129425001671373 0.0371936225926397
56Y_s_ddg 0.11631148564322 0.11631148564322 0.11631148564322
5D_s_ddg 1.60441611292023 1.5685167403443 1.64031548549616
5E_s_ddg 1.35319989743986 1.29935083857597 1.40704895630375
5G_s_ddg 0.647494997095943 0.62954531080798 0.665444683383906
5P_s_ddg 1.75238254265662 1.69853348379273 1.78828191523255
5S_s_ddg 0.867133140105631 0.849183453817668 0.885082826393594
5T_s_ddg 1.35180152851609 1.33385184222813 1.36975121480405
5V_s_ddg 1.88502304982892 1.84912367725299 1.93887210869281
6F_s_ddg 1.06322293313285 1.04527324684489 1.06322293313285
6H_s_ddg 0.798866627417334 0.762967254841408 0.816816313705297
6I_s_ddg 0.0478244917401648 0.0478244917401648 0.0478244917401648
6P_s_ddg 1.87519964602614 1.83930027345021 1.87519964602614
6R_s_ddg 0.216860136878414 0.163011078014525 0.270709195742303
6V_s_ddg 0.097943579390523 0.0620442068145971 0.133842951966449
7C_s_ddg -0.00662498600089468 -0.00662498600089468 -0.00662498600089468
7I_s_ddg 1.79903388867935 1.76313451610342 1.85288294754324
7L_s_ddg 0.128965217530597 0.128965217530597 0.595657061017634
7S_s_ddg 0.158901804134635 0.158901804134635 0.158901804134635
7V_s_ddg 0.0186278261099572 0.0186278261099572 0.0186278261099572
7Y_s_ddg 0.0917737969292388 0.0917737969292388 0.0917737969292388
8A_s_ddg 0.881454352887493 0.86350466659953 0.899404039175456
8C_s_ddg 1.16878319235517 1.11493413349128 1.22263225121906
8E_s_ddg 0.70116259785215 0.683212911564187 0.70116259785215
8G_s_ddg 0.950270159114999 0.932320472827036 0.950270159114999
8H_s_ddg 0.740784694591972 0.722835008304009 0.758734380879935
8N_s_ddg 0.144825825980863 0.144825825980863 0.144825825980863
8V_s_ddg 1.68659397648718 1.66864429019922 1.72249334906311
8Y_s_ddg 1.26179968143359 1.22590030885766 1.29769905400952
9C_s_ddg 0.315427314023383 0.29747762773542 0.333377000311346
9H_s_ddg -0.0209945891967375 -0.0389442754847005 -0.00304490290877453
9I_s_ddg 1.99905382036555 1.96315444778962 2.05290287922944
9L_s_ddg 1.67438926475097 1.65643957846301 1.7102886373269
9P_s_ddg 2.77160739886115 2.28696586908615 3.09470175204448
9S_s_ddg 1.75106849894035 1.71516912636442 1.78696787151628
9T_s_ddg 2.07412088302159 1.91257370642992 2.25361774590122
9V_s_ddg 0.309866344917834 0.291916658629871 0.327816031205797
9Y_s_ddg -0.0713083662872353 -0.0713083662872353 -0.0713083662872353
10A_b_ddg -0.376129093379859 -0.556076828396291 -0.232170905366714
10E_b_ddg -1.5614199992099 -7.03183114370943 -1.12954543517046
10G_b_ddg -0.188022451817456 -0.224011998820742 -0.15203290481417
10H_b_ddg 0.764446844756474 0.728457297753188 0.80043639175976
10N_b_ddg -0.0487277136793937 -0.120706807685966 0.023251380327179
10V_b_ddg -0.256626893120792 -0.328605987127365 -0.184647799114219
10Y_b_ddg 0.0579340011235238 -0.0140450928830489 0.129913095130096
11A_b_ddg -0.148341958796072 -0.292300146809217 -0.040373317786213
11H_b_ddg 0.0337789202805092 0.0337789202805092 0.0337789202805092
11L_b_ddg 0.00760657070413694 -0.0283829762991494 0.00760657070413694
11Q_b_ddg -0.0689744717974687 -0.428869941830332 0.182952357225536
11R_b_ddg 0.306213872620625 0.270224325617339 0.342203419623911
11S_b_ddg 0.539190276119845 0.503200729116559 0.539190276119845
11T_b_ddg 0.568315351686792 0.532325804683506 0.568315351686792
12E_b_ddg -3.09124671180072 -8.56165785630025 -2.19150803671856
12H_b_ddg 0.452011985316844 0.452011985316844 0.452011985316844
12K_b_ddg -0.0194998235333822 -0.0914789175399549 0.0524792704731905
12L_b_ddg -3.29908371813297 -8.7694948626325 -2.39934504305081
12P_b_ddg 0.17525275081793 0.103273656811357 0.247231844824503
12R_b_ddg 0.652780218231229 0.616790671227943 0.652780218231229
13A_b_ddg 1.23331674254276 1.19732719553947 1.26930628954605
13D_b_ddg 0.693552418547671 0.693552418547671 0.693552418547671
13G_b_ddg 1.32307039454248 1.32307039454248 1.32307039454248
13K_b_ddg 1.78101971088304 1.74503016387975 1.81700925788633
13Q_b_ddg 0.107875342749947 0.0358962487433743 0.17985443675652
13V_b_ddg 1.15260597313555 1.15260597313555 1.18859552013884
14A_b_ddg 0.189885569979634 0.081916928969775 0.297854210989493
14E_b_ddg -0.380420374637592 -0.488389015647451 -0.308441280631019
14G_b_ddg 0.153373212418941 0.117383665415655 0.189362759422227
14H_b_ddg 0.160831729480421 0.0888526354738483 0.232810823486994
14I_b_ddg 0.394246860064328 0.106330484038037 0.610184142084046
14N_b_ddg 0.129557406177215 0.0935678591739287 0.165546953180501
14V_b_ddg 0.254132232154973 0.218142685151687 0.254132232154973
14Y_b_ddg 0.0614013087879594 0.0254117617846731 0.0973908557912457
15A_b_ddg 0.865675628709548 0.829686081706262 0.901665175712834
15E_b_ddg 0.196479761515578 0.160490214512292 0.232469308518864
15L_b_ddg 1.04795427664655 0.796027447623545 1.29988110566955
15R_b_ddg 1.06345623759498 1.02746669059169 1.06345623759498
15S_b_ddg 0.964910834907807 0.712984005884803 1.18084811692753
15V_b_ddg 0.081596455194049 0.0456069081907627 0.081596455194049
16A_b_ddg 1.86821489461536 1.79623580060879 1.94019398862193
16D_b_ddg 0.164611269370929 0.128621722367643 0.164611269370929
16G_b_ddg 1.72906735430112 1.69307780729783 1.72906735430112
16K_b_ddg 2.02127463304215 1.98528508603886 2.02127463304215
16Q_b_ddg 1.17025487283212 1.06228623182226 1.24223396683869
16V_b_ddg 1.86095080968181 1.82496126267852 1.8969403566851
17M_b_ddg 0.221116417599345 0.185126870596059 0.257105964602631
17P_b_ddg 0.0104375297564749 0.0104375297564749 0.0104375297564749
17Q_b_ddg 0.0189949790493529 0.0189949790493529 0.0549845260526392
17R_b_ddg -0.124403086916637 -0.232371727926496 -0.016434445906778
17S_b_ddg -1.08919965317386 -1.7730010462363 -0.729304183140996
17V_b_ddg -0.148979898932629 -0.184969445935915 -0.112990351929343
18A_b_ddg 0.314051889110817 0.242072795104244 0.38603098311739
18C_b_ddg 0.209216127937675 0.173226580934389 0.245205674940961
18D_b_ddg -0.185097707591085 -0.221087254594371 -0.149108160587799
18I_b_ddg -0.048716448577943 -0.480591012617379 0.239199927448348
18R_b_ddg 0.0707164586384549 -0.0732417293746905 0.178685099648314
18S_b_ddg 0.115223222903473 0.0792336759001867 0.151212769906759
18V_b_ddg 0.246654851764605 0.210665304761319 0.282644398767891
19C_b_ddg -0.117546431449889 -0.261504619463034 0.0264117565632564
19H_b_ddg -1.09912553148435 -3.18651925767496 -0.667250967444914
19I_b_ddg -0.0611366771915288 -0.0611366771915288 -0.0611366771915288
19L_b_ddg -0.178232302878176 -0.178232302878176 -0.14224275587489
19S_b_ddg 0.00422166888426026 -0.0317678781190261 0.00422166888426026
19V_b_ddg -0.20046141763079 -0.272440511637363 -0.128482323624217
19Y_b_ddg 0.00286572313519061 0.00286572313519061 0.00286572313519061
1A_b_ddg -0.432542754288321 -0.54051139529818 -0.324574113278462
1I_b_ddg -0.280212128739339 -0.316201675742625 -0.244222581736053
1K_b_ddg -0.684612517784023 -1.11648708182346 -0.468675235764305
1L_b_ddg -0.0132774850398685 -0.949005707125314 0.346617984992995
1M_b_ddg -0.180073590315129 -1.29574954741701 0.215811426721021
1P_b_ddg -0.987069311742789 -1.59889161079866 -0.735142482719785
1R_b_ddg 0.202295901341795 0.166306354338509 0.238285448345081
1S_b_ddg -0.578897162063001 -0.68686580307286 -0.506918068056428
1V_b_ddg -0.523066293250011 -5.99347743774954 0.088756005805857
20C_b_ddg -0.444534973661995 -0.552503614671854 -0.372555879655422
20G_b_ddg -0.33269014772765 -0.440658788737509 -0.224721506717791
20H_b_ddg -0.698838357590535 -0.84279654560368 -0.590869716580676
20L_b_ddg -0.502613909446457 -0.610582550456316 -0.430634815439884
20P_b_ddg 0.10160243774967 0.0296233437430973 0.173581531756243
20Q_b_ddg -0.794209662671604 -6.26462080717113 -0.074418722605877
20S_b_ddg -0.74620093036609 -0.890159118379235 -0.638232289356231
21G_b_ddg 0.00229933742922115 -0.0696797565773515 0.0742784314357939
21H_b_ddg -0.128554032384506 -0.668397237433801 0.159362343641785
21K_b_ddg -1.07369294655343 -6.54410409105295 -0.209943818474558
21L_b_ddg -0.233404959999109 -0.269394507002395 -0.197415412995823
21M_b_ddg -0.241510395284726 -2.40088321548191 0.19036416875471
21P_b_ddg -0.0178446269812499 -0.0178446269812499 -0.0178446269812499
21Q_b_ddg -0.654723216988391 -0.76269185799825 -0.546754575978532
21W_b_ddg -0.346345364484116 -0.382334911487402 -0.31035581748083
22A_b_ddg -0.584656924596495 -0.692625565606354 -0.476688283586636
22C_b_ddg -0.711440105138585 -0.999356481164876 -0.495502823118867
22E_b_ddg -0.0699945155843863 -0.0699945155843863 -0.0699945155843863
22R_b_ddg -0.166450475085758 -0.166450475085758 -0.166450475085758
22V_b_ddg -0.0563290284906031 -0.0923185754938894 -0.0203394814873168
23A_b_ddg -0.454341528860921 -0.56231016987078 -0.346372887851062
23E_b_ddg -0.276027513508127 -0.312017060511413 -0.240037966504841
23G_b_ddg -0.0748234711960862 -0.0748234711960862 -0.0388339241927999
23H_b_ddg 0.0165894782917928 -0.0194000687114935 0.0525790252950791
23N_b_ddg -0.202621612619224 -0.23861115962251 -0.166632065615938
23V_b_ddg -0.0825838334931019 -0.0825838334931019 -0.0825838334931019
23Y_b_ddg -0.0693290573122305 -0.105318604315517 -0.0333395103089442
24C_b_ddg -0.341239476653267 -0.485197664666412 -0.233270835643408
24I_b_ddg -0.831762393953192 -1.04769967597291 -0.687804205940047
24L_b_ddg -0.523653809107826 -0.631622450117685 -0.415685168097967
24N_b_ddg -0.0733648263638166 -0.577218484409825 0.250541096665761
24S_b_ddg -0.506685155441094 -0.578664249447667 -0.434706061434521
24T_b_ddg -1.05933862594485 -6.52974977044437 -0.231579044869264
24V_b_ddg 0.106147510702109 0.0341684166955363 0.142137057705395
24Y_b_ddg -0.42503804579714 -0.497017139803713 -0.353058951790567
25F_b_ddg 0.0289745749352269 -0.00701497206805945 0.0289745749352269
25L_b_ddg -0.151206071733302 -0.223185165739875 -0.0792269777267293
25M_b_ddg 0.00612005320209579 0.00612005320209579 0.00612005320209579
25N_b_ddg 0.0180173204886198 0.0180173204886198 0.0180173204886198
25S_b_ddg -0.0544298512228087 -0.198388039235954 0.0895283367903367
25T_b_ddg 0.0234318919785893 0.0234318919785893 0.0234318919785893
25V_b_ddg -0.195979212568027 -0.2679583065746 -0.159989665564741
26D_b_ddg -2.82176853155953 -8.29217967605905 -1.95801940348066
26I_b_ddg -0.462133570891096 -5.93254471539062 0.0777096341581991
26L_b_ddg -1.12798375754242 -1.451889680572 -0.912046475522702
26N_b_ddg -0.642977777946681 -0.822925512963113 -0.499019589933536
26P_b_ddg -0.0318238519813241 -0.103802945987897 0.0401552420252486
26Q_b_ddg -0.584672759271522 -0.692641400281381 -0.476704118261663
26R_b_ddg -0.624082292463214 -0.804030027479646 -0.516113651453355
26Y_b_ddg -0.523365228325952 -0.703312963342384 -0.379407040312807
27A_b_ddg 0.0268757743981315 -0.00911377260515485 0.0268757743981315
27D_b_ddg 0.0213559332813662 0.0213559332813662 0.0213559332813662
27F_b_ddg 0.106472063582073 0.0704825165787867 0.142461610585359
27G_b_ddg -0.122227392240206 -0.194206486246779 -0.0502482982336333
27I_b_ddg -0.107845403746707 -0.143834950749993 -0.0718558567434207
27L_b_ddg -0.056248569560931 -0.128227663567504 0.0157305244456417
28I_b_ddg -0.0390936061612182 -0.0750831531645045 -0.00310405915793185
28K_b_ddg -0.521529107423393 -0.593508201429966 -0.44955001341682
28L_b_ddg -0.316030610361584 -0.388009704368157 -0.244051516355011
28N_b_ddg -0.867355200624168 -1.65912523469647 -0.507459730591305
28R_b_ddg -0.402615216874407 -0.546573404887552 -0.294646575864548
28T_b_ddg -3.80420530336874 -9.27461644786827 -2.90446662828658
28V_b_ddg -0.731159401581726 -0.911107136598158 -0.623190760571867
29A_b_ddg 0.0521944488278066 -0.0197846451787661 0.124173542834379
29E_b_ddg -0.0253484007956029 -0.0613379477988893 0.0106411462076834
29F_b_ddg -0.250169035013436 -0.50209586403644 0.00175779400956844
29G_b_ddg -0.0816572808307867 -0.117646827834073 -0.0456677338275004
29H_b_ddg -0.034684308135888 -0.0706738551391743 0.00130523886739835
29N_b_ddg 0.0416606340416613 0.00567108703837495 0.0776501810449476
29V_b_ddg -0.10946925754072 -0.10946925754072 -0.10946925754072
29Y_b_ddg 0.0395438182291667 0.00355427122588035 0.075533365232453
2C_b_ddg -0.578203434375442 -0.722161622388587 -0.434245246362297
2D_b_ddg 0.0974039864440557 -0.0105646545658033 0.205372627453915
2F_b_ddg -0.293171004864991 -0.40113964587485 -0.185202363855132
2H_b_ddg -1.04537956339368 -1.58522276844298 -0.793452734370676
2I_b_ddg -0.146005552396512 -0.829806945458953 0.177900370633065
2N_b_ddg -0.370570107460355 -0.442549201466928 -0.298591013453782
2S_b_ddg -0.393336707206261 -0.681253083232552 -0.213388972189829
30D_b_ddg -0.339796233547485 -0.48375442156063 -0.231827592537626
30H_b_ddg -0.380061239853668 -0.631988068876672 -0.200113504837236
30I_b_ddg 0.140848304636956 0.140848304636956 0.140848304636956
30K_b_ddg 0.107429382035511 0.0714398350322246 0.143418929038797
30S_b_ddg -0.565443539969288 -0.781380821989006 -0.421485351956143
30T_b_ddg 0.231524307608726 0.159545213602153 0.303503401615299
30Y_b_ddg -0.18562504799118 -0.257604141997753 -0.113645953984607
31A_b_ddg -0.0963095727964108 -0.20427821380627 -0.0243304787898381
31I_b_ddg -0.369419047939446 -0.585356329959164 -0.189471312923014
31L_b_ddg -0.281716126470595 -0.317705673473881 -0.245726579467309
31P_b_ddg -0.0179797924927257 -0.0179797924927257 -0.0179797924927257
31T_b_ddg -0.436018611217985 -0.507997705224558 -0.364039517211412
32A_b_ddg 1.36826736423976 1.29628827023319 1.44024645824633
32E_b_ddg 0.26260720622005 0.226617659216764 0.298596753223336
32F_b_ddg -0.526873434045134 -1.06671663909443 0.12093841201402
32G_b_ddg 1.32911848773377 1.32911848773377 1.32911848773377
32H_b_ddg 0.577330726991828 0.505351632985255 0.649309820998401
32N_b_ddg 0.202409173815636 0.16641962681235 0.238398720818922
32V_b_ddg -0.0381621403391831 -0.0381621403391831 -0.0381621403391831
32Y_b_ddg 0.0724131647088571 0.0364236177055708 0.0724131647088571
33A_b_ddg -0.381718080362769 -0.525676268375914 -0.27374943935291
33H_b_ddg -0.0569561124683357 -0.092945659471622 -0.0209665654650494
33I_b_ddg 0.0285836019233544 -0.439280509119368 0.316499977949645
33L_b_ddg -0.155735910683807 -0.191725457687093 -0.119746363680521
33N_b_ddg 0.0752157887344038 -0.57259605732475 0.399121711763981
33R_b_ddg 0.0749648419754529 -0.0689933460376925 0.182933482985312
33S_b_ddg 0.0366191155033694 0.000629568500083055 0.0726086625066557
33T_b_ddg 0.102032666956003 0.0660431199527166 0.138022213959289
33Y_b_ddg -0.251614425177814 -0.575520348207391 -0.0356771431580959
34D_b_ddg -0.581421796532809 -0.725379984545954 -0.47345315552295
34H_b_ddg -0.671407584896236 -1.31921943095539 -0.383491208869945
34I_b_ddg 0.901325628300945 0.901325628300945 0.901325628300945
34K_b_ddg 1.49491655836903 1.45892701136574 1.49491655836903
34S_b_ddg 0.77190296753953 0.735913420536244 0.77190296753953
34T_b_ddg 0.921845680572611 0.885856133569325 0.957835227575897
34Y_b_ddg 0.302921880980748 0.266932333977462 0.338911427984034
35C_b_ddg 0.18039083629567 0.144401289292384 0.18039083629567
35G_b_ddg -0.153124210995554 -0.261092852005413 -0.045155569985695
35K_b_ddg 1.9210435459797 1.59713762295012 2.64083448604543
35L_b_ddg 1.61467956180826 1.61467956180826 1.65066910881155
35M_b_ddg 2.1149855089678 1.79107958593822 2.65482871401709
35R_b_ddg 1.8484498839233 1.8484498839233 1.92042897792987
35S_b_ddg 1.34946887701342 1.31347933001013 1.38545842401671
35Y_b_ddg 2.06100602291854 1.66512100588239 2.63683877497112
36C_b_ddg 0.117961803596013 0.117961803596013 0.117961803596013
36G_b_ddg 0.00535874057590923 0.00535874057590923 0.00535874057590923
36L_b_ddg 0.62582102621674 0.62582102621674 0.62582102621674
36M_b_ddg 0.872668029567942 0.620741200544938 1.05261576458437
36R_b_ddg 0.021807752229141 0.021807752229141 0.021807752229141
36S_b_ddg -0.0080760181426524 -0.0800551121492251 0.0279135288606339
36Y_b_ddg 0.673896636407098 0.45795935438738 0.85384437142353
37E_b_ddg -4.54557306689724 -10.0159842113968 -3.57385529780851
37I_b_ddg -3.71689828956789 -9.18730943406742 -2.78117006748244
37L_b_ddg -0.612250499954338 -6.08266164445386 -0.000428200898470066
37N_b_ddg -1.77688547807145 -2.78459279416347 -1.45297955504187
37Q_b_ddg -3.59317303187714 -9.06358417637666 -2.69343435679498
37R_b_ddg -0.287495981834962 -0.359475075841535 -0.215516887828389
37T_b_ddg -4.22865356659358 -9.6990647110931 -3.32891489151142
37Y_b_ddg -0.686346389917414 -6.15675753441694 -0.110513637864832
38A_b_ddg -0.364772868915792 -0.472741509925651 -0.256804227905933
38C_b_ddg -0.41279700270792 -0.916650660753929 0.0190775613315161
38E_b_ddg -0.0543808307277353 -0.0903703777310216 -0.018391283724449
38L_b_ddg -0.833641095782031 -1.55343203584776 -0.293797890732736
38R_b_ddg -0.0457478210417176 -0.0457478210417176 -0.0457478210417176
38V_b_ddg -0.0897391298047166 -0.125728676808003 -0.0537495828014303
39D_b_ddg -0.585813471489385 -0.693782112499244 -0.477844830479526
39G_b_ddg -0.852321289376164 -1.10424811839917 -0.672373554359732
39P_b_ddg -0.00394694951319695 -0.0759260435197696 0.0680321444933757
39S_b_ddg -0.577343195788881 -0.721301383802026 -0.469374554779022
39T_b_ddg 0.00480738895666648 -0.0311821580466199 0.0407969359599528
39V_b_ddg -0.0242846958590977 -0.060274242862384 0.0117048511441886
3A_b_ddg -0.153359162110823 -0.225338256117396 -0.0813800681042503
3D_b_ddg -0.00616251348194425 -0.00616251348194425 -0.00616251348194425
3F_b_ddg -0.141016717665531 -0.212995811672104 -0.0690376236589583
3G_b_ddg -0.292754293046084 -0.32874384004937 -0.256764746042798
3I_b_ddg 0.0275784636671139 0.0275784636671139 0.0275784636671139
3L_b_ddg -0.241095496701025 -0.277085043704311 -0.205105949697739
3N_b_ddg -0.627701404829187 -0.98759687486205 -0.30379548179961
40F_b_ddg -0.125372157353139 -0.161361704356425 -0.0893826103498526
40G_b_ddg -0.239201016617664 -0.27519056362095 -0.203211469614378
40H_b_ddg -0.259223823228181 -0.547140199254472 -0.0432865412084629
40N_b_ddg -0.570975937225158 -1.00285050126459 -0.283059561198867
40R_b_ddg -0.095352537459951 -0.131342084463237 -0.095352537459951
40S_b_ddg -0.185131057737979 -0.221120604741265 -0.149141510734693
40W_b_ddg -0.0895904638226476 -0.125580010825934 -0.0536009168193613
40Y_b_ddg -0.0732853469884364 -0.0732853469884364 -0.0732853469884364
41D_b_ddg -0.643134421137943 -0.96704034416752 -0.427197139118225
41I_b_ddg -0.309966024245055 -0.561892853268059 -0.0940287422253369
41L_b_ddg -0.304911954625298 -0.304911954625298 -0.304911954625298
41N_b_ddg -1.5298484307616 -7.00025957526112 -1.02599477271559
41P_b_ddg -0.0145247618577153 -0.086503855864288 0.0574543321488574
41Q_b_ddg -0.363636889596759 -0.435615983603332 -0.291657795590186
41R_b_ddg 0.18371746418799 0.147727917184704 0.219707011191276
41Y_b_ddg -0.264135993709617 -0.33611508771619 -0.228146446706331
42A_b_ddg -0.252458956452652 -0.288448503455938 -0.216469409449366
42E_b_ddg -0.262106417254751 -0.298095964258037 -0.226116870251465
42L_b_ddg -0.65970963100266 -0.803667819015805 -0.515751442989515
42M_b_ddg -0.20387598242478 -0.419813264444498 -0.0239282474083483
42R_b_ddg -0.143237419416562 -0.143237419416562 -0.143237419416562
42V_b_ddg -0.0323227773775508 -0.0323227773775508 -0.0323227773775508
42W_b_ddg -0.0771847857580347 -0.0771847857580347 -0.0771847857580347
43E_b_ddg -1.47786021848403 -6.94827136298355 -0.938017013434735
43H_b_ddg -0.454807672505427 -0.562776313515286 -0.382828578498854
43K_b_ddg 0.412209976110546 0.37622042910726 0.448199523113832
43L_b_ddg -0.375107578057293 -0.447086672063866 -0.339118031054007
43P_b_ddg -0.173388990511156 -0.245368084517729 -0.101409896504583
43R_b_ddg 0.000709415655605556 -0.0712696783509671 0.0366989626588919
44A_b_ddg 0.145042966542839 0.109053419539553 0.181032513546125
44I_b_ddg -0.0345275297754312 -0.106506623782004 0.0374515642311415
44K_b_ddg -1.42119377820004 -6.89160492269956 -0.593434197124454
44N_b_ddg -0.5643969335211 -0.708355121534245 -0.456428292511241
44P_b_ddg -0.176869208877452 -0.212858755880738 -0.140879661874166
44S_b_ddg -0.423231838078138 -0.495210932084711 -0.351252744071565
45A_b_ddg -0.014127034295879 -0.0501165812991653 0.0218625127074073
45C_b_ddg 0.00958309510073378 0.00958309510073378 0.00958309510073378
45D_b_ddg 0.0166414309678982 0.0166414309678982 0.0166414309678982
45F_b_ddg 0.644210354678434 0.39228352565543 0.896137183701438
45H_b_ddg 0.365079170591316 -1.65033546159272 5.83549031509084
45I_b_ddg -0.124036795174821 -0.591900906217544 0.415806409874474
45N_b_ddg -1.67953902123023 -3.62297455940769 -1.24766445719079
45R_b_ddg -0.219344744630187 -0.29132383863676 -0.147365650623614
45S_b_ddg -0.0111595136957335 -0.0111595136957335 -0.0111595136957335
45V_b_ddg -0.000552072298713031 -0.000552072298713031 0.0354374747045733
45Y_b_ddg -0.30700079133811 -0.594917167364401 0.0169051316914671
46I_b_ddg 0.0592948586922329 0.0233053116889466 0.0952844056955192
46K_b_ddg 1.82687137508275 1.82687137508275 1.86286092208604
46L_b_ddg -3.57230405528519 -9.04271519978471 -2.67256538020303
46R_b_ddg 1.91953218950735 1.84755309550078 1.95552173651064
46T_b_ddg 0.0309999732883381 -0.00498957371494825 0.0669895202916244
46V_b_ddg -0.0796414235878892 -0.115630970591176 -0.0436518765846029
47C_b_ddg -0.0192409200651238 -0.0552304670684101 0.0527381739414489
47I_b_ddg 0.040422295560489 0.040422295560489 0.040422295560489
47L_b_ddg -0.0737040364608777 -0.0737040364608777 -0.0737040364608777
47S_b_ddg -0.00861465436248759 -0.00861465436248759 -0.00861465436248759
47V_b_ddg 0.00761593523854376 -0.0283736117647426 0.0436054822418301
47Y_b_ddg -0.0458069865276092 -0.0458069865276092 -0.0458069865276092
48A_b_ddg 0.351442249758551 0.279463155751978 0.423421343765124
48H_b_ddg 1.75446644209828 1.75446644209828 1.79045598910157
48L_b_ddg 1.2027317800433 1.16674223304001 1.2027317800433
48Q_b_ddg -0.272187159397001 -0.919999005456155 0.0517187636325761
48R_b_ddg 1.50922162616321 1.47323207915992 1.50922162616321
48S_b_ddg 0.858231370468775 0.822241823465489 0.858231370468775
48T_b_ddg 0.0817939972146185 0.0458044502113321 0.0817939972146185
49C_b_ddg -3.82168159020488 -9.2920927347044 -2.92194291512272
49F_b_ddg -0.932622202956132 -6.40303334745566 -0.392778997906837
49G_b_ddg -1.00379323408023 -1.83155281515582 -0.679887311050653
49H_b_ddg -0.29401726884818 -0.330006815851466 -0.258027721844894
49L_b_ddg -0.869989462725032 -0.977958103734891 -0.798010368718459
49N_b_ddg -1.50108845914261 -6.97149960364214 -0.673328878067024
49P_b_ddg 1.32802281271013 1.29203326570684 1.32802281271013
49S_b_ddg -4.39046479300131 -9.86087593750083 -3.38275747690929
49Y_b_ddg -0.713068408009629 -3.62822171527582 -0.281193843970193
4E_b_ddg -1.43770651713595 -3.59707933733313 -1.07781104710309
4H_b_ddg -0.166311295479052 -0.202300842482338 -0.130321748475766
4K_b_ddg -0.334195451804182 -0.442164092814041 -0.226226810794323
4L_b_ddg 0.352360133954463 0.352360133954463 0.388349680957749
4M_b_ddg 1.25163507550389 1.17965598149732 1.32361416951046
4P_b_ddg -0.154652836825076 -0.262621477834935 -0.046684195815217
4R_b_ddg -0.580350470501039 -0.724308658514184 -0.47238182949118
4T_b_ddg 0.0323448158226652 -0.651456577239775 0.392240285855529
50C_b_ddg 0.804226524615558 0.552299695592554 1.02016380663528
50D_b_ddg -0.24473032990695 -0.316709423913523 -0.172751235900377
50F_b_ddg 0.936609151860974 0.756661416844542 1.08056733987412
50H_b_ddg 0.51632099387921 0.444341899872637 0.588300087885783
50I_b_ddg 0.838477455647883 0.838477455647883 0.838477455647883
50K_b_ddg 1.16661961525254 1.16661961525254 1.16661961525254
50S_b_ddg 0.423974723750916 0.38798517674763 0.459964270754202
50T_b_ddg 0.163103270645334 0.0911241766387613 0.235082364651907
50Y_b_ddg 0.776074015457373 0.740084468454087 0.776074015457373
51C_b_ddg 1.66602528217463 1.63003573517134 1.66602528217463
51D_b_ddg -0.0422784675044372 -0.222226202520869 0.101679720508708
51F_b_ddg 0.417470177201167 0.381480630197881 0.417470177201167
51H_b_ddg -3.02872271293665 -8.49913385743617 -2.16497358485778
51I_b_ddg 1.99137010473847 1.81142236972204 2.20730738675819
51L_b_ddg 1.76137047814781 1.50944364912481 2.0492868541741
51N_b_ddg 0.0689295545523338 0.0329400075490474 0.0689295545523338
51S_b_ddg 1.81870622648873 1.74672713248216 1.8906853204953
52A_b_ddg 0.0302341116182531 -0.00575543538503325 0.0302341116182531
52D_b_ddg 0.0117548847052636 -0.0242346622980227 0.0117548847052636
52E_b_ddg -0.2733969082087 -0.849229660261282 0.374414937850454
52F_b_ddg 0.174536612989491 0.138547065986205 0.210526159992777
52G_b_ddg -0.119497286122806 -0.155486833126092 -0.0835077391195196
52I_b_ddg -0.237227334593862 -0.273216881597148 -0.201237787590576
52L_b_ddg 0.0567573520895761 0.0207678050862898 0.0927468990928624
52Y_b_ddg -0.562344189713036 -1.03020830075576 -0.238438266683459
53A_b_ddg -0.889473663240075 -1.21337958626965 -0.709525928223643
53I_b_ddg 0.352431908077187 0.352431908077187 0.388421455080473
53N_b_ddg -0.0860700685619382 -0.194038709571797 -0.0140909745553655
53P_b_ddg 0.00803542413683579 -0.0639436698697369 0.0800145181434085
53S_b_ddg -0.347721883702032 -0.419700977708605 -0.275742789695459
54A_b_ddg -0.0236241629704699 -0.131592803980329 0.0843444780393891
54H_b_ddg -0.690667170271607 -0.906604452291325 -0.546708982258462
54L_b_ddg -0.400549750130537 -0.508518391140396 -0.292581109120678
54N_b_ddg 0.117649941389829 -0.602140998675898 0.477545411422692
54Q_b_ddg -0.736523993998714 -6.20693513849824 -0.0527226009362735
54R_b_ddg -0.25564719420641 -0.435594929222842 -0.111689006193265
54S_b_ddg -0.218426538452759 -0.326395179462618 -0.146447444446186
54T_b_ddg -0.337455278552863 -0.481413466566008 -0.229486637543004
55A_b_ddg 0.356411404603896 0.32042185760061 0.356411404603896
55E_b_ddg -0.148202115723443 -0.184191662726729 -0.112212568720157
55G_b_ddg 0.338510519087993 0.26653142508142 0.410489613094566
55L_b_ddg -0.139326365794713 -0.211305459801286 -0.0673472717881403
55M_b_ddg -0.114514199901909 -0.186493293908482 -0.0785246528986226
55P_b_ddg 0.258301581561124 -0.137583435475026 0.510228410584128
55S_b_ddg -0.192383313888708 -5.66279445838823 0.275480797154015
55T_b_ddg -0.239379477639285 -0.563285400668862 -0.0234421956195669
56D_b_ddg -0.396091333310182 -0.540049521323327 -0.288122692300323
56F_b_ddg -0.221352990846097 -1.0131230249184 0.138542479186766
56H_b_ddg -0.0859916406760778 -0.229949828689223 0.0219770003337812
56I_b_ddg 0.0956987049556028 0.0597091579523165 0.131688251958889
56K_b_ddg -0.137296373090491 -0.209275467097064 -0.101306826087205
56S_b_ddg -0.0620542636932164 -0.134033357699789 0.00992483031335629
56T_b_ddg -0.545420247619546 -0.833336623645837 -0.329482965599828
56Y_b_ddg -0.22602934106776 -0.262018888071046 -0.190039794064474
5D_b_ddg 0.0108019625670899 -0.0251875844361964 0.0467915095703762
5E_b_ddg -1.78144709617815 -7.25185824067767 -1.27759343813214
5G_b_ddg -0.348570339711226 -0.420549433717799 -0.276591245704653
5P_b_ddg -0.0945790534251394 -0.166558147431712 -0.0225999594185667
5S_b_ddg -0.232763025558931 -0.268752572562217 -0.196773478555645
5T_b_ddg -0.0261741819219054 -0.0261741819219054 -0.0261741819219054
5V_b_ddg -0.0264378127968478 -0.0264378127968478 -0.0264378127968478
6F_b_ddg -0.0632140436219058 -0.0632140436219058 -0.0632140436219058
6H_b_ddg 0.120484643404155 0.0844950964008687 0.156474190407441
6I_b_ddg 0.204994900027358 0.169005353024072 0.240984447030644
6P_b_ddg 0.01005689913373 -0.0259326478695563 0.0460464461370163
6R_b_ddg 0.276870569926993 0.168901928917134 0.348849663933566
6V_b_ddg 0.0182746063934809 -0.197662675626237 0.162232794406626
7C_b_ddg 1.71749464277162 1.68150509576833 1.71749464277162
7I_b_ddg 0.166162900461105 0.130173353457819 0.166162900461105
7L_b_ddg 1.6563732549664 1.6563732549664 1.69236280196969
7S_b_ddg 1.55590489640754 1.51991534940425 1.55590489640754
7V_b_ddg 1.95784548576465 1.92185593876136 1.99383503276794
7Y_b_ddg -0.494768495727202 -0.602737136737061 -0.422789401720629
8A_b_ddg -0.306740278470892 -0.378719372477465 -0.234761184464319
8C_b_ddg -0.468706006517003 -0.612664194530148 -0.324747818503858
8E_b_ddg -0.110405942392278 -0.110405942392278 -0.0744163953889916
8G_b_ddg -0.18219162545278 -0.18219162545278 -0.18219162545278
8H_b_ddg -0.423994257741347 -0.49597335174792 -0.352015163734774
8N_b_ddg -0.676667358778382 -0.820625546791527 -0.568698717768523
8V_b_ddg -0.0298066748233285 -0.0298066748233285 -0.0298066748233285
8Y_b_ddg 0.0864703669181293 0.050480819914843 0.122459913921416
9C_b_ddg 1.77545081737331 1.70347172336674 1.88341945838317
9H_b_ddg 1.86185184001899 1.53794591698941 2.29372640405843
9I_b_ddg 0.0164819001623185 0.0164819001623185 0.0164819001623185
9L_b_ddg 0.0954886854579966 0.0954886854579966 0.0954886854579966
9P_b_ddg -0.505228097355542 -1.51293541344756 -0.0373639863128195
9S_b_ddg 0.1304533878557 0.1304533878557 0.1304533878557
9T_b_ddg -0.00958804842142049 -0.225525330441139 0.206349233598298
9V_b_ddg 1.85108886132927 1.81509931432598 1.92306795533584
9Y_b_ddg 1.90748537997729 1.90748537997729 1.94347492698058
b_dgwt -4.90215960683159 -10.3725707513311 -1.80705856454896
b_fwt 0.95407427899986 0.95407427899986 0.95407427899986
b_f0 -0.2 -0.51875 -0.15625
s_dgwt 3.2739355013027 0.545583185532329 6.00228781707307
s_fwt 1.01029836700001 1.00404836700001 1.01654836700001
s_f0 0.214131585793288 0.214131585793288 0.214131585793288
