par value lower upper
10A_s_ddg 0.356043800406916 -0.165092032913515 1.18986113371961
10C_s_ddg 0.37728264146327 -0.508648275181463 1.263213558108
10E_s_ddg -0.169947518861507 -0.586856185517852 0.637813022785161
10F_s_ddg 0.338234445938412 -0.938548345696645 1.43261969591132
10G_s_ddg 1.34330934460628 1.004571052948 2.17712667791897
10H_s_ddg -0.0295906686199953 -1.74933891857742 1.22113533134904
10I_s_ddg -0.075380988271144 -1.37822057157222 1.01900426170176
10K_s_ddg 0.20159660057787 -0.319539232742561 1.03541393389056
10L_s_ddg 0.603648134089371 0.0825123007689398 1.43746546740206
10M_s_ddg 0.373152635814457 -0.40855111416619 1.20696996912715
10N_s_ddg 0.111220060177847 -1.21767631478925 1.12743493515269
10P_s_ddg 1.6095107308708 0.515125480897894 5.57014306410608
10Q_s_ddg 0.0874853187906437 -0.537877681193874 0.921302652103334
10R_s_ddg 0.556370008121875 0.191574924797573 1.39018734143457
10S_s_ddg 0.377178244900958 -0.326355130081624 1.23705236987967
10T_s_ddg 0.112564485405679 -0.669139264574968 0.946381818718369
10V_s_ddg -0.0260945497743091 -0.443003216430654 0.781665991872359
10W_s_ddg 0.620871786974046 0.203963120317701 1.45468912028674
10Y_s_ddg 0.0621684562143317 -0.980103210426531 1.02626974785713
11A_s_ddg 0.0348732684527427 -1.11162556485221 0.972917768429519
11C_s_ddg 1.073426719286 -1.40196848898605 5.03405905252128
11D_s_ddg 1.80711638916604 0.347936055868832 5.76774872240132
11E_s_ddg 1.67265055216586 -0.307665614451779 5.63328288540114
11F_s_ddg 2.6160003959067 0.11454839596863 6.57663272914198
11G_s_ddg -0.226482816947114 -0.773675441933567 0.581277724699554
11H_s_ddg 1.42636804345409 0.410153168479249 5.38700037668937
11I_s_ddg 2.05114339194162 -0.29396785800032 6.0117757251769
11K_s_ddg 0.927638721244584 -0.583655195384667 4.88827105447986
11L_s_ddg 2.10054257718571 1.03221411887883 6.06117491042099
11M_s_ddg 1.75876293462536 -0.0912692736621712 5.71939526786064
11N_s_ddg 1.36061181887075 -0.254909264422587 5.32124415210603
11Q_s_ddg 1.41373462744622 -0.0975592891830308 5.3743669606815
11R_s_ddg 1.19442989883202 0.386669357185352 2.23670156547288
11S_s_ddg 0.533421525763216 -0.0919414742213015 1.36723885907591
11T_s_ddg 0.55182176155935 -0.386222738417426 1.56803663653419
11V_s_ddg 1.38106473125977 0.130338731290735 5.34169706449505
11W_s_ddg 2.69855721788512 1.00486575959372 6.6591895511204
11Y_s_ddg 2.66182804039659 -1.14246354284256 6.62246037363187
12A_s_ddg 0.299010091727239 -0.586920824917494 1.18494100837197
12C_s_ddg 0.376665883642551 -3.58396644959273 2.59149317525438
12D_s_ddg 0.385968723165548 -1.82885856844629 4.34660105640083
12E_s_ddg 0.152597665344201 -0.941787584628705 1.03852858198893
12F_s_ddg 1.17977288829759 -2.78085944493769 5.14040522153287
12G_s_ddg 0.575232410119146 -0.02407379819935 1.43510653509786
12H_s_ddg 0.353009123740182 -0.246297084578314 1.18682645705287
12K_s_ddg 0.280965625555507 -0.761306041085355 1.42746445886046
12L_s_ddg 0.682754179658052 0.213731929669664 1.51657151297074
12M_s_ddg 0.393282925804443 -1.84760115747341 1.85246325910165
12P_s_ddg 1.60317918347846 -2.3313963580908 5.56381151671374
12R_s_ddg 0.070536910802874 -0.528769297515622 0.904354244115564
12S_s_ddg 0.185197867606968 -1.14369850736013 1.59226461757213
12T_s_ddg 0.0387849753953371 -3.92184735783994 1.88881718368287
12V_s_ddg 0.216509020483249 -0.982103396153743 1.25878068712411
12W_s_ddg 1.17951311108785 0.319638986109138 2.24784156939473
12Y_s_ddg 1.41244419950533 -1.63620042541919 5.37307653274061
13A_s_ddg 0.204739919258054 -1.01992928904496 1.22095479423289
13C_s_ddg 0.405531373166615 -3.55510096006866 2.30767716478619
13D_s_ddg 0.126385154803246 -0.577148220179336 0.986259279781958
13F_s_ddg 0.564803782387316 -3.39582855084796 4.52543611562259
13G_s_ddg 0.0568356499093116 -0.698811308405314 0.916709774888023
13H_s_ddg -0.38692078971035 -4.34755312294563 3.57371154352493
13I_s_ddg 0.658036131279769 -3.30259620195551 4.61866846451505
13K_s_ddg -0.432670127949814 -1.55311216958874 0.453260788694919
13L_s_ddg 0.569812523036814 -0.941481393592437 2.10716323133209
13M_s_ddg 0.240527259658629 -3.72010507357665 2.40324096793842
13N_s_ddg -0.375679329147737 -4.33631166238301 2.22999983745442
13P_s_ddg 1.82398467363631 -2.03242049293488 5.78461700687159
13Q_s_ddg 0.106768263010512 -3.85386407022477 4.06740059624579
13R_s_ddg -0.141718810322224 -1.73118310194954 0.978723231316703
13S_s_ddg 0.032696015033585 -1.55676827659373 1.20525164000456
13T_s_ddg 0.130413708443278 -2.8661173331492 1.66776441673855
13V_s_ddg 0.363598639598255 -0.209650777054219 1.22347276457697
13W_s_ddg 0.871290828515818 -0.144924046459023 1.91356249515668
13Y_s_ddg 0.266794718117353 -3.69383761511792 4.22742705135263
14A_s_ddg 0.118968686992846 -3.47686856291813 1.78660335361823
14C_s_ddg 0.815002058947436 -3.14563027428784 4.77563439218271
14E_s_ddg -0.100538315545503 -1.4294346905126 0.863562976097295
14F_s_ddg 1.14481827350841 -2.81581405972687 5.10545060674369
14G_s_ddg 0.86433495651281 0.0565744148661416 1.77632266482356
14H_s_ddg 1.76004137483706 -2.20059095839822 5.72067370807234
14I_s_ddg 1.53363756806159 -2.42699476517369 5.49426990129687
14K_s_ddg 0.199484530470288 -3.76114780276499 4.16011686370557
14L_s_ddg 0.857583973008728 -3.10304836022655 4.81821630624401
14M_s_ddg 0.617345496070619 -3.34328683716466 4.5779778293059
14N_s_ddg 0.640822327391077 -3.3198100058442 4.60145466062635
14P_s_ddg 0.0139340479492038 -3.94669828528607 3.21891942286986
14Q_s_ddg 0.356611465350608 -3.60402086788467 4.31724379858589
14R_s_ddg 0.635949225268588 -1.21408298301894 4.59658155850387
14S_s_ddg 0.490065651505619 -3.47056668172966 4.4506979847409
14T_s_ddg 0.516170666426672 -3.44446166680861 1.76689666639571
14V_s_ddg 0.3609461272334 -0.160189706087031 1.19476346054609
14W_s_ddg 2.26701174956189 -1.69362058367339 6.22764408279717
14Y_s_ddg 0.750184960794431 -0.995620080829014 1.89668379409938
15A_s_ddg 0.7808404780458 -0.652283063585386 2.63087268633333
15C_s_ddg 0.378738513611811 -3.58189381962347 4.33937084684709
15D_s_ddg 0.495581005914697 -3.46505132732058 4.45621333914997
15E_s_ddg 0.825069220246906 -0.425656779722129 2.25819276187809
15F_s_ddg 1.32505102672536 -1.25457134821077 5.28568335996064
15H_s_ddg 0.157108574611949 -3.80352375862333 4.11774090784723
15I_s_ddg 1.25791540581339 -2.70271692742189 5.21854773904867
15K_s_ddg 0.889089870740749 -1.09122629587689 4.84972220397603
15L_s_ddg 1.59331528106932 0.342589281100285 5.5539476143046
15M_s_ddg 1.33957723080985 -0.849193269135961 5.30020956404513
15N_s_ddg 0.146772225959337 -3.81386010727594 4.10740455919461
15P_s_ddg 2.95751547106358 -1.0031168621717 6.91814780429886
15Q_s_ddg 1.57600424138868 -2.3846280918466 5.53663657462396
15R_s_ddg 0.813707898215931 -0.176450185092888 1.85597956485679
15S_s_ddg 0.839164393621561 -0.932697439667905 4.79979672685684
15T_s_ddg 0.393113760549052 -3.56751857268623 2.34737313550067
15V_s_ddg 1.19763551882575 0.285647810514995 2.57864547712489
15W_s_ddg 0.320924015147566 -1.03402915148556 1.44136605678649
15Y_s_ddg 0.453019211260048 -3.50761312197523 4.41365154449533
16A_s_ddg 0.422997940308586 -0.436876184670126 1.33498564861934
16C_s_ddg 0.0619663937043856 -1.21481639793067 1.39086276867149
16D_s_ddg 0.401676836103986 -2.04766158050204 2.12142508606141
16F_s_ddg -0.411307617964208 -4.37193995119949 3.54932471527107
16G_s_ddg 0.389524548864463 -0.00132732612586045 1.22334188217715
16H_s_ddg -0.444349972466982 -4.40498230570226 0.75426244417001
16I_s_ddg 0.320801452828987 -3.63983088040629 4.28143378606426
16K_s_ddg -0.578028962320858 -2.24566362894624 0.698753829314199
16L_s_ddg -0.341854483317833 -1.09750144163246 0.491962849994857
16M_s_ddg -0.965187791506666 -4.92582012474194 0.546106125122585
16N_s_ddg 0.608429106672291 -2.07542043492793 2.4324045232938
16P_s_ddg 2.50021472612929 0.806523267837889 6.46084705936457
16Q_s_ddg -0.683987983964725 -4.6446203172 0.749135557666461
16R_s_ddg 0.167118257220533 -0.510358326096028 1.00093559053322
16S_s_ddg 0.751803222225756 0.0482698472431738 1.63773413887049
16T_s_ddg 0.601888519897938 -0.648837480071097 1.69627376987084
16V_s_ddg 0.304551339591521 -0.294754868726975 1.16442546457023
16W_s_ddg -0.532226935236431 -1.67872576854138 0.562158314736475
16Y_s_ddg -0.224796580435676 -4.18542891367095 3.7358357527996
17A_s_ddg 2.3201855524999 -0.18126644743817 6.28081788573518
17C_s_ddg 3.00806803641181 -0.952564296823467 6.96870036964709
17D_s_ddg 3.22802221576373 -0.732610117471547 7.18865454899901
17E_s_ddg 3.43766679153867 0.180567833285974 7.39829912477395
17F_s_ddg 0.903874968085989 -3.05675736514929 4.86450730132127
17G_s_ddg 2.54019758297069 1.18524441633757 6.50082991620597
17H_s_ddg 2.89898032875789 -0.253891462830719 6.85961266199317
17I_s_ddg 2.69770997880035 -1.26292235443493 6.65834231203563
17K_s_ddg 2.6395618704496 0.398677787171746 6.60019420368488
17M_s_ddg 1.03459753641468 0.20078020310199 2.12898278638759
17N_s_ddg 2.66277308551736 -0.125303622746948 6.62340541875264
17P_s_ddg 1.88244637559898 0.944401875622204 5.84307870883426
17Q_s_ddg 1.96892682118071 0.718200821211675 5.92955915441599
17R_s_ddg 2.5426499909071 1.23981040760602 6.50328232414238
17S_s_ddg 2.96235705217946 0.12216676058311 6.92298938541474
17T_s_ddg 3.57623458868397 0.319135630431274 7.53686692191925
17V_s_ddg 1.81589793539774 1.1644781437472 3.01451035203473
17W_s_ddg 1.97393209359492 0.697149301959863 5.9345644268302
17Y_s_ddg 3.6846515109425 -0.275980822292778 7.64528384417778
18A_s_ddg -0.198479993971942 -0.771729410624416 0.635337339340748
18C_s_ddg 0.131989856036519 -0.493373143947998 0.965807189349209
18D_s_ddg 1.1878024986742 0.510325915357639 2.04767662365291
18E_s_ddg 0.166944892801731 -0.745042815509024 1.05287580944646
18F_s_ddg -0.0275999113755169 -1.66917778633488 1.24918288025954
18H_s_ddg 0.313930259526325 -2.31780569874185 4.2745625927616
18I_s_ddg 1.17871374261882 -0.254409799012366 5.1393460758541
18K_s_ddg -0.0654540223748488 -1.88942943899636 1.00287443593204
18L_s_ddg 0.765982998114865 0.166676789796369 1.62585712309358
18M_s_ddg 0.203927125083464 -1.25525320821374 1.27225558339035
18N_s_ddg 0.848418176288301 -1.36640911532353 4.80905050952358
18P_s_ddg 0.289990803446047 -3.67064152978923 4.25062313668132
18Q_s_ddg 0.171318516806489 -3.78931381642879 1.3959877251095
18R_s_ddg 0.0989227899943095 -0.344042668328057 0.906683331640978
18S_s_ddg -0.122238292654944 -0.669430917641397 0.685522248991724
18T_s_ddg 0.239345931466144 -3.72128640176913 1.69852626476335
18V_s_ddg 0.720826546952966 0.329974671962643 1.55464388026566
18W_s_ddg -0.0192018969396271 -0.436110563595972 0.788558644707041
18Y_s_ddg 0.124285361710926 -0.657418388269721 1.01021627835566
19A_s_ddg 1.85956453330576 1.26025832498726 2.74549544995049
19C_s_ddg 2.05804643022377 0.781263638588713 6.01867876345905
19D_s_ddg 2.67757204807749 1.03599417311813 6.63820438131277
19E_s_ddg 2.58640179144333 1.38778937480634 6.54703412467861
19G_s_ddg 2.57377107877962 1.89629449546306 6.5344034120149
19H_s_ddg 2.50661765174328 1.02138052678005 6.46724998497856
19I_s_ddg 1.8080680183983 0.739739560091416 5.76870035163358
19K_s_ddg 2.3915172742586 1.21896164928763 6.35214960749388
19L_s_ddg 1.31803833904817 0.901129672391825 2.17791246402688
19M_s_ddg 1.8107346669052 0.846633375262402 5.77136700014048
19N_s_ddg 2.58790440230318 1.02449690234189 6.54853673553846
19P_s_ddg 2.98302572487566 0.742141641597806 6.94365805811094
19Q_s_ddg 2.98300058659475 1.23719554497131 6.94363291983003
19R_s_ddg 2.55634668950795 1.59224539786515 6.51697902274323
19S_s_ddg 2.24273996356254 1.30469546358576 6.20337229679782
19T_s_ddg 2.57081071535904 1.08557359039581 6.53144304859432
19V_s_ddg 2.31245720060547 1.42652628396074 6.27308953384075
19W_s_ddg 2.57481180609724 1.58465372278842 6.53544413933252
19Y_s_ddg 2.00472971315111 1.04062842150831 5.96536204638639
1A_s_ddg 0.361558053205294 -0.289861738445245 1.19537538651798
1C_s_ddg 0.0374525589459547 -0.718194399368671 0.897326683924666
1D_s_ddg 0.138657392331397 -1.4247501076299 1.31121301730237
1E_s_ddg 0.0571314259810043 -0.490061199005449 0.890948759293694
1F_s_ddg -0.257219899458322 -0.934696482774883 0.576597433854368
1G_s_ddg 0.232967314409458 -0.23605493557893 1.06678464772215
1H_s_ddg 0.0736385020420692 -1.0989171229289 1.08985337701691
1I_s_ddg 0.0608606344372413 -0.408161615551147 0.86862117608391
1K_s_ddg 0.032650149372258 -0.488485683948173 0.866467482684948
1L_s_ddg -0.120694707381185 -1.13690958235603 0.79129300092957
1M_s_ddg -0.080508471081949 -0.419246762740229 0.727252070564719
1N_s_ddg -0.0448618580754834 -0.956849566386238 0.893182641901293
1P_s_ddg 0.367417902263278 -2.57699955599716 2.00899577722264
1Q_s_ddg 0.0664970650699639 -0.637036309912618 0.926371190048676
1R_s_ddg 0.308335683156709 -0.0825161918336145 1.11609622480338
1S_s_ddg 0.00417752754775057 -0.490901514106659 0.811938069194419
1V_s_ddg 0.0108414125697678 -0.432124045752599 0.818601954216436
1W_s_ddg 0.439026788720048 -0.00393866960231853 1.27284412203274
1Y_s_ddg 0.0611593189373598 -0.694487639377266 0.89497665225005
20A_s_ddg 0.572159655916706 0.129194197594339 1.4059769892294
20C_s_ddg 0.87104390499894 0.37596486334453 1.70486123831163
20D_s_ddg 1.25229575202027 0.131853710381343 5.21292808525555
20E_s_ddg 0.518041541152882 0.0490192911644939 1.35185887446557
20F_s_ddg 1.06192011147718 0.280216361496533 1.97390781978793
20G_s_ddg 0.994634449649703 0.708009741323466 1.82845178296239
20H_s_ddg 0.283216650850718 -0.52454389079595 1.11703398416341
20I_s_ddg 1.1990195270084 0.0525206937034512 2.68425665197163
20K_s_ddg -0.422804506591592 -0.969997131578045 0.384956035055076
20L_s_ddg 0.904760295798941 0.513908420808618 1.73857762911163
20M_s_ddg 0.674603594996572 0.0492405950120545 1.53447771997528
20N_s_ddg 0.635849277085831 -0.119797681228794 1.52178019373056
20P_s_ddg 2.01960032007114 0.820987903434148 5.98023265330642
20Q_s_ddg 0.246555304001211 -0.352750904317285 1.0803726373139
20S_s_ddg 0.377781418767654 -0.0651840395547126 1.21159875208034
20T_s_ddg 0.710660764830994 0.0331841815144334 1.59659168147573
20V_s_ddg 0.757129921387699 0.340221254731354 1.59094725470039
20W_s_ddg 1.45748903097804 0.936353197657609 2.34341994762277
20Y_s_ddg 1.18212047415462 0.113792015847736 3.39694776576645
21A_s_ddg -0.275495704515657 -0.692404371172002 0.532264837131011
21C_s_ddg 0.751367705775567 0.204175080789114 1.61124183075428
21D_s_ddg 1.77011294194847 0.0243079003250253 5.73074527518375
21E_s_ddg -0.0500129278407235 -0.414808011165025 0.757747613805945
21F_s_ddg 1.49517827529285 0.557133775316074 5.45581060852813
21G_s_ddg 1.1907197390507 0.904095030724463 2.02453707236339
21H_s_ddg 0.790498585377525 -0.981363247911941 2.71870116866312
21I_s_ddg 1.07024913017703 0.0540342552021891 3.18084925512478
21K_s_ddg -0.482511547918428 -0.873363422908751 0.32524899372824
21L_s_ddg 1.24550824808728 0.880713164762978 2.07932558139997
21M_s_ddg 0.431783296016024 -0.0111821623063426 1.26560062932871
21N_s_ddg 1.34094292554217 0.402898425565394 2.93040721716949
21P_s_ddg 2.02031526641067 0.978043599769808 5.98094759964595
21Q_s_ddg 0.0216746125003698 -0.395234054155975 0.829435154147038
21S_s_ddg 0.39051790446419 -0.0785043455241982 1.19827844611086
21T_s_ddg 0.348214131480333 -0.19897849350612 1.18203146479302
21V_s_ddg 0.202836606805627 -0.135901684852653 1.0105971484523
21W_s_ddg 2.0827540302884 1.63978857196603 2.96868494693313
21Y_s_ddg 1.55143090292778 0.37887527795681 5.51206323616306
22A_s_ddg 2.11483267832897 1.28101534501628 6.07546501156425
22C_s_ddg 2.26496361286094 0.545215362903517 6.22559594609622
22D_s_ddg 1.44311596247467 0.0881627958415487 5.40374829570995
22E_s_ddg 2.2945963172899 1.3304950256471 6.25522865052518
22F_s_ddg 1.64513054158456 0.368347749949503 5.60576287481984
22H_s_ddg 1.69898914460495 -2.26164318863033 5.65962147784023
22I_s_ddg 2.9112546360754 -1.04937769715988 6.87188696931068
22K_s_ddg 1.98943770896141 -1.31977483262333 5.95007004219669
22L_s_ddg 2.06360730299757 1.22978996968488 6.02423963623285
22M_s_ddg 2.36565978905721 0.255059664109464 6.32629212229249
22N_s_ddg 1.40866361594397 -0.076573509019259 5.36929594917925
22P_s_ddg 2.98218898012615 0.558907355186145 6.94282131336143
22Q_s_ddg 1.85545697560303 -0.906562940995256 5.81608930883831
22R_s_ddg 2.13015737433271 1.37451041601808 6.09078970756799
22S_s_ddg 2.15870546501306 1.16854738170424 6.11933779824834
22T_s_ddg 2.36993441707272 0.936810875441534 6.330566750308
22V_s_ddg 2.56296272484645 1.49463426653957 6.52359505808173
22W_s_ddg 2.0343066087411 1.0702053170983 5.99493894197638
22Y_s_ddg 1.77038390545986 -0.2359890528238 5.73101623869514
23A_s_ddg 1.7026030138184 0.894842472171732 4.49067972208271
23C_s_ddg 2.59818513689261 0.696039345273036 6.55881747012789
23E_s_ddg 0.557669737007086 0.140761070350741 1.39148707031978
23F_s_ddg 2.73979810245768 0.368630060849718 6.70043043569296
23G_s_ddg 2.49269405518759 1.68493351354092 6.45332638842287
23H_s_ddg 1.99596355958058 -0.0104093987030802 5.95659589281586
23I_s_ddg 2.86264096985107 0.335132178246978 6.82327330308635
23K_s_ddg 3.0158849830952 1.16585277480767 6.97651731633048
23L_s_ddg 2.44862047579141 1.11972410082431 6.40925280902669
23M_s_ddg 1.98417030208503 1.12429617710632 5.94480263532031
23N_s_ddg 2.15391421681046 0.851074633509382 6.11454655004574
23P_s_ddg 3.37474438298814 0.769065216385984 7.33537671622342
23Q_s_ddg 1.47654622083995 0.330047387535001 5.43717855407523
23R_s_ddg 2.67650985498047 1.42578385501143 6.63714218821575
23S_s_ddg 1.85935913258973 0.400178799292523 5.81999146582501
23T_s_ddg 1.52354059115507 0.533382507846251 5.48417292439035
23V_s_ddg 2.45478022593493 1.38645176762805 6.41541255917021
23W_s_ddg 1.50277096689574 0.851351175245201 2.41475867520649
23Y_s_ddg 2.593737589957 0.821875756667534 6.55436992319228
24A_s_ddg 1.1423538634406 -1.25487096983338 5.10298619667588
24C_s_ddg 0.91032496119145 -0.548855372105758 3.25543621113339
24D_s_ddg 0.268830719724379 -3.6918016135109 4.22946305295966
24E_s_ddg 0.869337006239961 -3.09129532699532 4.82996933947524
24G_s_ddg 1.92831679074431 0.521250040779146 5.88894912397959
24H_s_ddg 0.696644722559336 -3.26398761067594 4.65727705579461
24I_s_ddg -0.520015704621008 -1.22354907960359 0.28774483702566
24K_s_ddg 0.0583234336326734 -3.9023088996026 3.39359276688343
24L_s_ddg -0.230565591976268 -0.855928591960786 0.603251741336422
24M_s_ddg -0.173677685665244 -4.13431001890052 1.5721273559582
24N_s_ddg 1.54172784772469 -2.41890448551059 5.50236018095997
24P_s_ddg 1.86929070523613 -2.09134162799915 5.82992303847141
24Q_s_ddg 0.750266312757761 -3.21036602047752 4.71089864599304
24R_s_ddg -0.323827998326961 -2.14780341494847 0.770557251645945
24S_s_ddg 1.13287827931356 0.220890571002805 2.82656973760496
24T_s_ddg 0.641338472530701 -3.31929386070458 4.60197080576598
24V_s_ddg -0.191712875636033 -1.31215491727496 0.746331624340743
24W_s_ddg 0.0210668586730745 -2.87123701625532 1.92321265029265
24Y_s_ddg 0.294778002274543 -0.25241462271191 1.12859533558723
25A_s_ddg 2.67259962998615 0.796510630032597 6.63323196322143
25C_s_ddg 2.26207893174371 -1.4900990681634 6.22271126497899
25D_s_ddg 2.36773564829932 -0.654852184959181 6.3283679815346
25E_s_ddg 2.21832618066201 -0.595807319268319 6.17895851389729
25F_s_ddg 2.24326275241745 0.445344127461962 6.20389508565273
25G_s_ddg 2.11463991555136 1.25476579057265 6.07527224878664
25H_s_ddg 3.02220869686069 -0.938423636374587 6.98284103009597
25K_s_ddg 3.39850021501347 -0.562132118221808 7.35913254824875
25L_s_ddg 1.78086709843152 0.920992973452808 3.21399064006271
25M_s_ddg 1.97947990301415 -1.98115243022113 5.94011223624943
25N_s_ddg 1.86811018626863 0.408929852971422 5.82874251950391
25P_s_ddg 2.29842212846052 0.29204917017686 6.2590544616958
25Q_s_ddg 3.63359813385205 -0.327034199383228 7.59423046708733
25R_s_ddg 2.76826947031248 1.04852122035506 6.72890180354776
25S_s_ddg 2.49009399892873 0.770345748971307 6.45072633216401
25T_s_ddg 2.19031935943956 0.991706942802568 6.15095169267484
25V_s_ddg 1.06732384920886 0.389847265892299 1.95325476585359
25W_s_ddg 1.91760777679966 -0.271162723146151 5.87824011003494
25Y_s_ddg 2.26646447489475 -1.69416785834053 6.22709680813003
26A_s_ddg 0.266636564074043 -3.69399576916123 2.29906631402373
26C_s_ddg 0.0947001805229198 -3.86593215271236 4.0553325137582
26D_s_ddg 0.994483243616754 -2.96614908961852 4.95511557685203
26E_s_ddg -0.632417501645997 -4.59304983488127 1.81692091496003
26F_s_ddg -0.404936163471741 -4.36556849670702 2.904276378113
26G_s_ddg 1.09654176793484 0.288781226288171 2.29515418457183
26I_s_ddg 0.981240194406506 -2.97939213882877 4.94187252764178
26K_s_ddg -0.268633081621251 -4.22926541485653 3.69199925161403
26L_s_ddg -0.434727925703083 -1.50305638400997 0.45120299094165
26M_s_ddg -0.0270563574697582 -3.98768869070504 3.93357597576552
26N_s_ddg 0.429588994487354 -0.560569088821465 1.36763349446413
26P_s_ddg 2.90878726138275 -1.05184507185253 6.86941959461803
26Q_s_ddg -0.218627424912452 -0.870047216562991 0.589133116734216
26R_s_ddg -0.0817407450769133 -0.993728453387668 0.80419017156782
26S_s_ddg 0.323320660450226 -3.63731167278505 3.29379491037668
26T_s_ddg 0.256687471570393 -3.70394486166488 4.21731980480567
26V_s_ddg -0.0303376342103687 -2.32333530082027 1.03799082409652
26W_s_ddg 0.131851924769579 -3.8287804084657 2.55513354970958
26Y_s_ddg 0.119523589344757 -3.84110874389052 1.42236317264584
27A_s_ddg 2.19552635839109 1.07508431675216 6.15615869162637
27C_s_ddg 1.93889757289779 -0.249872927048021 5.89952990613307
27D_s_ddg 1.86355966685603 0.873401583547211 5.82419200009131
27E_s_ddg 2.94497755144679 0.625923093170871 6.90560988468207
27F_s_ddg 1.59644228151044 -1.99939496840054 5.55707461474572
27G_s_ddg 2.49209729820784 1.68433675656117 6.45272963144312
27H_s_ddg 2.8915395961358 -1.06909273709948 6.85217192937108
27I_s_ddg 0.449553196652726 -0.332150553327921 1.33548411329746
27K_s_ddg 2.75888009155358 -0.498218866699116 6.71951242478886
27L_s_ddg 0.439734481242025 -0.941275477057118 1.63834689787902
27M_s_ddg 1.68233604001625 -2.04378516822483 5.64296837325153
27N_s_ddg 2.63241098248561 -0.546517600769021 6.59304331572089
27P_s_ddg 2.56784169990382 -1.39279063333146 6.5284740331391
27Q_s_ddg 2.63030426287495 -1.33032807036033 6.59093659611023
27R_s_ddg 2.54030043449118 0.612097851205584 6.50093276772646
27S_s_ddg 2.50359124432029 0.3408775360405 6.46422357755557
27T_s_ddg 2.72803750209437 -0.659345414488433 6.68866983532965
27W_s_ddg 2.3521478256801 0.241547700732353 6.31278015891538
27Y_s_ddg 1.86793363253093 -2.09269870070435 5.82856596576621
28A_s_ddg 1.25951738180912 0.842608715152775 2.11939150678783
28C_s_ddg 0.930196074972712 0.22666269999013 1.81612699161745
28D_s_ddg 1.23556000871328 0.245401925404461 3.03347863366877
28E_s_ddg 0.221355841444128 -0.117382450214152 1.0291163830908
28F_s_ddg 0.47599376496385 -0.722618651673142 1.80489013993095
28G_s_ddg 2.00688435991065 1.61603248492033 2.86675848488936
28H_s_ddg 0.766820122625695 -1.03109850232979 4.72745245586097
28I_s_ddg -0.08385414797126 -0.787387522953842 0.74996318534143
28K_s_ddg 0.551860853878355 0.239179353886096 1.35962139552502
28L_s_ddg -0.529839633972502 -0.868577925630782 0.251864116008145
28N_s_ddg 1.33522090430643 0.475346779327718 2.55989011260944
28P_s_ddg 2.75760667531965 1.08997200869427 6.71823900855493
28Q_s_ddg 0.438376821942819 0.021468155286474 1.27219415525551
28R_s_ddg 0.970159844789115 0.683535136462878 1.80397717810181
28S_s_ddg 0.638456073519585 0.195490615197218 1.47227340683227
28T_s_ddg 0.0324998760749071 -0.410465582247459 0.840260417721576
28V_s_ddg -0.00836465690090098 -0.294989365227138 0.799395884745768
28W_s_ddg 0.671030796860802 0.332292505202522 1.50484813017349
28Y_s_ddg 1.50019956392722 0.562155063950444 4.21010589719346
29A_s_ddg 1.6451187181853 0.159881593222071 5.60575105142058
29C_s_ddg 1.8594806241379 -1.31944795911673 5.82011295737318
29E_s_ddg 0.461914692536935 -0.0852779324495178 1.29573202584962
29F_s_ddg 4.05951635226724 0.0988840190319622 8.02014868550252
29G_s_ddg 1.7661943294045 1.166888121086 2.67818203771525
29H_s_ddg 2.81263985137 -1.14799248186528 6.77327218460528
29I_s_ddg 2.79606817184798 -1.1645641613873 6.75670050508326
29K_s_ddg 2.3630849790757 0.174314479129889 6.32371731231098
29L_s_ddg 2.70024854204911 0.850216333761579 6.66088087528439
29M_s_ddg 2.05084488985735 -0.216095985086526 6.01147722309263
29N_s_ddg 1.39144983512108 0.297064585148174 5.35208216835636
29P_s_ddg 3.47812458661555 -0.482507746619727 7.43875691985083
29Q_s_ddg 1.62731590317022 -2.33331643006506 5.5879482364055
29R_s_ddg 2.4504388158345 0.887031315873206 6.41107114906978
29S_s_ddg 1.7852788818452 -0.768286701424914 5.74591121508048
29T_s_ddg 2.34887256839871 -1.61175976483657 6.30950490163399
29V_s_ddg 2.17202550979686 1.23398100982008 6.13265784303214
29W_s_ddg 2.1744494665412 1.08006421656829 6.13508179977648
29Y_s_ddg 2.1212495873414 0.297274170719891 6.08188192057668
2A_s_ddg 0.88953179883336 0.446566340510993 1.72334913214605
2C_s_ddg 0.27725506020894 -0.139653606447405 1.08501560185561
2D_s_ddg 0.818324711808021 0.323245670153611 1.65214204512071
2E_s_ddg 0.393415468815253 -0.023493197841092 1.22723280212794
2F_s_ddg 0.0475199480777376 -0.395445510244629 0.855280489724406
2G_s_ddg 1.37022324049741 1.03148494883913 2.2040405738101
2H_s_ddg 0.487114539392814 0.070205872736469 1.3209318727055
2I_s_ddg -0.36262369744883 -1.09221386409743 0.47119363586386
2K_s_ddg 0.0489186538184588 -0.341933221171865 0.856679195465127
2L_s_ddg -0.293102163383265 -0.657897246707567 0.488601586597382
2M_s_ddg -0.155178462796825 -0.936882212777472 0.678638870515865
2N_s_ddg 0.678107675751134 0.209085425762746 1.51192500906382
2P_s_ddg 1.13610618653349 0.693140728211123 1.9959803115122
2Q_s_ddg 0.244173412632834 -0.381189587351684 1.07799074594552
2R_s_ddg 0.112347756965009 -0.20033374302725 0.920108298611677
2S_s_ddg 0.646597989546644 0.281802906222342 1.48041532285933
2T_s_ddg -0.155460620809485 -0.624482870797873 0.652299920837183
2V_s_ddg -0.260952146377189 -0.677860813033534 0.546808395269479
2W_s_ddg -0.163802586775332 -0.554654461765655 0.643957954871336
30A_s_ddg 0.29745248212622 -1.03144389284088 1.6002920654273
30C_s_ddg 0.336928201306486 -2.97228434027825 2.31724436792412
30D_s_ddg -0.189075005973114 -1.85670967259849 0.905310243999792
30E_s_ddg 1.24338604683684 -0.789043703112842 5.20401838007212
30F_s_ddg 0.958901576363305 -3.00173075687197 4.91953390959858
30G_s_ddg 0.700529593659032 -0.15934453131968 1.61251730196979
30H_s_ddg 0.598833580613568 -0.625835627689446 1.74533241391852
30I_s_ddg 0.79198812551678 0.244795500530327 1.62580545882947
30K_s_ddg 0.281312539578225 -0.578561585400487 1.16724345622296
30L_s_ddg 1.74076525758662 0.0470737992952184 5.7013975908219
30M_s_ddg -0.0189074954821073 -3.97953982871738 2.22197658779575
30P_s_ddg 1.20063345867248 -0.258546874624727 5.16126579190776
30Q_s_ddg 0.223525840627865 -3.73710649260741 4.18415817386314
30R_s_ddg -0.0534954275756822 -1.12182388588257 0.910605864067116
30S_s_ddg 0.0780008831543544 -1.09455474181662 1.04210217479715
30T_s_ddg -0.0549061459650625 -2.13944947924679 1.14370627067193
30V_s_ddg 0.610763965567896 -0.405450909406945 1.54880846554467
30W_s_ddg 0.6741884993769 -2.29628575054956 4.63482083261218
30Y_s_ddg 0.966006960916243 -1.19670674736355 4.92663929415152
31A_s_ddg 0.575337132584486 -1.09229753404089 2.03451746588169
31C_s_ddg 1.3355353571701 -1.40042776776216 5.29616769040538
31D_s_ddg 0.760143237578831 -3.20048909565645 4.72077557081411
31E_s_ddg 0.999888715504371 0.0618442155275947 3.29288638211427
31F_s_ddg 2.39754907376655 -1.56308325946873 6.35818140700183
31G_s_ddg 1.25150790002089 0.131065858381963 5.21214023325617
31H_s_ddg 0.733520443018313 -3.22711189021696 4.69415277625359
31I_s_ddg 1.67442520936089 -2.28620712387439 5.63505754259617
31K_s_ddg 0.528414174438739 -3.43221815879654 3.65522917436133
31L_s_ddg 1.83895581734796 1.10936565069936 3.8192719839656
31M_s_ddg 2.49571443416024 -1.46491789907504 6.45634676739552
31N_s_ddg 0.712235917037572 -3.24839641619771 4.67286825027285
31P_s_ddg 1.99837863372698 0.930050175420096 5.95901096696226
31Q_s_ddg 0.783150744264797 -3.17748158897048 4.74378307750007
31R_s_ddg 0.723430906578682 -0.631522260054439 2.86008782319245
31T_s_ddg 0.171409062120682 -0.506067521195879 1.00522639543337
31V_s_ddg 1.68012436280513 0.898420612824483 3.50409977942664
31W_s_ddg 1.93870322808364 0.114727811462131 5.89933556131892
31Y_s_ddg 2.06281504409421 -1.89781728914107 6.02344737732949
32A_s_ddg 1.0736016043047 0.370068229322118 1.98558931261545
32C_s_ddg 1.33995508571241 -0.093168455918776 5.30058741894769
32E_s_ddg 1.1267268066723 0.345023056691653 2.24716884831123
32F_s_ddg 3.03954898340199 -0.4520610998449 7.00018131663727
32G_s_ddg 0.639518274223169 0.170496024234781 1.47333560753586
32H_s_ddg 0.384721648180029 -3.57591068505525 4.34535398141531
32I_s_ddg 2.966892984455 -0.420489932127803 6.92752531769028
32K_s_ddg 1.00964284694134 -0.00657202803350088 2.0519145135822
32L_s_ddg 1.48123101744057 0.595300100795837 3.40943360072617
32M_s_ddg 1.48803640834615 0.0027992833829209 5.44866874158143
32N_s_ddg 0.285559416428203 -0.365860375222336 1.14543354140691
32P_s_ddg 2.10198325151904 0.851257251550005 6.06261558475432
32Q_s_ddg 0.961489026206697 -1.25333826540514 4.92212135944197
32R_s_ddg 1.15998569277163 0.456452317789048 2.01985981775034
32S_s_ddg 0.694180676199266 -0.452318157105683 1.78856592617217
32T_s_ddg 1.64297894789308 -1.77046076035574 5.60361128112836
32V_s_ddg 2.2447936098447 1.20252194320384 6.20542594307998
32W_s_ddg 2.45131257522576 0.705507533602315 6.41194490846104
32Y_s_ddg 1.6060089739209 0.43345334894993 5.56664130715618
33A_s_ddg 0.226770652243113 -0.607046681069577 1.08664477722182
33C_s_ddg 0.752145965667685 -0.628863992631458 1.9768151739707
33D_s_ddg 0.384736266537832 -1.59557990007981 1.94814376649913
33E_s_ddg -0.0483481473752209 -1.79415318899867 1.25449143592586
33F_s_ddg 1.68101552070047 0.430289520731435 5.64164785393575
33G_s_ddg 0.764894710872649 -0.199206580770149 1.93745033584362
33H_s_ddg 0.660323923593784 -0.460118118045143 1.75470917356669
33I_s_ddg 0.97694951699502 -0.560401191300252 3.03543605861072
33K_s_ddg 0.638482116220487 -3.32215021701479 4.59911444945576
33L_s_ddg 0.888943837571023 0.237524045920484 1.77487475421576
33M_s_ddg 0.859995889087953 -0.182275777552909 2.08466509739097
33N_s_ddg 0.777128053771446 -0.577825112861675 2.21025159540263
33Q_s_ddg 0.495895328888173 -1.19779612940323 1.64239416219312
33R_s_ddg 0.46607731148137 -0.185342480169169 1.32595143646008
33S_s_ddg 0.547387223596595 -0.0258621930558794 1.40726134857531
33T_s_ddg 0.603150181459754 -0.100383193522828 1.43696751477244
33V_s_ddg 0.764962995141163 -0.199138296501635 1.72906428678396
33W_s_ddg 1.68588053990594 0.174586623276689 5.64651287314122
33Y_s_ddg 1.49498554109284 -1.34520475050351 5.45561787432812
34A_s_ddg 0.554293599332107 -0.800659567301014 1.70079243263706
34C_s_ddg 0.614735792926081 -3.3458965403092 4.57536812616136
34D_s_ddg 0.119081483071614 -0.714735850241076 0.978955608050326
34E_s_ddg -0.02100125878545 -2.57456684205556 2.29805319949047
34F_s_ddg -0.196545965496735 -4.15717829873201 2.53941715943553
34G_s_ddg 0.847417207067456 0.169940623750895 1.73334812371219
34H_s_ddg -0.526757805789649 -4.48739013902493 3.43387452744563
34I_s_ddg 0.168056921055606 -0.613646828925041 1.0018742543683
34K_s_ddg -0.295417002261944 -1.10317754390861 0.538400331050746
34L_s_ddg 0.115803137392822 -1.76028586256073 1.83555138735025
34M_s_ddg 0.326155014140697 -3.63447731909458 4.28678734737597
34P_s_ddg 5.00062143894081 1.03998910570553 8.96125377217609
34Q_s_ddg 0.544057197044312 -3.41657513619097 2.21169186366969
34R_s_ddg 0.344972415688758 -0.645185667620061 1.28301691566553
34S_s_ddg 0.523204215806067 -0.75357857582899 1.56547588244693
34T_s_ddg 0.139899829704836 -3.82073250353044 4.10053216294011
34V_s_ddg -0.284906272467474 -4.24553860570275 1.48695556082199
34W_s_ddg 0.579946735619852 -3.38068559761543 4.54057906885513
34Y_s_ddg -0.0667650490518271 -0.95269596569656 0.793109075926885
35A_s_ddg 1.42019905541987 0.873006430433417 2.3061299720646
35C_s_ddg 0.85859640343131 0.102949445116685 1.74452732007604
35D_s_ddg 1.90167499390126 0.57277861893416 5.86230732713654
35E_s_ddg 1.1482776368477 0.340517095201031 2.19054930348856
35F_s_ddg 0.717003792911672 -0.116813540401018 1.62899150122243
35G_s_ddg 2.25227719967212 1.6269141996876 4.12836619962567
35H_s_ddg 0.86341449484381 -0.830276963447591 4.82404682807909
35I_s_ddg 0.399366633079959 -1.03375690855123 1.62403584138297
35K_s_ddg 0.514060634354457 -0.60638140728447 1.47816192599725
35L_s_ddg 0.68712942355353 0.270220756897185 1.52094675686622
35M_s_ddg 0.12062605695953 -0.687134484687138 0.980500181938242
35N_s_ddg 0.872005485695316 -1.42099218091458 4.83263781893059
35P_s_ddg 2.73027862386503 1.01053037390761 6.69091095710031
35Q_s_ddg 0.818827177476666 0.0110666358299976 1.7047580941214
35R_s_ddg 0.182205709792906 -0.182589373531396 0.989966251439574
35S_s_ddg 1.12826929337066 0.476849501720121 2.01420021001539
35T_s_ddg 0.474358111931023 -0.359459221381667 1.36028902857576
35V_s_ddg 0.26857800170528 -0.200444248283108 1.07633854335195
35Y_s_ddg 0.441635368490122 -0.75697704814687 1.82264532678926
36A_s_ddg 1.8899472831219 0.821618824815016 5.85057961635718
36C_s_ddg 1.35762974959291 0.497755624614198 2.37384462456775
36D_s_ddg 4.2281837667206 0.502062558479517 8.18881609995588
36E_s_ddg 2.5529305219856 0.963466230358285 6.51356285522088
36F_s_ddg 1.44709813875923 0.482996847116432 5.40773047199451
36G_s_ddg 2.0341424624598 1.33060908747722 5.99477479569508
36H_s_ddg 2.7504709220056 -1.21016141122968 6.71110325524088
36I_s_ddg 0.246968215342284 -1.99391586793557 2.35756834029003
36K_s_ddg 2.71829321590174 0.373181965959799 6.67892554913702
36L_s_ddg 0.4534992308773 -0.145806977441196 1.31337335585601
36M_s_ddg 0.497273629474547 -0.727395578828467 1.61771567111347
36N_s_ddg 2.45766261168768 -0.486754846572757 6.41829494492296
36P_s_ddg 1.78893185286817 0.12129718624279 5.74956418610345
36Q_s_ddg 2.1423178500315 -1.03661073322313 6.10295018326678
36R_s_ddg 2.73246250077893 1.69019083413807 6.69309483401421
36S_s_ddg 2.19358283467625 1.22948154303345 6.15421516791153
36T_s_ddg 2.02463466365917 0.148545663705618 5.98526699689445
36V_s_ddg 0.78873026013474 0.29365121848033 1.62254759344743
36Y_s_ddg 0.823151487032931 -0.974767137922557 4.78378382026821
37A_s_ddg 1.33457867941261 0.552874929431963 2.48107751271756
37C_s_ddg 0.693431253287884 -0.270670038354914 1.73570291992875
37D_s_ddg 2.08790765438467 0.524500154423376 6.04853998761995
37E_s_ddg 0.48351306569332 -0.0636795592931328 1.31733039900601
37F_s_ddg 0.620543495094665 -1.82879492151136 1.81915591173166
37G_s_ddg 1.66884918726619 1.25194052060984 2.5287233122449
37H_s_ddg 0.335559454706051 -3.62507287852923 4.29619178794133
37I_s_ddg 0.32072850183663 -0.434918456477995 1.18060262681534
37L_s_ddg 0.307513070781854 -0.291793137536642 1.14133040409454
37M_s_ddg 0.259676858638489 -0.469913308010115 1.09349419195118
37N_s_ddg 1.16319353837759 0.355432996730922 2.15335162168641
37P_s_ddg 2.63294737567007 0.652631209052431 6.59357970890535
37Q_s_ddg 0.474602414097871 -0.333158127548797 1.30841974741056
37R_s_ddg 0.461433820021539 0.044525153365194 1.29525115333423
37S_s_ddg 0.900291631555402 0.222815048238841 1.78622254820014
37T_s_ddg 0.64227275734714 -0.217601367631572 1.55426046565789
37V_s_ddg 0.195739962436284 -0.325395870884147 1.02955729574897
37W_s_ddg 0.526839953919262 -0.0464094627332124 1.38671407889797
37Y_s_ddg 0.175813380936464 -1.62210524401902 3.25051479752701
38A_s_ddg 2.72007875288763 1.10455766959429 6.68071108612291
38C_s_ddg 2.78480954112684 0.726322999511136 6.74544187436212
38D_s_ddg 2.73675153714676 0.209242745542668 6.69738387038204
38E_s_ddg 2.59765615273015 1.06030544443488 6.55828848596543
38F_s_ddg 2.94472674769993 -0.234201835554701 6.90535908093521
38H_s_ddg 3.93818702356297 -0.0224453096723076 7.89881935679825
38I_s_ddg 3.56508034643185 -0.395551986803428 7.52571267966713
38K_s_ddg 2.81687155498889 0.367533138382863 6.77750388822417
38L_s_ddg 2.71314769871151 1.22791057374828 6.67378003194679
38M_s_ddg 4.9149027891019 0.954270455866622 8.87553512233718
38N_s_ddg 2.90901431327507 -1.05161801996021 6.86964664651035
38P_s_ddg 3.64641348619012 0.154803402943231 7.6070458194254
38Q_s_ddg 4.54133039894867 1.10183389903382 8.50196273218395
38R_s_ddg 2.65800087938582 1.667842796077 6.6186332126211
38S_s_ddg 3.04130718508073 1.00887743513105 7.00193951831601
38T_s_ddg 3.15025620908448 0.0755547924939357 7.11088854231976
38V_s_ddg 2.86771578138571 1.61698978141667 6.82834811462099
38W_s_ddg 2.44428979174627 1.37596133343939 6.40492212498155
38Y_s_ddg 2.57687741904585 -1.38375491418943 6.53750975228113
39C_s_ddg 0.211805567665104 -2.49810076560114 2.55691681760704
39D_s_ddg 0.606358409580162 -0.696481173720916 2.30004986787156
39E_s_ddg -0.547741344018134 -1.40761546899685 0.312132780960578
39F_s_ddg 0.725132525939855 -3.23549980729542 4.68576485917513
39G_s_ddg 0.682894378163759 0.265985711507414 1.51671171147645
39I_s_ddg 0.596749614125535 -3.36388271910974 4.55738194736081
39K_s_ddg 0.0235739947266292 -1.27926558857445 1.09190245303351
39L_s_ddg 0.630793016891145 -0.515705816413804 1.75123505853007
39M_s_ddg 0.133066576266471 -3.82756575696881 4.09369890950175
39N_s_ddg 0.379589787851124 -3.58104254538415 4.3402221210864
39P_s_ddg 3.98149921843889 0.0208668852036125 7.94213155167417
39Q_s_ddg -0.00190194018722917 -3.96253427342251 1.43122160144396
39R_s_ddg -0.0258640858331388 -1.04207896080798 0.912180414143637
39S_s_ddg -0.0817070009103472 -0.96763791755508 0.752110332402343
39T_s_ddg -0.0852786846946865 -1.57051580965792 0.878822606948111
39V_s_ddg 0.169419875125586 -0.403829541526888 1.00323720843828
39W_s_ddg 0.712639744398706 -0.0951207972479624 1.62462745270946
39Y_s_ddg 0.299932811835395 -3.66069952139988 4.26056514507067
3A_s_ddg 0.364740783520521 -5.42998037809106e-05 1.17250132516719
3C_s_ddg 0.407266169416672 -0.0878128722377377 1.24108350272936
3D_s_ddg 1.93084138714866 1.22730801216608 4.2759526370906
3E_s_ddg 2.26360682252796 1.63824382254344 4.0094118641514
3F_s_ddg 0.560483512303271 0.0393476789828398 1.39430084561596
3G_s_ddg 2.14631944854777 1.72941078189143 3.00619357352648
3H_s_ddg 0.824510095235574 0.355487845247186 1.68438422021429
3I_s_ddg 1.67782110983565 1.05245810985113 2.66797919314447
3K_s_ddg 2.14221006178102 1.49079027013048 4.4091509367249
3L_s_ddg 1.79451307784877 1.32549082786038 2.6804439944935
3M_s_ddg 0.767750528205735 0.272671486551325 1.60156786151843
3N_s_ddg 2.18715992899912 1.30122901235439 6.1477922622344
3P_s_ddg 2.65961233716891 1.66945425386009 6.62024467040419
3Q_s_ddg 1.94598826050294 1.19034130218831 5.90662059373822
3R_s_ddg 2.33811160526408 1.71274860527956 4.65716606354
3S_s_ddg 1.75177158159639 1.30880612327402 2.6116457065751
3T_s_ddg 1.77269095135949 1.17338474304099 2.73679224300229
3W_s_ddg 0.592662784973339 0.227867701649037 1.42648011828603
3Y_s_ddg -0.0139675525905156 -0.717500927573098 0.845906572388196
40A_s_ddg 0.447188549781656 -0.412685575197056 1.28100588309435
40D_s_ddg 2.73464041787217 0.337415584598186 6.69527275110745
40E_s_ddg 2.24940218282988 0.972619391194823 6.21003451606516
40F_s_ddg 1.4451920257232 0.376863567416316 5.40582435895848
40G_s_ddg 2.16672538051329 1.59347596386082 3.23505383882017
40H_s_ddg 1.06965606144318 -0.962773688506502 5.03028839467846
40I_s_ddg 0.623750570862227 -1.2262816374253 2.49983957081578
40K_s_ddg 1.01464511884494 0.337168535528379 1.90057603548967
40L_s_ddg 0.409721334238703 -0.163528082413771 1.24353866755139
40M_s_ddg 1.11481945577176 -0.0577361691992104 2.54794299740295
40N_s_ddg 1.58558053866717 0.100343413703941 5.54621287190245
40P_s_ddg 3.34154923124887 0.292904606324347 7.30218156448415
40Q_s_ddg 1.95342963614028 -0.626192738795855 5.91406196937556
40R_s_ddg 1.01983939437655 0.52476035272214 1.85365672768924
40S_s_ddg 1.13397413358773 0.482554341937191 2.01990505023246
40T_s_ddg 1.16515891380668 -0.033453502830312 5.12579124704196
40V_s_ddg 0.276026390108309 -0.219052651546101 1.109843723421
40W_s_ddg 2.19696295481043 1.36314562149774 6.15759528804571
40Y_s_ddg 1.85711035954686 1.04934981790019 5.81774269278214
41A_s_ddg 0.866430272560012 0.032612939247322 1.80447477253679
41C_s_ddg 1.34056343451718 -0.0404465237819629 5.30119576775246
41D_s_ddg 0.880072218218374 -1.30869828172744 4.84070455145365
41E_s_ddg 1.1214388753888 0.157337583746002 2.76301675034816
41F_s_ddg 1.57399301237082 -1.39648123755564 5.5346253456061
41G_s_ddg 0.556010970790226 0.0609319291358163 1.38982830410292
41I_s_ddg 3.0098062515427 -0.950826081692577 6.97043858477798
41K_s_ddg 0.0932517667048518 -0.76662235827386 0.979182683349585
41L_s_ddg 1.52282463672239 0.949575220069916 2.35664197003508
41M_s_ddg 1.20085574256871 -0.232267799062476 5.16148807580399
41N_s_ddg -0.280164787767217 -1.7132883293984 0.631822920543538
41P_s_ddg 2.89671192227983 0.0825784223495014 6.85734425551511
41Q_s_ddg 0.532380328255849 -0.431720963386949 1.4443680365666
41R_s_ddg 0.138299359494846 -0.278609307161499 0.946059901141515
41S_s_ddg 0.94929321222245 -0.171148829416477 2.30424637885557
41T_s_ddg 1.94682405490451 0.331302971611173 5.90745638813979
41V_s_ddg 2.48111832863937 0.65714291201786 6.44175066187465
41W_s_ddg 1.49613291595596 0.584145207645205 5.45676524919124
41Y_s_ddg 1.32890480472551 0.0781788047564751 5.28953713796079
42A_s_ddg 1.72220800426575 1.09684500428123 2.76447967090661
42C_s_ddg 2.11650235096048 0.344640517671014 6.07713468419576
42D_s_ddg 0.928497302339691 -0.478569447625473 2.59613196896507
42E_s_ddg 0.941503183303495 0.52459451664715 1.77532051661619
42F_s_ddg 2.1363626469802 0.103932897030518 6.09699498021548
42H_s_ddg 1.29024603052914 -2.67038630270614 5.25087836376442
42I_s_ddg 3.56680014284898 -0.393832190386298 7.52743247608426
42K_s_ddg 1.03073511081121 0.457485694158736 1.89060923578992
42L_s_ddg 2.02290857085912 1.26726161254449 5.9835409040944
42M_s_ddg 1.48889240231229 0.629018277333578 3.78189006892219
42P_s_ddg 3.0076216146211 0.271658489688836 6.96825394785638
42Q_s_ddg 1.06782181165275 0.23400447834006 1.9798095199635
42R_s_ddg 1.40195409509332 0.985045428436975 2.26182822007203
42S_s_ddg 1.27631389222844 0.650950892243923 2.16224480887317
42T_s_ddg 2.46618697598011 0.433757226030428 6.42681930921539
42V_s_ddg 2.14724824413738 1.46977166082082 6.10788057737266
42W_s_ddg 1.89843866895471 1.22096208563815 4.21749312723063
42Y_s_ddg 1.92551702904946 -2.03511530418582 5.88614936228474
43A_s_ddg 0.123090207000078 -0.215648084658202 0.930850748646746
43C_s_ddg 0.109307877629237 -0.281543997361086 0.917068419275905
43D_s_ddg 0.586762747718516 0.0135133310660416 1.42058008103121
43E_s_ddg 0.201994179402023 -0.293084862252387 1.03581151271471
43F_s_ddg 0.550018035581369 0.185222952257067 1.38383536889406
43G_s_ddg 1.08454179013564 0.797917081809403 1.91835912344833
43H_s_ddg 0.254200811319016 -0.292991813667437 1.08801814463171
43I_s_ddg 0.742304297219955 0.221168463899524 1.57612163053264
43K_s_ddg -0.437430129805829 -1.0106795464583 0.370330411840839
43L_s_ddg 0.397434184518949 0.110809476192712 1.20519472616562
43M_s_ddg 0.304763714652108 -0.0860881603382155 1.11252425629878
43N_s_ddg -0.10000549475702 -0.751425286407559 0.73381183855567
43P_s_ddg 2.59996973047036 1.66192523049358 6.56060206370564
43R_s_ddg -0.3056797135432 -0.64441800520148 0.476024036437447
43S_s_ddg 0.347664758453804 0.00892646679552367 1.15542530010047
43T_s_ddg 0.362502572256409 -0.0804628860659576 1.1963199055691
43V_s_ddg 0.093736785160839 -0.245001506497441 0.901497326807507
43W_s_ddg 1.2624318471771 0.897636763852798 2.09624918048979
43Y_s_ddg 0.557697413285908 -0.0155520033665664 1.41757153826462
44A_s_ddg 0.589201773276332 0.250463481618052 1.42301910658902
44C_s_ddg 0.208873145975217 -0.260149104013171 1.04269047928791
44D_s_ddg 1.34822345476399 0.540462913117322 2.98980132972335
44E_s_ddg -0.212778383555515 -0.551516675213795 0.568925366425132
44F_s_ddg 0.700339729372479 0.127090312720005 1.56021385435119
44G_s_ddg 1.96133929652079 1.59654421319649 2.8212134214995
44H_s_ddg 0.643146148884125 -0.0603872260984571 1.50302027386284
44I_s_ddg -0.110960747655828 -0.684210164308302 0.722856585656862
44K_s_ddg 0.250415414982076 -0.0622660850101828 1.05817595662874
44L_s_ddg 0.538117449830062 0.225435949837803 1.34587799147673
44M_s_ddg 0.19891866061494 -0.244046797707427 1.00667920226161
44N_s_ddg 0.879432002024872 0.358296168704441 1.71324933533756
44P_s_ddg 2.3715141468663 1.53769681355361 6.33214648010158
44Q_s_ddg 0.00775605779448492 -0.383095817195839 0.815516599441153
44R_s_ddg 0.656977104362324 0.370352396036087 1.46473764600899
44S_s_ddg 0.33054393809088 -0.00819435356740034 1.13830447973755
44V_s_ddg -0.348478101785373 -0.739329976775696 0.433225648195274
44W_s_ddg 1.23819507514699 0.873399991822688 2.07201240845968
44Y_s_ddg 0.375202631336643 -0.276217160313896 1.23507675631535
45A_s_ddg 2.10058534143541 1.57944950811498 2.96045946641412
45C_s_ddg 2.06353887305243 1.49028945639996 3.10581053969329
45D_s_ddg 2.03789530672281 1.36041872340625 3.94004109834238
45E_s_ddg 2.32485694889323 1.69949394890871 6.28548928212851
45F_s_ddg 1.9679276302144 1.42073500522795 2.80174496352709
45H_s_ddg 2.40216358069449 1.12538078905943 6.36279591392977
45I_s_ddg 1.96835674850377 1.1605962068571 5.92898908173905
45K_s_ddg 2.43281756714278 1.67717060882815 6.39344990037806
45L_s_ddg 2.09661265478593 1.60153361313152 2.9043731964326
45M_s_ddg 2.26213092392605 1.50648396561142 6.22276325716133
45N_s_ddg 2.34987053605177 1.33365566107693 6.31050286928705
45P_s_ddg 2.70128771485601 1.26816417322482 6.66192004809129
45Q_s_ddg 2.53444976370091 1.64851884705618 6.49508209693619
45R_s_ddg 2.23754637409015 1.74246733243574 3.09742049906886
45S_s_ddg 2.07306648685183 1.47376027853333 3.32379248682086
45T_s_ddg 2.4653620235866 1.57943110694187 6.42599435682188
45V_s_ddg 1.91569204179963 1.49878337514328 2.77556616677834
45W_s_ddg 2.34706949834498 1.72170649836046 6.30770183158026
45Y_s_ddg 2.5163191488249 1.44799069051802 6.47695148206018
46A_s_ddg 0.655028283547106 0.238119616890761 1.4888456168598
46C_s_ddg 0.477949541823125 -0.251640624825479 1.33782366680184
46D_s_ddg 1.50982499904046 0.649950874061748 3.72465229065229
46E_s_ddg 0.965685558972628 0.49666330898424 1.79950289228532
46F_s_ddg 0.161565408641532 -0.828592674667287 1.15172349195035
46G_s_ddg 0.793410322274052 0.480728822281793 1.62722765558674
46H_s_ddg 0.635747664202601 -1.16217096075289 4.59637999743788
46I_s_ddg -0.18370999732676 -0.991470538973428 0.65010733598593
46K_s_ddg -0.19386581916294 -1.00162636080961 0.666008305815772
46L_s_ddg 0.0741756532308599 -0.316676221759464 0.881936194877528
46N_s_ddg 0.738288493981793 -1.16385729763778 2.84888861892954
46P_s_ddg 2.06204151346122 0.863429096824228 6.0226738466965
46Q_s_ddg 0.548303072948157 -0.207343885366468 1.43423398959289
46R_s_ddg -0.50791055890692 -0.950876017229287 0.299849982739748
46S_s_ddg 0.459019977186586 -0.0100022728018022 1.29283731049928
46T_s_ddg 0.347431005350551 -0.303988786299988 1.20730513032926
46V_s_ddg -0.0950140428886096 -0.459809126212911 0.712746498758059
46W_s_ddg -0.510820265570839 -1.05801289055729 0.296940276075829
46Y_s_ddg 0.0719120600954361 -1.10064356487553 1.00995656007221
47A_s_ddg 2.29755499876285 1.09894258212586 6.25818733199813
47C_s_ddg 2.39802071560131 0.938840382304102 6.35865304883659
47D_s_ddg 2.45732913908645 -0.278633985845814 6.41796147232173
47E_s_ddg 2.53372210963373 1.2829961096647 6.49435444286901
47G_s_ddg 2.3102012238466 1.7108950155281 4.08206305713607
47I_s_ddg 1.4679993089148 0.686295558934153 2.74478210054986
47K_s_ddg 2.32957159227134 1.07884559230231 6.29020392550662
47L_s_ddg 2.04285632250407 1.4696069058516 3.11118478081095
47M_s_ddg 2.27408819705673 1.30998690541393 6.23472053029201
47N_s_ddg 2.64473568324247 -0.325738566683988 6.60536801647775
47P_s_ddg 2.68137922849671 -0.523606146423942 6.64201156173199
47Q_s_ddg 2.37398364714148 0.732405772182121 6.33461598037676
47R_s_ddg 2.52943061101015 1.53927252770133 6.49006294424543
47S_s_ddg 2.34297035025635 1.30069868361549 6.30360268349163
47T_s_ddg 2.68190525889819 0.753702675612594 6.64253759213347
47V_s_ddg 1.77736816587481 1.23017554088836 2.63724229085352
47W_s_ddg 1.83798196252977 1.2647325458773 2.90631042083665
47Y_s_ddg 2.21059998582475 0.907760402523672 6.17123231906003
48A_s_ddg 1.44917482969007 0.667471079709423 2.85624157965523
48D_s_ddg 0.772359071646409 -0.582594094986712 2.36182336327372
48E_s_ddg 1.73737105465176 0.877496929673048 5.69800338788704
48F_s_ddg 1.77214173461241 0.312961401315202 5.73277406784769
48G_s_ddg 1.9258542218599 1.30049122187538 3.43714813848915
48H_s_ddg 0.0200613537113186 -0.761642396269328 0.853878687024009
48I_s_ddg 2.4246355145191 0.235865014573289 6.38526784775438
48L_s_ddg 1.12616322407585 0.552913807423375 2.01209414072058
48M_s_ddg 0.98510330779963 -0.161395525505319 3.04358984941533
48N_s_ddg 0.483231078599109 -0.585097379707775 1.49944595357395
48Q_s_ddg 0.94207080395413 -0.0480872793546894 2.53153509558145
48R_s_ddg 0.58139322095031 0.0342005959638572 1.415210554263
48S_s_ddg 1.1059124906721 0.428435907355539 1.99184340731683
48T_s_ddg 2.30843605948981 0.901369309524646 6.26906839272509
48V_s_ddg 2.2568022070222 1.26664412371338 6.21743454025748
48W_s_ddg 1.43093966897217 0.701349502323566 2.5513817106111
48Y_s_ddg 1.23441450696836 0.0879156736634112 5.19504684020364
49A_s_ddg -0.728547555718404 -1.35391055570292 0.0792129859282644
49C_s_ddg 0.110895133106236 -0.358127116882152 0.944712466418926
49F_s_ddg 1.29988224112868 0.544235282814055 2.36821069943556
49G_s_ddg 0.713510157917074 0.426885449590837 1.54732749122976
49H_s_ddg 1.18954951801909 0.538129726368551 2.0494236429978
49K_s_ddg -0.235765569030619 -0.887185360681158 0.598051764282071
49L_s_ddg 1.35143803046823 0.882415780479842 2.21131215544694
49N_s_ddg 0.904146534280326 -0.164181924026558 2.85840590923194
49P_s_ddg 0.0186540829006596 -0.945447208742138 0.904584999545393
49Q_s_ddg 0.717259897023995 0.0137265220414128 1.60319081366873
49S_s_ddg -0.657266221590682 -1.15234526324509 0.150494320055986
49T_s_ddg 0.263400437220096 -0.466189729428508 1.09721777053279
49V_s_ddg 0.0166897781275474 -0.374162096862776 0.824450319774216
49Y_s_ddg 1.25277491545959 0.497127957144965 2.32110337376647
4A_s_ddg 1.0513686121756 0.55628957052119 1.88518594548829
4C_s_ddg 0.409886609197282 -0.137306015789171 1.24370394250997
4D_s_ddg 2.67869460511829 0.880775980162802 6.63932693835357
4E_s_ddg 0.365541108954749 -0.051367557701596 1.19935844226744
4F_s_ddg 1.13344106010541 0.586248435118957 1.99331518508412
4G_s_ddg 2.35658829359717 1.67911171028061 6.31722062683245
4H_s_ddg 1.13329113138965 0.612155298069219 1.99316525636836
4I_s_ddg 0.646250682541841 -0.00516910910869806 1.50612480752055
4K_s_ddg 0.033602583050097 -0.357249291940226 0.841363124696765
4L_s_ddg 0.415971688468741 0.103290188476482 1.22373223011541
4M_s_ddg 0.428952255354777 -0.0661267862996327 1.26276958866747
4N_s_ddg 1.95017089496143 0.986069603318632 5.91080322819671
4P_s_ddg 2.44835666942806 1.51031216945128 6.40898900266334
4R_s_ddg 0.00109904869867073 -0.33763924295961 0.808859590345339
4S_s_ddg 1.34163623783395 0.872613987845562 2.20151036281266
4T_s_ddg 0.549977661669139 0.107012203346772 1.38379499498183
4V_s_ddg 0.135100832721712 -0.307864625600655 0.94286137436838
4W_s_ddg 1.27060334329578 0.77552430164137 2.13047746827449
4Y_s_ddg 0.852601121368292 0.175124538051731 1.73853203801303
50A_s_ddg -0.480178105972587 -0.871029980962911 0.327582435674081
50C_s_ddg -0.281197055316024 -0.776276096970434 0.526563486330644
50D_s_ddg -0.0601894908840675 -0.555268532538477 0.747571050762601
50E_s_ddg -0.55618568259934 -0.920980765923642 0.225518067381307
50F_s_ddg 0.565728357075331 -0.033577851243165 1.42560248205404
50G_s_ddg -0.215602549775235 -0.502227258101472 0.566101200205412
50H_s_ddg -0.102454460521745 -4.06308679375702 2.39899753941632
50I_s_ddg 0.308128264909835 -0.369348318406726 1.14194559822253
50K_s_ddg -0.5720169386934 -0.962868813683723 0.209686811287247
50L_s_ddg 0.163947930647792 -0.174790361010488 0.97170847229446
50M_s_ddg 0.209352957705073 -0.207555708951272 1.01711349935174
50Q_s_ddg -0.1865304957187 -0.733723120705153 0.64728683759399
50R_s_ddg -0.385587160950321 -0.69826866094258 0.396116589030326
50S_s_ddg -0.605489698976675 -1.02239836563302 0.176214051003972
50T_s_ddg -0.179080836282811 -0.674159877937221 0.628679705363857
50V_s_ddg -0.0675179779797189 -0.380199477971978 0.74024256366695
50W_s_ddg -0.176980996520339 -0.489662496512598 0.604722753460308
50Y_s_ddg 0.327778567407199 -0.271527640911297 1.16159590071989
51C_s_ddg 0.387716186250829 -0.0552492720715376 1.1954767278975
51E_s_ddg 2.25506060709976 1.10856177379481 6.21569294033504
51F_s_ddg 0.2170615433946 -0.251960706593788 1.05087887670729
51G_s_ddg 1.59292746270424 1.14996200438187 2.45280158768295
51H_s_ddg 0.27044528866001 -0.771826377980853 1.26060337196883
51L_s_ddg -0.290803305652845 -0.629541597311125 0.516957235993823
51M_s_ddg 0.131437402292009 -0.337584847696379 0.939197943938678
51N_s_ddg 1.2334813281274 0.113039286488473 5.19411366136268
51R_s_ddg 0.0393484983793709 -0.325446584944931 0.847109040026039
51T_s_ddg 0.959895932930017 0.360589724611521 1.79371326624271
51V_s_ddg 0.458438198220256 0.0936431148959541 1.29225553153295
51W_s_ddg 0.49656480751374 0.105712932523417 1.33038214082643
52A_s_ddg 1.03590417464543 0.176030049666718 2.02606225795425
52D_s_ddg 2.05903761525626 1.04282274028142 6.01966994849154
52F_s_ddg 2.15036211582966 0.534841032536323 6.11099444906494
52G_s_ddg 2.22196076702839 0.867007600395268 6.18259310026367
52I_s_ddg 1.04680542730593 0.473556010653456 1.90667955228464
52R_s_ddg 2.60879276565175 0.159454349045723 6.56942509888703
52W_s_ddg 2.16430926789125 -0.33714273204682 6.12494160112653
53A_s_ddg 0.115176448195006 -0.510186551789511 0.948993781507696
53I_s_ddg 0.195781951394425 -0.481694631922136 1.05565607637314
53S_s_ddg 0.311919691951507 -0.261329724700967 1.1457370252642
54H_s_ddg 0.296179969539925 -0.407353405442657 1.12999730285261
54S_s_ddg 0.0607640761959745 -0.486428548790478 0.868524617842643
54T_s_ddg 0.276666235071412 -0.687435056571386 1.16259715171615
55A_s_ddg 0.346173005144488 -0.253133203174008 1.17999033845718
55E_s_ddg 0.341349192888826 -0.570638515421929 1.22728010953356
55M_s_ddg -0.167249136268899 -0.948952886249546 0.666568197043791
5C_s_ddg 2.29924182220465 1.23091336389777 6.25987415543993
5D_s_ddg 1.9563985697196 1.09652444474089 5.91703090295488
5E_s_ddg 2.55428478691027 1.66835387026554 6.51491712014555
5F_s_ddg 3.51852013939968 1.19946568112376 7.47915247263496
5G_s_ddg 1.43077381686983 1.03992194187951 2.26459115018252
5H_s_ddg 2.3680974666666 1.11737146669757 6.32872979990188
5I_s_ddg 2.90643289869706 0.9000599404134 6.86706523193234
5K_s_ddg 2.50894231869104 1.46667065205018 6.46957465192632
5L_s_ddg 2.61390133234191 1.59768645736707 6.57453366557719
5M_s_ddg 2.48358626659161 1.2589170582886 6.44421859982689
5N_s_ddg 2.5743463151089 1.34967710680589 6.53497864834418
5P_s_ddg 2.42590723226555 1.5139195239548 6.38653956550083
5Q_s_ddg 2.46072126252172 1.31422242921677 6.421353595757
5R_s_ddg 2.65721216358179 1.79733803860308 6.61784449681707
5S_s_ddg 1.84549343248894 1.27224401583647 2.73142434913367
5T_s_ddg 2.14714492157456 1.49572512992402 5.79509575481758
5V_s_ddg 2.24830135588679 1.49265439757216 6.20893368912207
5W_s_ddg 2.65798162273773 1.58965316443085 6.61861395597301
5Y_s_ddg 2.59823218593221 0.852427144308765 6.55886451916749
6F_s_ddg 1.91206538583677 0.609225802535692 5.87269771907205
6H_s_ddg 1.13721706925146 0.121002194276619 2.10131836089426
6I_s_ddg 0.158501717385275 -0.59714524092935 0.992319050697965
6P_s_ddg 1.95259504016463 -2.00803729307065 5.91322737339991
6R_s_ddg 0.490665534329505 -3.46996679890577 4.45129786756478
6S_s_ddg 3.28047900070086 -0.680153332534418 7.24111133393614
7A_s_ddg 0.156243446723779 -0.599403511590846 0.990060780036469
7C_s_ddg -0.0562054686330657 -1.02030676027586 0.829725448011667
7D_s_ddg 0.580236773214681 -2.85925972670017 4.54086910644996
7E_s_ddg 0.202467075741458 -0.683463840903275 1.11445478405221
7G_s_ddg 1.07875379731409 0.661845130657745 1.91257113062678
7H_s_ddg -0.433990352251797 -4.39462268548707 3.52664198098348
7I_s_ddg 0.391427332514905 -0.338162834133699 1.25130145749362
7K_s_ddg -0.184714440484094 -1.12275894046087 0.701216476160639
7L_s_ddg 0.287855757766677 -0.102996117223646 1.09561629941335
7M_s_ddg 0.135127783879498 -1.06348463275749 1.12528586718832
7N_s_ddg 0.424136938811898 -3.53649539442338 4.38476927204718
7P_s_ddg 5.13062578815661 1.16999345492133 9.09125812139189
7Q_s_ddg -0.00931977886512372 -1.49455690382835 1.03295188777574
7R_s_ddg -0.148659989235728 -0.930363739216375 0.737270927409005
7S_s_ddg 0.392931708716471 -0.258488082934068 1.25280583369518
7T_s_ddg 0.448072994819944 -0.77659621348307 1.46428786979478
7V_s_ddg 0.143212668818751 -0.53426391449781 0.977030002131441
7W_s_ddg 0.501046946131006 -0.0461456788554468 1.3348642794437
7Y_s_ddg 0.193444909594957 -0.405861298723539 1.02726224290765
8A_s_ddg 1.6100357680168 0.906502393034218 2.67836422632368
8C_s_ddg 2.20542120569669 1.11103595572378 6.16605353893197
8E_s_ddg 1.50379420698406 0.852374415333521 2.54606587362492
8F_s_ddg 2.50007503687967 0.67609962025816 6.46070737011495
8G_s_ddg 1.80896880652661 1.36600334820424 2.66884293150532
8H_s_ddg 1.52003385624353 0.139023897944387 5.48066618947881
8I_s_ddg 3.03004166825686 0.815214376645027 6.99067400149214
8K_s_ddg 1.97919118107003 0.858749139431103 5.93982351430531
8L_s_ddg 2.68154252417747 1.43081652420844 6.64217485741275
8M_s_ddg 2.60816921299451 1.09687529636526 6.56880154622979
8N_s_ddg 0.709837447484883 0.136588030832409 1.56971157246359
8P_s_ddg 2.09625858048115 0.063828830531468 6.05689091371643
8Q_s_ddg 1.74372096423959 0.310597422608404 5.70435329747487
8R_s_ddg 2.23584676217664 1.34991584553191 6.19647909541192
8S_s_ddg 1.29423935270247 0.616762769385909 2.31045422767731
8T_s_ddg 1.15752582773122 0.0631405777583143 2.79910370269058
8V_s_ddg 2.18840732218494 1.48487394720236 6.14903965542022
8W_s_ddg 2.71912839515994 1.23389127019671 6.67976072839522
8Y_s_ddg 1.80878244000706 0.558056440038025 5.76941477324234
9A_s_ddg 1.48474475717144 0.598813840526707 3.23054979879488
9C_s_ddg 0.957490150105713 -0.319292641529344 2.31244331673883
9D_s_ddg 3.02064083497839 0.258620918380104 6.98127316821367
9E_s_ddg 2.70901726581672 -0.13117302577963 6.669649599052
9G_s_ddg 2.43034602857833 1.3099039869394 6.39097836181361
9H_s_ddg -0.266218234700809 -4.22685056793609 3.69441409853447
9I_s_ddg 1.84215868099244 0.956227764347707 5.80279101422772
9K_s_ddg 1.09885147100596 -0.282158487293183 5.05948380424124
9L_s_ddg 1.05733858892171 0.614373130599343 1.8911559222344
9M_s_ddg 1.43258621820918 -0.182934865084157 5.39321855144446
9N_s_ddg 0.759325361141546 -3.20130697209373 4.71995769437682
9P_s_ddg 3.06933974252488 0.307319825926594 7.02997207576016
9Q_s_ddg 1.26830142484739 -0.529617200108098 5.22893375808267
9R_s_ddg -0.00948184506169664 -0.686958428378257 0.824335488250993
9S_s_ddg 1.12599767398164 0.500634673997122 2.01192859062637
9T_s_ddg 2.26781774403994 0.0529904524281068 6.22845007727522
9V_s_ddg 0.554881942101633 -0.174708224546971 1.41475606708034
9W_s_ddg 0.220545394132321 -0.509044772516283 1.08041951911103
9Y_s_ddg -0.547907449415035 -1.72046307438601 0.311966675563677
49W_s_ddg 1.65032384173904 1.15524480008463 2.51019796671775
51A_s_ddg 0.0889781338153533 -0.30187374117497 0.896738675462022
51S_s_ddg 0.816841460941354 0.452046377617052 1.65065879425404
52S_s_ddg 2.4669043414369 0.825326466477541 6.42753667467218
53H_s_ddg 0.15667811373851 -0.598968844576115 1.01655223871722
53R_s_ddg -0.323042779797214 -0.870235404783667 0.484717761849454
54G_s_ddg 0.14706038048093 -0.295905077841437 0.954820922127599
54L_s_ddg 0.282752849254571 -0.212326192399839 1.11657018256726
54Q_s_ddg 0.169048178506222 -1.08167782146281 1.39371738680924
54V_s_ddg 0.0568825418609619 -0.64665083312162 0.890699875173652
48C_s_ddg 1.57509650552921 0.637052005552434 5.53572883876449
49E_s_ddg 1.33377372560863 0.604183558960026 2.5063293505796
53L_s_ddg 0.391365012816832 -0.129770820503599 1.22518234612952
53P_s_ddg 2.49778849019061 1.16889211522351 6.45842082342589
54R_s_ddg 0.569225942529557 0.0741469008751474 1.40304327584225
56G_s_ddg 0.430939694434612 -0.298650472213992 1.31687061107935
56I_s_ddg 0.260708368552049 -0.625222548092684 1.14663928519678
56M_s_ddg 0.535087328357641 -0.767752254943437 1.55130220333248
56R_s_ddg 0.371840182689666 -0.383806775624959 1.23171430766838
56Y_s_ddg 0.416523291187083 -0.156726125465391 1.25034062449977
48K_s_ddg 0.716720644451345 -0.0389263138632804 1.60265156109608
49D_s_ddg 2.72453592297704 1.00478767301962 6.68516825621232
49M_s_ddg 0.495943984243491 -0.311816557403177 1.38187490088822
50P_s_ddg 0.561404294573302 -0.116072288743259 1.42127841955201
51D_s_ddg 2.74592866723516 0.24447666729709 6.70656100047044
51I_s_ddg 0.57610495814956 -0.387996333493238 1.74866058312053
51K_s_ddg -0.0577235412344306 -0.578859374554862 0.776093792078259
51P_s_ddg 2.69282968471019 1.15547897641492 6.65346201794547
51Q_s_ddg 1.23499984427908 0.349068927634347 2.56389621924618
52T_s_ddg 0.251639010254251 -3.70899332298103 2.17984159353985
53D_s_ddg 1.15933029772095 -0.195622868912171 5.11996263095623
53E_s_ddg 0.0663765129431639 -0.845611195367591 0.978364221253919
53F_s_ddg 0.376086123354576 -0.770412709950373 1.52258495665952
53G_s_ddg -0.0164434052190005 -0.615749613537496 0.81737392809369
53K_s_ddg -0.610497655922056 -1.41825819756872 0.223319677390634
53N_s_ddg 0.66345158360155 -0.17036574971114 1.67966645857639
53V_s_ddg 0.0847208615256994 -0.41035818012871 0.918538194838389
53W_s_ddg 0.298267534686405 -0.431322631962199 1.1320848679991
53Y_s_ddg 0.570002912791763 -0.446211962183078 1.69044495443069
54A_s_ddg 0.145405215966626 -0.506014575683913 0.979222549279316
54C_s_ddg 0.650988823008879 -0.260998885301876 1.71931728131576
54E_s_ddg -0.114720462698455 -1.28727608766943 0.953607995608429
54F_s_ddg 0.31999568842515 -0.591992019885605 1.2319833967359
54M_s_ddg 0.500865638865159 -1.21888261109226 2.37695463881871
54W_s_ddg 0.458896917696037 -0.348863623950631 1.29271425100873
54Y_s_ddg 0.407277182432384 -0.6610512758745 1.44954884907325
55C_s_ddg 0.378935023016256 -0.897847768618801 1.65571781465131
55L_s_ddg -0.328964955789803 -1.05855512243841 0.478795585856865
55N_s_ddg -0.299685039381888 -4.26031737261717 2.25388054388823
55R_s_ddg 0.162857940210438 -0.514618643106123 1.02273206518915
55S_s_ddg 0.0726729292559505 -0.995655529050934 1.03677422089875
55T_s_ddg 0.12972250220842 -1.19917387275868 1.38044850217746
55W_s_ddg -0.217963905298032 -1.10389482194277 0.667967011346701
55Y_s_ddg 0.110360504519172 -2.1565803704247 2.68998287945531
56K_s_ddg 0.361472907914336 -0.628685175394483 1.27346061622509
56L_s_ddg 0.434100628568813 -0.347603121411834 1.32003154521355
56P_s_ddg 0.205846647977649 -1.85263989363805 1.74319735627292
56S_s_ddg 0.22852324138138 -0.344726175271094 1.06234057469407
56T_s_ddg 0.108214230345524 -1.42913647794975 1.85401927196897
56V_s_ddg 0.18411075436072 -0.623649787285948 1.07004167100545
55G_s_ddg 0.0213310714691431 -0.994883803505698 0.933318779779898
55I_s_ddg -0.176529412332423 -4.1371617455677 1.1784237543007
54I_s_ddg 0.0299863497369301 -1.29891002523017 1.25465555803994
52M_s_ddg 2.66791316810716 -0.927924081803816 6.62854550134244
53Q_s_ddg -0.0496479347862898 -1.24826035142328 0.914453356856508
56W_s_ddg 0.45632719448745 -0.585944472153412 1.44648527779627
52C_s_ddg 0.575739836072361 -1.22217878888313 4.53637216930764
55Q_s_ddg 0.12961456325413 -3.83101776998115 1.48456772988725
49I_s_ddg 1.18759260720094 -0.219474142764224 5.14822494043622
54N_s_ddg -0.162286010140208 -1.56935276010537 1.19266715649291
52L_s_ddg 2.31826488097964 0.546403047690174 6.27889721421492
56A_s_ddg 0.303507364646046 -0.738764301994816 1.29366544795487
56F_s_ddg 0.82413134369008 -0.635048989607128 2.12697092699116
52N_s_ddg 2.26362290176199 -0.315999473174144 6.22425523499727
52Y_s_ddg 2.4698666023069 -0.109755772629235 6.43049893554218
53C_s_ddg 0.374172251051401 -0.433588290595267 1.36433033436022
56Q_s_ddg 0.708931249222514 -1.53195283405534 2.58502024917607
47H_s_ddg 2.79407159509548 -1.1665607381398 6.75470392833076
56D_s_ddg -0.284264563747984 -4.24489689698326 0.731950311226857
56H_s_ddg 0.241974822863757 -1.97285246874808 1.44058723950075
55P_s_ddg 0.0884135444941264 -2.10035695545168 2.12084329444381
52E_s_ddg 2.54723899760922 -0.996484668969713 6.5078713308445
39H_s_ddg 0.254572573244741 -3.70605975999054 4.21520490648002
52K_s_ddg 2.37467150878464 -0.882427449468056 6.33530384201992
53M_s_ddg -0.0274678824278656 -0.835228424074534 0.858463034216868
55H_s_ddg 0.548476491857851 -3.41215584137743 4.50910882509313
55D_s_ddg 0.075851037179984 -3.88478129605529 4.03648337041526
52P_s_ddg 3.583558770918 1.42084506263821 7.54419110415328
54K_s_ddg 0.594129492182604 -0.682653299452453 1.87091228381766
56E_s_ddg -0.28482129196613 -1.4573769169371 0.835620749672797
54D_s_ddg -0.283012492400547 -1.87247678402786 1.20222463256268
56C_s_ddg 0.638339474988271 -0.403932191652591 1.73272472496118
52H_s_ddg 2.64911059720787 -1.31152173602741 6.60974293044315
55F_s_ddg 0.247347708634525 -3.71328462460075 4.2079800418698
42N_s_ddg 0.61158954451986 -3.34904278871542 4.57222187775514
55K_s_ddg 0.0907243947847933 -3.86990793845048 4.05135672802007
52Q_s_ddg 3.60892640584168 -0.351705927393597 7.56955873907696
12N_s_ddg 1.7773656216481 -2.18326671158718 5.73799795488338
10E_b_ddg 0.462281412041197 -4.36887362296653 5.29343644704892
10G_b_ddg -0.0598217678855106 -0.790851806077469 4.77133326712221
10N_b_ddg -0.136146240795254 -4.96730127580298 3.01046131490056
10V_b_ddg 0.195823047834705 -1.4569405167732 5.02697808284243
11A_b_ddg 0.0166417995231942 -0.809739982780758 4.84779683453092
11H_b_ddg -0.00886302311363597 -4.84001805812136 4.82229201189409
11L_b_ddg 0.0327849816828932 -4.79837005332483 4.86394001669062
11R_b_ddg 0.158865330783972 -4.67228970422375 4.99002036579169
11S_b_ddg -0.0616830043348913 -4.89283803934261 4.76947203067283
11T_b_ddg 0.0498829421041712 -4.78127209290355 1.63907867730408
12E_b_ddg 0.418557097580442 -2.3148595669634 1.84883325926036
12H_b_ddg 0.653575781843954 -2.87443875029984 5.48473081685168
12K_b_ddg -0.604878201773439 -5.43603323678116 4.22627683323428
12L_b_ddg 0.437232061243167 -0.0713105740208037 5.26838709625089
12R_b_ddg -0.143713029034809 -1.38328570249074 4.68744200597291
13D_b_ddg -0.389263213146812 -1.18386108074677 4.44189182186091
13G_b_ddg -0.701212074182618 -5.53236710919034 4.1299429608251
13K_b_ddg 0.564986516997659 -0.420314838826284 5.39614155200538
13Q_b_ddg 0.54342235360712 -0.0922559404728434 5.37457738861484
13V_b_ddg 1.2497032364345 -0.943386878141373 6.08085827144222
14E_b_ddg 2.23185975584564 0.356608788309748 7.06301479085336
14G_b_ddg 1.53658194206544 -3.29457309294228 6.36773697707316
14N_b_ddg 1.058702526362 0.200536829354049 5.88985756136972
14V_b_ddg 0.0670587312530551 -0.727539136346899 4.89821376626078
14Y_b_ddg 0.153907172264854 -4.67724786274287 1.71131899276076
15A_b_ddg 0.0493554529615361 -4.78179958204619 4.88051048796926
15E_b_ddg 0.21010580769246 -0.362004656979507 5.04126084270018
15R_b_ddg -0.00456622571610122 -1.24413889917203 4.82658880929162
15V_b_ddg 1.23606124629388 -3.59509378871384 6.0672162813016
16A_b_ddg 0.115866573185543 -4.71528846182218 1.70506230838545
16D_b_ddg 1.34680784141026 -0.56022704082963 6.17796287641798
16G_b_ddg 1.71991446554206 0.0353669862301571 6.55106950054978
16K_b_ddg 2.23737669484224 -2.59377834016548 7.06853172984996
16V_b_ddg 1.68939779001334 -0.535476239266532 6.52055282502106
17M_b_ddg 2.42355435550408 0.389383814448197 7.2547093905118
17P_b_ddg 2.27395804839069 -2.55719698661703 7.10511308339841
17Q_b_ddg 2.13311102972078 0.257860062184888 6.9642660647285
17R_b_ddg 0.35118645724503 -0.951954045618895 1.84503044833294
17V_b_ddg 0.993030609163067 -3.83812442584466 5.82418564417079
18A_b_ddg 1.30300039095561 -3.52815464405211 6.13415542596333
18C_b_ddg 2.76753287250203 -2.06362216250569 7.59868790750975
18D_b_ddg -0.251449388588374 -5.0826044235961 4.57970564641935
18S_b_ddg 4.42463161485066 -0.406523420157062 9.25578664985838
18V_b_ddg 0.25893767683038 -0.472092361361578 5.0900927118381
19I_b_ddg -0.132053858635368 -1.02200347034732 4.69910117637235
19L_b_ddg 0.243187994694335 -0.424274214089627 5.07434302970206
19S_b_ddg 0.199931713051852 -0.97607313099608 5.03108674805957
19Y_b_ddg -0.0720060262110528 -4.90316106121877 4.75914900879667
1A_b_ddg -0.0632039916247889 -0.921369688632739 4.76795104338293
1I_b_ddg 1.12660898074587 -3.70454605426185 5.95776401575359
1K_b_ddg 0.681858251030301 -4.14929678397742 5.51301328603802
1P_b_ddg 0.0249192656804526 -0.769678601919502 4.85607430068817
1R_b_ddg 0.0784285599724102 -0.366546245883564 4.90958359498013
1S_b_ddg 0.0624538159191553 -4.76870121908857 4.89360885092688
20C_b_ddg 0.0801491299160535 -4.75100590509167 4.91130416492378
20G_b_ddg 0.167939269434525 -4.6632157655732 4.99909430444225
20H_b_ddg 0.015933330002693 -0.492609305261278 4.84708836501042
20L_b_ddg -0.215203120362674 -3.2664589319465 4.61595191464505
20S_b_ddg 1.20254834797535 -3.62860668703237 6.03370338298307
21G_b_ddg -0.110059199252246 -0.809305322740206 4.72109583575548
21L_b_ddg -0.182836678245241 -5.01399171325296 4.64831835676248
21P_b_ddg -0.102414428942549 -0.801660552430509 4.72874060606517
21Q_b_ddg -0.0125483701476922 -4.84370340515541 4.81860666486003
21W_b_ddg -0.240965784916486 -0.971995823108444 4.59018925009124
22E_b_ddg 0.0360380583831303 -4.79511697662459 4.86719309339085
22R_b_ddg 0.0693774365878207 -0.470949113380148 4.90053247159554
22V_b_ddg -0.56485288416203 -1.80442555761796 4.26630215084569
23A_b_ddg -0.620662995270234 -5.45181803027796 4.21049203973749
23E_b_ddg -0.250144589206789 -5.08129962421451 1.7204581224411
23G_b_ddg 1.43810888016095 -3.39304615484677 6.26926391516867
23H_b_ddg 1.50092731431159 -3.33022772069613 6.33208234931931
23N_b_ddg -0.0864183483604551 -0.594960983624426 4.74473668664727
23V_b_ddg 0.411560702352463 -4.41959433265526 5.24271573736018
23Y_b_ddg 2.18826178657706 -2.64289324843066 7.01941682158478
24C_b_ddg -0.661704277806449 -5.49285931281417 4.16945075720127
24I_b_ddg -0.301466450198091 -5.13262148520581 1.73270409085779
24L_b_ddg -0.866471636889075 -5.6976266718968 3.96468339811865
24S_b_ddg -0.0158304457656588 -4.84698548077338 4.81532458924206
24V_b_ddg 0.0307529370028204 -0.604925357077143 4.86190797201054
24Y_b_ddg 0.057198682536981 -1.43664530855093 4.8883537175447
25F_b_ddg -0.275570342759784 -1.83298216325569 4.55558469224794
25M_b_ddg 0.027809536565122 -4.8033454984426 1.68057310117303
25N_b_ddg -0.0653361148698828 -0.63744657954185 4.76581892013784
25T_b_ddg 0.559269133554273 -4.27188590145345 5.39042416856199
25V_b_ddg 0.188041538979399 -4.64311349602832 5.01919657398712
26D_b_ddg 1.13709463385494 -3.69406040115278 5.96824966886266
26L_b_ddg 0.705364576747728 -4.12579045825999 5.53651961175545
26N_b_ddg -0.356428574103929 -1.62778516226386 4.47472646090379
26Q_b_ddg 1.70843236473366 -3.12272267027406 6.53958739974138
26R_b_ddg 0.0489771554223556 -0.55491722395361 4.88013219043008
26Y_b_ddg -0.100423889623743 -1.11750916015168 4.73073114538398
27A_b_ddg 1.75610039916071 -3.07505463584701 6.58725543416843
27D_b_ddg 0.0582934585705016 -0.545600920805464 4.88944849357822
27G_b_ddg -0.0372242320468014 -0.92717384375875 4.79393080296092
27I_b_ddg 0.0402687797656798 -4.79088625524204 4.8714238147734
27L_b_ddg 0.141519511066214 -4.68963552394151 4.97267454607394
28I_b_ddg 0.984138188677471 -3.84701684633025 5.81529322368519
28K_b_ddg 4.00265101771121 -0.828504017296512 8.83380605271893
28L_b_ddg -0.0225475448202474 -0.880713241828198 4.80860749018747
28T_b_ddg 0.035834558406697 -4.79532047660102 1.94286944064659
28V_b_ddg 0.0589916254434084 -0.703822327452548 4.89014666045113
29A_b_ddg 0.0325240777859538 -0.539586386886013 4.86367911279368
29E_b_ddg 0.103150427427191 -0.532527866652772 4.93430546243491
29G_b_ddg -0.257587091842523 -5.08874212685024 4.5735679431652
29H_b_ddg -0.191932911440267 -1.20901818196821 4.63922212356746
29N_b_ddg -0.000688465189005315 -0.763502418084961 4.83046656981872
29V_b_ddg 0.24658759174393 -4.58456744326379 5.07774262675165
29Y_b_ddg -0.022780777062538 -1.38948910933446 4.80837425794518
2C_b_ddg 0.102011849120932 -1.073992994927 1.65942366961684
2F_b_ddg -0.805602053585924 -5.63675708859365 4.0255529814218
2H_b_ddg -0.220044411405524 -5.05119944641325 4.6111106236022
2N_b_ddg -0.436642301493458 -5.26779733650118 4.39451273351426
30D_b_ddg -0.0602820540273395 -4.89143708903506 4.77087298098038
30H_b_ddg -0.504523319010364 -5.33567835401809 4.32663171599736
30I_b_ddg 0.0717671893476208 -2.50272990167623 4.90292222435534
30K_b_ddg -0.0939141219713038 -1.23813505131524 4.73724091303642
30S_b_ddg -0.043390484575797 -0.869772266879749 4.78776455043193
30Y_b_ddg 0.0908592094460626 -4.74029582556166 4.92201424445378
31L_b_ddg 2.14128918149861 -2.68986585350911 6.97244421650633
31P_b_ddg 0.147697763131031 -0.456196616244934 4.97885279813875
31T_b_ddg 0.0384648748961704 -4.79269016011155 4.86961990990389
32E_b_ddg -0.00155395788029793 -4.83270899288802 4.82960107712742
32G_b_ddg 0.297174958674911 -4.53398007633281 3.41199859966673
32N_b_ddg -0.1803319988647 -4.15332133686447 4.65082303614302
32V_b_ddg -0.404670881995601 -2.31170576423549 4.42648415301212
32Y_b_ddg 0.458584184058234 -4.37257085094949 5.28973921906596
33H_b_ddg 0.0140711568675975 -0.558039307804369 4.84522619187532
33L_b_ddg 1.0884693640757 -3.74268567093202 5.91962439908342
33R_b_ddg 1.23327631109082 -1.34122077993303 6.06443134609854
33S_b_ddg 0.263599423324977 -1.29381239717093 5.0947544583327
33T_b_ddg 0.844168172095788 -3.98698686291193 5.67532320710351
34D_b_ddg 0.691704180001671 -4.13945085500605 5.52285921500939
34I_b_ddg 2.10368689894265 -2.72746813606507 6.93484193395037
34K_b_ddg 0.0899162993869009 -1.05430462995703 4.92107133439462
34S_b_ddg -0.190458955099278 -0.921488993291236 4.64069607990844
34Y_b_ddg 2.73384164808667 -2.09731338692105 7.56499668309439
35C_b_ddg 0.100838717393929 -0.534839576686034 4.93199375240165
35G_b_ddg 0.0963802163587187 -0.857137224761226 4.92753525136644
35L_b_ddg 0.0431268320649952 -0.751471035534959 4.87428186707272
35R_b_ddg -0.0226153467134162 -4.85377038172114 4.80853968829431
35S_b_ddg 0.722036354763255 0.149925890091288 5.55319138977098
36C_b_ddg 1.44091806749163 -1.07001119412423 6.27207310249935
36L_b_ddg 0.573730493571421 -0.7929778387005 2.06757448465933
36R_b_ddg 0.305715656993225 -0.234610892974744 5.13687069200095
36S_b_ddg 2.95404403742415 -1.87711099758357 7.78519907243187
37E_b_ddg 2.68770497403283 -2.14345006097489 7.51886000904055
37I_b_ddg 1.55726230048374 0.126986138803822 6.38841733549146
37N_b_ddg 1.90957324336938 0.86070405813744 6.7407282783771
37Q_b_ddg 1.60145025256748 -3.22970478244024 6.4326052875752
37R_b_ddg 0.530091787504396 -0.773048715359529 3.00923713441625
37T_b_ddg 0.645854634679534 -4.18530040032819 5.47700966968726
38E_b_ddg 0.724627100634705 -0.419593828709229 5.55578213564243
38R_b_ddg 0.875718991544538 -3.95543604346318 5.70687402655226
39D_b_ddg 1.35540246331277 -3.47575257169495 6.18655749832049
39S_b_ddg -0.633207821814422 -2.22240355701433 4.1979472131933
39T_b_ddg -0.495284763170822 -1.38523437488277 4.3358702718369
39V_b_ddg -0.511900354003446 -1.52898562453139 4.31925468100428
3A_b_ddg 1.06618046769112 -3.7649745673166 5.89733550269884
3D_b_ddg -0.17072634167018 -0.997108123974132 4.66042869333754
3F_b_ddg -0.0799404694094268 -4.91109550441715 4.7512145655983
3G_b_ddg 1.20664698382823 -3.62450805117949 6.03780201883595
3I_b_ddg 4.12776146399569 -0.703393571012032 8.95891649900341
3L_b_ddg 0.0745191490611402 -4.75663588594658 4.90567418406886
40F_b_ddg -0.171047725048983 -1.76024346024889 4.66010730995874
40R_b_ddg -0.628149809446764 -5.45930484445449 4.20300522556096
40S_b_ddg 1.55217094405947 -3.27898409094825 6.38332597906719
40W_b_ddg -0.00187890420105217 -0.955396345320997 4.82927613080667
40Y_b_ddg 0.158179130667719 -0.827122225156224 4.98933416567544
41L_b_ddg 0.0923839553606804 -0.447942594607289 4.9235389903684
41N_b_ddg 0.0694491631555623 -0.820500448556386 4.90060419816328
41R_b_ddg 1.24218265655996 -1.1733948609439 6.07333769156768
41Y_b_ddg 0.0716165253797961 -4.75953850962793 4.90277156038752
42A_b_ddg 0.376894609420446 -4.45426042558728 5.20804964442817
42E_b_ddg 0.264716412842226 -0.657017113573721 5.09587144784995
42R_b_ddg 2.55505553782717 -2.27609949718055 7.38621057283489
42V_b_ddg -0.0347527541254493 -4.86590778913317 1.49087515166646
42W_b_ddg -0.154875346634264 -0.885905384826222 4.67627968837346
43H_b_ddg -0.255467060069297 -2.32142151582918 4.57568797493843
43K_b_ddg -0.509872529096831 -5.34102756410455 4.32128250591089
43L_b_ddg -0.428734499918799 -5.25988953492652 4.40242053508892
43R_b_ddg -0.362818630019849 -1.12563258291581 4.46833640498787
44A_b_ddg -0.00230349941065473 -1.0193887699386 4.82885153559707
44I_b_ddg 1.65486918544096 -3.17628584956676 6.48602422044868
44P_b_ddg -0.167448176480286 -4.99860321148801 4.66370685852744
44S_b_ddg 0.213460402735481 -0.835408782496459 5.0446154377432
45A_b_ddg -0.391711229563505 -5.22286626457123 4.43944380544422
45C_b_ddg 0.780009513046758 -1.6037840897531 5.61116454805448
45D_b_ddg -0.108160787598903 -0.775622996382865 4.72299424740882
45S_b_ddg -0.13959213183402 -0.743486511209985 4.6915629031737
45V_b_ddg -0.110640320467097 -4.94179535547482 4.72051471454062
46I_b_ddg -0.204105116043594 -2.39719523061947 4.62704991896413
46K_b_ddg -0.0761460236891152 -4.90730105869684 4.75500901131861
46L_b_ddg -0.026398916107654 -1.52024290719557 4.80475611890007
46T_b_ddg 0.124401525047281 -4.70675350996044 1.74538117495119
46V_b_ddg -0.0422972304320083 -0.868679012735961 4.78885780457571
47C_b_ddg 0.820700729143574 -4.01045430586415 5.6518557641513
47I_b_ddg 0.250219175371651 -0.576162606932301 5.08137421037937
47L_b_ddg 0.0953255284443948 -4.73582950656333 4.92648056345212
47S_b_ddg 0.0562501841349769 -1.08797074520896 4.8874052191427
47Y_b_ddg 0.0128852658135428 -4.81826976919418 4.84404030082126
48H_b_ddg -0.120540279428741 -4.95169531443646 4.71061475557898
48L_b_ddg -0.0625291958545873 -0.729991404638549 4.76862583915313
48S_b_ddg 0.609118067023761 -4.22203696798396 5.44027310203148
48T_b_ddg 1.10235136287776 -0.327924798802158 5.93350639788548
49C_b_ddg 1.16046271489725 -0.810139996750636 5.99161774990497
49H_b_ddg 0.910634854103272 -0.646776966392638 5.74178988911099
49L_b_ddg 0.568860872552424 -4.2622941624553 5.40001590756015
49S_b_ddg 0.256656623440735 -2.03178523524713 5.08781165844846
4E_b_ddg 1.94144581241166 -0.0291568992362263 6.77260084741938
4H_b_ddg -0.378050198446654 -1.42691938367859 4.45310483656107
4K_b_ddg 0.1388323931997 -0.496845900880263 4.96998742820742
4L_b_ddg 0.161655101472299 -0.537591022015661 4.99281013648002
4P_b_ddg 5.04934154044798 0.218186505440258 9.8804965754557
4R_b_ddg 0.274451039993589 -0.901553804054343 5.10560607500131
50D_b_ddg -0.238124351511414 -1.25520962203936 4.59303068349631
50I_b_ddg 0.643078809858997 -4.18807622514873 5.47423384486672
50K_b_ddg -0.221755756911374 -5.0529107919191 4.60939927809635
50S_b_ddg 1.96410339914624 0.629178981578317 6.79525843415396
50Y_b_ddg 5.04177255358942 0.274185347989694 9.87292758859714
51C_b_ddg 1.66989140256435 -3.16126363244337 6.50104643757207
51F_b_ddg 1.29955523109537 -0.893534883480503 6.13071026610309
51H_b_ddg 0.441214903503064 -4.38994013150466 5.27236993851079
51N_b_ddg -0.167335524126599 -0.898365562318557 4.66381951088112
52A_b_ddg -0.248794810387548 -5.07994984539527 1.88072747478033
52D_b_ddg -0.291762195864125 -1.08636006346408 4.5393928391436
52I_b_ddg -0.438639918634201 -1.36037344505015 4.39251511637352
53A_b_ddg 0.924475212089665 -3.90667982291806 3.94394710896949
53I_b_ddg -0.202689704087931 -1.06085540109588 4.62846533091979
53S_b_ddg -0.257265784277679 -5.0884208192854 4.57388925073004
54H_b_ddg -0.196373999568169 -0.895620123056129 4.63478103543955
54S_b_ddg 0.132450854925695 -0.82106658619425 4.96360588993342
54T_b_ddg 0.222918394154804 -0.253840326405169 5.05407342916253
55A_b_ddg 0.200882509865516 -4.63027252514221 5.03203754487324
55E_b_ddg -0.00188177996044642 -1.05075096519239 4.82927325504728
5D_b_ddg 0.116494342655467 -0.773455269056482 4.94764937766319
5G_b_ddg 0.315566258527983 -4.51558877647974 5.1467212935357
5P_b_ddg 0.769929394959625 0.229602844991656 5.60108442996735
5S_b_ddg 1.06181326295115 0.457918883575185 5.89296829795887
5T_b_ddg 0.340885113716826 -0.994039303851097 5.17204014872455
5V_b_ddg 0.102910422417073 -4.72824461259065 1.88280964584097
6F_b_ddg 0.72729241054389 0.218749775279919 5.55844744555161
6H_b_ddg 1.75802015878978 -3.07313487621794 6.5891751937975
6I_b_ddg 0.354040650338236 -0.122718070221737 5.18519568534596
6P_b_ddg -0.306635813815486 -2.34080635487137 4.52451922119224
6R_b_ddg 2.1356203948514 -2.69553464015632 6.96677542985912
7C_b_ddg -0.0436878263013982 -0.965421352717345 4.78746720870632
7I_b_ddg 1.29164314678177 -3.53951188822595 6.12279818178949
7L_b_ddg 1.39795725792453 -3.43319777708319 6.22911229293225
7S_b_ddg -0.13369400314118 -0.801156211925142 4.69746103186654
7V_b_ddg 0.0756200655072734 -1.25930435206065 4.906775100515
7Y_b_ddg 0.326865652801389 -0.181676982462582 5.15802068780911
8E_b_ddg -0.00208828903995562 -0.860253986047906 4.82906674596777
8G_b_ddg -0.0548383662016893 -0.881220148505642 4.77631666880603
8H_b_ddg 0.0873083748700946 -1.62902301914581 4.91846340987782
8N_b_ddg 0.0604234058632663 -1.02022969407267 4.89157844087099
8V_b_ddg 0.3327846338924 -0.207541916075569 5.16393966890012
8Y_b_ddg 0.111915243216376 -0.523763050863587 4.9430702782241
9C_b_ddg 0.237368426397337 -0.430093782386625 5.06852346140506
9I_b_ddg 1.10111696332376 -3.73003807168396 5.93227199833148
9L_b_ddg -0.381024417979859 -5.21217945298758 4.45013061702786
9S_b_ddg 0.209008469771268 -4.62214656523645 5.04016350477899
9V_b_ddg -0.378204350642252 -5.20935938564997 4.45295068436547
9Y_b_ddg -0.00837702310733232 -3.59995938465913 4.82277801190039
49G_b_ddg 0.890258040218586 -3.94089699478914 5.72141307522631
55M_b_ddg 0.011377388234564 -4.81977764677316 4.84253242324229
56I_b_ddg 0.328987639761544 -0.719881545470396 5.16014267476927
56Y_b_ddg 0.23249021161511 -0.752811144208833 5.06364524662283
12P_b_ddg 1.41897462639125 -3.41218040861647 6.25012966139897
56H_b_ddg 0.218178067889222 -4.6129769671185 5.04933310289694
55L_b_ddg 4.36217406910247 -0.468980965905252 9.19332910411019
56K_b_ddg 2.34488230121788 1.00995788364996 7.1760373362256
56D_b_ddg 1.89820782448273 0.944690383362785 6.72936285949045
36G_b_ddg 1.7287823335417 0.552777489493768 6.55993736854942
53P_b_ddg 3.43234654896665 -1.39880848604107 8.26350158397437
39G_b_ddg -0.0430253088179924 -0.710487517601954 4.78812972618973
56S_b_ddg -0.294636977914895 -1.53420965137082 4.53651805709283
54L_b_ddg -0.251582826613419 -1.01439677950938 4.5795722083943
39P_b_ddg -0.199767381998475 -5.0309224170062 4.63138765300925
44N_b_ddg -0.00889339066657027 -1.82057652879447 4.82226164434115
56T_b_ddg 0.445885954550796 -4.38526908045693 5.27704098955852
28R_b_ddg 0.361884089862202 -4.46927094514552 5.19303912486992
52F_b_ddg 3.75619877835189 -1.07495625665583 8.58735381335961
51S_b_ddg 1.46741340521271 -3.36374162979501 6.29856844022043
38V_b_ddg 1.58954467957616 0.699595067864211 6.42069971458388
30T_b_ddg 1.65045567786311 0.347315174999185 6.48161071287083
52L_b_ddg 5.64833629184966 0.817181256841938 10.4794913268574
34H_b_ddg 2.22090876153244 1.1084717468925 7.05206379654016
43E_b_ddg 4.15442679638807 -0.676728238619652 8.98558183139579
41Q_b_ddg -0.0925642987518116 -4.92371933375953 4.73859073625591
33A_b_ddg 2.92127232900445 -1.90988270600327 7.75242736401217
53N_b_ddg 0.0606137057467989 -0.733984161853155 4.89176874075452
50T_b_ddg -0.0636495088284884 -0.667543888204454 4.76750552617923
43P_b_ddg -0.207681479108963 -5.03883651411669 4.62347355589876
41P_b_ddg 2.47569865995598 -2.35545637505174 7.3068536949637
48R_b_ddg 0.232163781737299 -4.59899125327042 5.06331881674502
10A_b_ddg -0.140469525485396 -4.97162456049312 4.69068550952233
50H_b_ddg 0.140642582265621 -4.6905124527421 4.97179761727334
54A_b_ddg 0.0409399484794897 -4.79021508652823 4.87209498348721
49P_b_ddg 0.61618387318887 -4.21497116181885 5.44733890819659
10Y_b_ddg 0.167048756020385 -4.66410627898734 4.99820379102811
26P_b_ddg 0.22071409322819 -4.61044094177953 5.05186912823591
b_dgwt -1.01621907743288 -5.8473741124406 -0.31697295394492
b_fwt 0.999239989046897 0.830489989046897 1.1679899890469
b_f0 0.180046602994432 0.092546602994432 0.255046602994432
s_dgwt -1.02934517533176 -2.67092305029112 -0.53426613367735
s_fwt 1.00219679446378 0.85219679446378 1.15219679446378
s_f0 0.0518452758784181 0.0330952758784181 0.0705952758784181
