par value lower upper
10A_s_ddg 0.394083173804094 -0.012951883150078 0.75323175346954
10C_s_ddg 0.341299034449155 -0.424884602170463 0.939880000558232
10E_s_ddg -0.0957421316478141 -0.407004234024534 0.191576732084543
10F_s_ddg 0.35660099800784 -0.744787979632861 1.07489815733873
10G_s_ddg 1.41250991809709 1.19702077029782 1.62799906589636
10H_s_ddg 0.0689850097434442 -1.58309845671761 0.954884839584877
10I_s_ddg 0.0850241510612045 -1.16002425844567 0.899094264969549
10K_s_ddg 0.269271034376441 -0.161707261222094 0.65236285268625
10L_s_ddg 0.67247921115032 0.313330631484874 1.0076845521714
10M_s_ddg 0.472583439129361 -0.197827242912805 1.02327792794971
10N_s_ddg 0.219301391192065 -0.858144347804273 0.841825595945505
10P_s_ddg 1.58961169076382 0.919201008721654 2.64311419111579
10Q_s_ddg 0.158345631443189 -0.368405618732798 0.589323927041724
10R_s_ddg 0.613010982154148 0.373578595710517 0.852443368597779
10S_s_ddg 0.401121870427127 -0.149572618393223 0.832100166025662
10T_s_ddg 0.190511105456609 -0.479899576585557 0.717262355632596
10V_s_ddg 0.0604586740782073 -0.250803428298512 0.347777537810564
10W_s_ddg 0.695646910949689 0.408328047217332 0.982965774682046
10Y_s_ddg 0.152915741711556 -0.780870565418603 0.799383185109359
11A_s_ddg 0.114736363959486 -0.914822897748126 0.761203807357289
11C_s_ddg 1.09991199172186 -0.38456880422865 2.41679011716183
11D_s_ddg 1.87871337891571 0.944927071785551 5.5180856528589
11E_s_ddg 1.76950568509539 0.668116707454689 5.40887795903858
11F_s_ddg 2.54863375788759 0.896550291426539 6.18800603183078
11G_s_ddg -0.16032961328341 -0.639194386170671 0.246705443670762
11H_s_ddg 1.50934417824342 0.910763212134344 2.34735753079613
11I_s_ddg 2.00430129234793 0.495877257753057 5.64367356629112
11K_s_ddg 0.890789615420358 -0.18665612357598 1.84851916119488
11L_s_ddg 1.9140942020804 1.31551323597132 3.27885880480909
11M_s_ddg 1.7855941601899 0.540545750683021 5.42496643413309
11N_s_ddg 1.23450823495702 0.252835450538134 2.45561340581954
11Q_s_ddg 1.26260420484213 0.40064761364506 2.34004994383847
11R_s_ddg 1.123245635375 0.644380862487739 1.62605364690662
11S_s_ddg 0.578220938137039 0.147242642538504 0.961312756446848
11T_s_ddg 0.502982346015242 -0.143485097382561 1.00579035754687
11V_s_ddg 1.4162917286782 0.697994569347308 2.44585099038581
11W_s_ddg 2.4884033039908 1.29124137177265 6.12777557793398
11Y_s_ddg 2.71619693723991 0.561305459247235 6.3555692111831
12A_s_ddg 0.31714188997764 -0.449041746641978 0.86783637879799
12C_s_ddg 0.271656583378512 -3.36771569056467 1.4448752769523
12D_s_ddg 0.418264047390753 -1.78451390789065 1.97457455927435
12E_s_ddg 0.180964470978529 -0.800708313440357 0.779545437087605
12F_s_ddg 1.25804933667434 -1.13627452776197 4.89742161061753
12G_s_ddg 0.612568429329008 0.15764689508611 1.01960348628318
12H_s_ddg 0.414668465951882 -0.0402530682910162 0.821703522906054
12I_s_ddg 0.610004171003478 -3.02936810293971 4.24937644494666
12K_s_ddg 0.422271898965775 -0.391798214942569 1.09268258100794
12L_s_ddg 0.685192445510866 0.373930343134146 0.996454547887586
12M_s_ddg 0.388630683099037 -1.62260136302746 1.34636022887356
12N_s_ddg 0.254942463995423 -3.38442980994776 3.89431473793861
12P_s_ddg 1.62344357825821 0.857259941638592 3.39524323794108
12R_s_ddg 0.154582118105765 -0.324282654781496 0.561617175059937
12S_s_ddg 0.284669030621472 -0.936436140241044 1.14662562181854
12T_s_ddg -0.0166208086015186 -3.6559930825447 1.27631407819409
12V_s_ddg 0.327214046292751 -0.726288454059224 1.04551120562364
12W_s_ddg 1.25744298253511 0.658862016426034 1.92785366457728
12Y_s_ddg 1.21169911711523 -0.919249122233082 4.85107139105842
13A_s_ddg 0.451300437450809 -0.434599392390624 1.04988140355989
13C_s_ddg 0.390041194961107 -3.24933107898208 1.46748693395744
13D_s_ddg 0.147153512610443 -0.42748421485427 0.554188569564615
13F_s_ddg 0.67409700848337 -2.96527526545982 4.31346928242656
13G_s_ddg 0.140833083506187 -0.481691121247253 0.619697856393448
13H_s_ddg -0.22705290040837 -3.86642517435156 2.23910067996103
13I_s_ddg 0.747153281478048 -2.89221899246514 4.38652555542123
13K_s_ddg -0.336234769015796 -1.41368050801213 0.26234619709328
13L_s_ddg 0.643281874481564 -0.505993580447863 1.43340874974555
13M_s_ddg 0.385977894058027 -3.25339437988516 1.55919658763182
13N_s_ddg -0.246997431766652 -3.88636970570984 1.42902927333876
13P_s_ddg 1.96478170091544 -0.69291778860886 5.60415397485863
13Q_s_ddg 0.194838386414922 -3.44453388752826 2.3497298644076
13R_s_ddg -0.0658645652057213 -1.62217507708932 0.772148787346986
13S_s_ddg 0.140282221828291 -1.29631209683349 0.930409097092272
13T_s_ddg 0.279218551229243 -2.11510531320706 1.26089133564813
13V_s_ddg 0.44080466669121 0.00982637109267487 0.823896485001019
13W_s_ddg 0.8530315362378 0.038961422329456 1.54738545692433
13Y_s_ddg 0.211196494262083 -3.4281757796811 2.3421447336104
14A_s_ddg 0.271430825212001 -2.02712008464685 1.25310360963089
14C_s_ddg 0.88259026070387 -2.75678201323932 4.52196253464706
14E_s_ddg -0.016300257947821 -1.18951895152161 0.654110424094345
14G_s_ddg 0.859475742621469 0.332724492445482 1.33834051550873
14H_s_ddg 0.511136135419483 -3.1282361385237 2.06744664730308
14I_s_ddg 0.772940549544012 -2.86643172439917 4.4123128234872
14K_s_ddg 0.256513043933896 -3.38285923000929 1.50156145344078
14L_s_ddg 0.945724813405586 -2.31055564222779 2.50203532528919
14M_s_ddg 0.719584376264284 -2.9197878976789 2.41955432001406
14N_s_ddg 0.594661230533226 -1.44051405423763 1.50450429901902
14P_s_ddg 0.238276276681535 -3.40109599726165 1.53121116347714
14Q_s_ddg 0.449125232875173 -3.19024704106801 2.38852756306858
14R_s_ddg 0.535358305670856 -0.901236012990928 1.44520137415665
14S_s_ddg 0.587981527506942 -2.16549091659481 1.68937050514764
14T_s_ddg 0.526631271737145 -3.11274100220604 1.50830405615603
14V_s_ddg 0.435497499557866 0.028462442603694 0.770702840578949
14W_s_ddg 1.50438455882986 -1.48852027171552 5.14375683277304
14Y_s_ddg 0.869652409972591 -0.0401906585132054 1.54006309201476
15A_s_ddg 0.848126692896169 -0.0377731369452642 1.59036709087142
15C_s_ddg 0.336803175389892 -3.30256909855329 3.97617544933308
15D_s_ddg 0.483218064253178 -3.15615420969001 2.03952857613678
15E_s_ddg 0.771001260214306 0.0287608622390512 1.34563898767902
15F_s_ddg 1.11903825046248 -0.60487493193166 4.75841052440567
15H_s_ddg 0.243955583090155 -3.39541669085303 3.47629280007917
15I_s_ddg 1.20837224878266 -2.43100002516053 4.84774452272585
15K_s_ddg 0.794132749291924 -0.666404808014223 1.77580553371081
15L_s_ddg 1.6304483434462 0.936094422759671 3.04309942346362
15M_s_ddg 1.38103641880193 0.112044770650688 5.02040869274512
15N_s_ddg 0.394091833897264 -3.24528044004592 1.95040234578086
15P_s_ddg 2.52822790493085 -0.00975539137163439 6.16760017887404
15Q_s_ddg 0.87204601126294 -2.76732626268025 4.51141828520613
15R_s_ddg 0.787316488135494 0.212678760670781 1.29012449966712
15S_s_ddg 0.726906258836923 -0.661801582536135 1.73252228190017
15T_s_ddg 0.488204369200763 -2.48075722270026 1.54170686955274
15V_s_ddg 1.17335513183348 0.62266064301313 1.77193609794256
15W_s_ddg 0.435264542155802 -0.737954151417988 1.22539141741978
15Y_s_ddg 0.623560850504914 -3.01581142343827 4.2629331244481
16A_s_ddg 0.433212581571869 -0.189311623181571 0.91207735445913
16C_s_ddg 0.201436541002772 -1.01966862985974 1.08733637084421
16D_s_ddg 0.41330842218972 -0.807796748672796 1.10766234287625
16F_s_ddg -0.349587011691544 -3.98895928563473 1.42221264799132
16G_s_ddg 0.460946320852259 0.173627457119902 0.724321945940253
16H_s_ddg -0.435432288550566 -4.07480456249375 0.594126973157046
16I_s_ddg 0.360984301819172 -3.27838797212401 1.67786242725914
16K_s_ddg -0.527790966710142 -2.20381767181556 0.405995340420017
16L_s_ddg -0.235091348824021 -0.905502030866187 0.363489617285056
16M_s_ddg -0.921298787644331 -4.56067106158752 0.467409053728727
16N_s_ddg 0.628371923480933 -0.688506201959035 1.39455556010055
16P_s_ddg 2.58227601985895 1.40905732628516 6.22164829380213
16Q_s_ddg -0.632100888493887 -4.27147316243707 0.732663714234808
16R_s_ddg 0.191283269121861 -0.383354458342852 0.646204803364759
16S_s_ddg 0.805348869552689 0.302540858021065 1.28421364243995
16T_s_ddg 0.646562319292776 -0.33511046512611 1.36485947862367
16V_s_ddg 0.36587067636624 -0.112994096521021 0.772905733320412
16W_s_ddg -0.415758358466891 -1.54109057475195 0.494084710018905
16Y_s_ddg -0.435351768297515 -4.0747240422407 1.33644789138535
17A_s_ddg 2.63063637342667 0.787006997810714 6.27000864736986
17C_s_ddg 2.76231936160794 0.128563110728003 6.40169163555113
17D_s_ddg 3.98228184302488 0.630228432814051 7.62165411696806
17E_s_ddg 3.26376052006207 1.01309608749194 6.90313279400526
17F_s_ddg 0.87014069531594 -2.76923157862725 2.61799711635444
17G_s_ddg 2.59225121068401 1.58663518762076 6.2316234846272
17H_s_ddg 3.10134009946464 0.778845950961423 6.74071237340783
17I_s_ddg 0.731080168129596 -2.90829210581359 4.37045244207278
17K_s_ddg 2.8095819762041 1.22932822567614 6.44895425014728
17M_s_ddg 1.14288735070738 0.616136100531393 1.69358183952773
17N_s_ddg 2.38258844554387 0.850221172304634 6.02196071948705
17P_s_ddg 1.96718222289998 1.3686012567909 3.52349273478358
17Q_s_ddg 1.85288078184883 1.1585268611623 5.49225305579202
17R_s_ddg 2.56095161624774 1.69899502505067 6.20032389019093
17S_s_ddg 3.04271519963168 1.39063173317063 6.68208747357487
17T_s_ddg 3.4878286089154 0.925902073968552 7.12720088285858
17V_s_ddg 1.71720340540527 1.28622510980673 2.29184113286998
17W_s_ddg 2.14359997568776 1.13798395262451 5.78297224963095
17Y_s_ddg 3.80745541186475 0.168083137921565 7.44682768580794
18A_s_ddg -0.114292655408688 -0.617100666940312 0.292742401545484
18C_s_ddg 0.236078982344634 -0.290672267831353 0.643114039298806
18D_s_ddg 1.31026090530888 0.879282609710345 1.8130689168405
18E_s_ddg 0.241167874469062 -0.548959000794919 0.791862363289412
18F_s_ddg 0.110530600782615 -1.37395019516789 1.02037366926841
18H_s_ddg 0.201461692815992 -2.19286217162031 1.61411277283341
18I_s_ddg 1.19756763868203 0.144065138330055 2.56233224141072
18K_s_ddg -0.0113021975439131 -1.78310185722678 0.87459763229752
18L_s_ddg 0.767275914337689 0.360240857383517 1.12642449400313
18M_s_ddg 0.273376189967532 -1.04350193547244 1.03955982658715
18N_s_ddg 0.710332511562007 -1.13329686405395 1.95538092106889
18P_s_ddg 0.401300314781645 -3.23807195916154 1.43085957648926
18Q_s_ddg 0.252626204822352 -3.38674606912083 1.16246927330815
18R_s_ddg 0.171742738056633 -0.187405841608813 0.483004840433353
18S_s_ddg -0.0309554235561257 -0.461933719154661 0.352136394753683
18T_s_ddg 0.243287597549362 -3.39608467639382 1.20101714332388
18V_s_ddg 0.761925578974311 0.498549953886317 1.0253012040623
18W_s_ddg 0.0561530807747309 -0.279052260246352 0.343471944507088
18Y_s_ddg 0.257376163392758 -0.413034518649408 0.927786845434924
19A_s_ddg 1.95905075699423 1.50412922275133 2.6294614390364
19C_s_ddg 2.27674676137819 1.36690369289239 5.91611903532138
19D_s_ddg 2.83015062119009 1.4653860184614 6.46952289513328
19E_s_ddg 2.56324754156994 1.67734771172851 6.20261981551313
19G_s_ddg 2.63166984335798 2.08097535453763 6.27104211730117
19H_s_ddg 2.62606819673938 1.50073598045432 6.26544047068256
19I_s_ddg 1.98997513354059 1.34350769014279 5.62934740748378
19K_s_ddg 2.51560492356602 1.60576185508022 6.15497719750921
19L_s_ddg 1.4576474477197 1.21821506127607 1.72102307280769
19M_s_ddg 1.85639456003539 1.23387035528195 3.43664831056335
19N_s_ddg 2.70703131336985 1.5098693811517 6.34640358731304
19P_s_ddg 3.1128526710724 1.3649962500339 6.75222494501559
19Q_s_ddg 2.9138891650029 1.57306780091857 6.55326143894609
19R_s_ddg 2.62085851773066 1.87861811975541 6.26023079167384
19S_s_ddg 2.16581207336294 1.61511758454259 4.12915764220071
19T_s_ddg 2.73242903138118 1.58315357645175 6.37180130532437
19V_s_ddg 2.35919951057531 1.71273206717751 5.99857178451849
19W_s_ddg 2.62222684851012 1.83209997324614 6.2615991224533
19Y_s_ddg 2.03332686781437 1.41080266306093 5.67269914175755
1A_s_ddg 0.345170167100748 -0.181581083075239 0.75220522405492
1C_s_ddg 0.116612649007518 -0.553798033034648 0.643363899183505
1D_s_ddg 0.143851772711316 -1.38851550052792 1.02975160255275
1E_s_ddg 0.141311826844583 -0.337552946042678 0.572290122443118
1F_s_ddg -0.164765168892801 -0.763346135001878 0.385929319927549
1G_s_ddg 0.310979749280154 -0.048168830385292 0.646185090301237
1H_s_ddg 0.138491845356595 -0.986840370928469 0.904675481976213
1I_s_ddg 0.132625443203074 -0.226523136462372 0.443887545579794
1K_s_ddg 0.101578619482639 -0.353342914760259 0.484670437792448
1L_s_ddg -0.00154022629964583 -0.983213010718531 0.716756933031246
1M_s_ddg 0.00815441024053203 -0.231277976203099 0.2236435580398
1N_s_ddg 0.0676643424589833 -0.794292248738087 0.762018263145512
1P_s_ddg 0.329669777285585 -1.82522170070709 1.14373989119393
1Q_s_ddg 0.153284212844377 -0.469239991909063 0.680035463020364
1R_s_ddg 0.403556623559156 0.140180998471162 0.66693224864715
1S_s_ddg 0.0842405711542237 -0.298851247155585 0.419445912175307
1V_s_ddg 0.103632730289131 -0.231572610731952 0.414894832665851
1W_s_ddg 0.518459743476212 0.183254402455129 0.853665084497295
1Y_s_ddg 0.159207250121897 -0.535146670564632 0.73384497758661
20A_s_ddg 0.604668665017565 0.269463323996482 0.915930767394285
20C_s_ddg 0.894526906183209 0.559321565162126 1.22973224720429
20D_s_ddg 1.32217468732754 0.627820766641011 2.23201775581334
20E_s_ddg 0.592938860629761 0.233790280964315 0.928144201650844
20F_s_ddg 1.07647014844754 0.501832420982827 1.65110787591225
20G_s_ddg 1.05940925499964 0.891806584489098 1.22701192551018
20H_s_ddg 0.342565069128425 -0.279959135625015 0.821429842015686
20I_s_ddg 1.15137451287744 0.457020592190911 1.84572843356397
20K_s_ddg -0.364774304999203 -0.843639077886464 0.0662039905993321
20L_s_ddg 0.953530799950881 0.71409841350725 1.21690642503887
20M_s_ddg 0.703721715897011 0.200913704365387 1.13470001149555
20N_s_ddg 0.641750198230461 -0.00471724516734173 1.16850144840645
20P_s_ddg 1.89129605426534 1.24482861086754 4.16590372547983
20Q_s_ddg 0.34279546389208 -0.160012547639544 0.749830520846252
20S_s_ddg 0.434567654379314 0.123305552002594 0.721886518111671
20T_s_ddg 0.762341599903954 0.283476827016693 1.19331989550249
20V_s_ddg 0.811055683090984 0.523736819358627 1.09837454682334
20W_s_ddg 1.5201102377933 1.16096165812785 1.9750317720362
20Y_s_ddg 1.2219526988997 0.551542016857534 1.98813633551932
21A_s_ddg -0.202528503253661 -0.513790605630381 0.0608471218343327
21C_s_ddg 0.795267958808247 0.388232901854075 1.20230301576242
21D_s_ddg 1.77836224031738 0.772746217254132 5.41773451426057
21E_s_ddg 0.00981870380411759 -0.253556921283876 0.249251090247748
21F_s_ddg 1.60707609930187 0.98455189454843 2.70846507694257
21G_s_ddg 1.25097140629097 1.10731197442479 1.41857407680151
21H_s_ddg 0.805303830032471 -0.272141908963867 1.57148746665209
21I_s_ddg 0.989783294321551 0.295429373635022 1.70808045365244
21K_s_ddg -0.412744451715271 -0.676120076803265 -0.17331206527164
21L_s_ddg 1.30603550263055 1.09054635483128 1.54546788907418
21M_s_ddg 0.510439824158747 0.175234483137664 0.821701926535467
21N_s_ddg 1.31461534149813 0.620261420811601 2.20051517133956
21P_s_ddg 2.09915654628332 1.42874586424115 5.73852882022651
21Q_s_ddg 0.104199750885262 -0.207062351491458 0.391518614617619
21S_s_ddg 0.442563154365691 0.107357813344608 0.753825256742411
21T_s_ddg 0.417263084280905 -0.0137152113176301 0.800354902590714
21V_s_ddg 0.260732393025691 0.0452432452264235 0.476221540824959
21W_s_ddg 2.15257031578523 1.84130821340851 2.58354861138376
21Y_s_ddg 1.50426647783226 0.809912557145731 2.67748517140605
22A_s_ddg 2.0818694853123 1.53117499649195 3.47057732668536
22C_s_ddg 2.50411931410364 1.25907090459676 6.14349158804683
22D_s_ddg 1.40000122471066 0.514101394869227 2.88448202066117
22E_s_ddg 2.24847095863683 1.5541170379503 5.88784323258002
22F_s_ddg 1.67863710864042 0.888510233376439 5.31800938258361
22H_s_ddg 1.79740667703083 0.288982642435957 5.43677895097402
22I_s_ddg 3.35745586945453 0.627926663997141 6.99682814339772
22K_s_ddg 2.12199877924216 0.613574744647287 5.76137105318535
22L_s_ddg 2.051280951734 1.52452970155801 3.22449964530779
22M_s_ddg 2.35524001562666 0.94258893560924 5.99461228956985
22N_s_ddg 1.62628294816294 0.836156072898959 3.6614582329338
22P_s_ddg 2.22463830285517 1.21902227979192 5.86401057679836
22Q_s_ddg 2.19551266346905 0.543429197007999 5.83488493741224
22R_s_ddg 2.34128962994434 1.81453837976835 4.32857843742647
22S_s_ddg 2.16663459653383 1.52016715313603 5.80600687047701
22T_s_ddg 2.57536773035525 1.45003551407019 6.21474000429844
22V_s_ddg 2.37428610215262 1.70387542011045 6.0136583760958
22W_s_ddg 2.13348704938132 1.43913312869479 5.77285932332451
22Y_s_ddg 1.75718021910666 0.703677718754685 5.39655249304985
23A_s_ddg 1.8100450510344 1.28329380085841 2.7198881195202
23C_s_ddg 2.61796895272034 1.30109082728037 6.25734122666353
23E_s_ddg 0.605401049170289 0.342025424082295 0.868776674258283
23F_s_ddg 2.55366132753845 1.18889672480976 6.19303360148164
23G_s_ddg 2.51851030030095 1.91992933419187 6.15788257424414
23H_s_ddg 1.77279067848535 0.791117894066464 5.41216295242854
23I_s_ddg 3.24613403977889 1.13912903907494 6.88550631372208
23K_s_ddg 3.00174286248251 1.61303502110945 6.64111513642569
23L_s_ddg 2.68293917349295 1.6773231504297 6.32231144743614
23M_s_ddg 1.91447765732785 1.29195345257441 3.42290169192272
23N_s_ddg 1.95694616580753 1.21470576783228 5.59631843975072
23P_s_ddg 3.20647110771018 1.38678497073859 6.84584338165337
23Q_s_ddg 1.38847214897803 0.694118228291501 2.39408817204128
23R_s_ddg 2.81532614232575 1.83365335790686 6.45469841626894
23S_s_ddg 2.06842704753212 1.25435693362378 5.7077993214753
23T_s_ddg 1.82444452019336 1.24980679272865 3.02160645241151
23V_s_ddg 2.58701869348228 1.82083505686266 6.22639096742547
23W_s_ddg 1.54191590077617 1.08699436653327 2.11655362824088
23Y_s_ddg 2.09723076666942 1.28316065276108 5.73660304061261
24A_s_ddg 1.32355285556959 0.0545612074183477 4.96292512951277
24C_s_ddg 0.661509280379736 -0.463822935905328 1.40374967835499
24D_s_ddg 1.72523264454929 -1.9141396293939 5.36460491849247
24E_s_ddg 0.732921613076895 -2.90645066086629 2.36106184089358
24G_s_ddg 2.10500751184697 1.36276711387172 5.74437978579016
24H_s_ddg 0.234345417421084 -3.4050268565221 3.87371769136427
24I_s_ddg -0.465760192053148 -1.11222763545095 0.0131045808341133
24K_s_ddg -0.0312880545922852 -3.67066032853547 1.35741978678077
24L_s_ddg -0.128072834371301 -0.630880845902925 0.231075745294145
24M_s_ddg -0.0964857612318914 -3.73585803517508 1.17250588691935
24N_s_ddg 1.15822089039279 -2.4811513835504 4.79759316433598
24P_s_ddg 2.02944110290594 -1.60993117103725 5.66881337684913
24Q_s_ddg 0.59955622506865 -3.03981604887454 4.23892849901183
24R_s_ddg -0.187029596960815 -1.93488601799932 0.674926994236255
24S_s_ddg 1.04661606607391 0.495921577253559 1.62125379353862
24T_s_ddg 0.318562488537623 -3.32080978540556 2.16219186415358
24V_s_ddg -0.158451612916755 -1.21195411326873 0.535902307769774
24W_s_ddg 0.15376465632521 -2.36027540133291 1.326983349899
24Y_s_ddg 0.309835529139949 -0.145086005102949 0.692927347449758
25A_s_ddg 2.64521930010634 1.40017089059946 6.28459157404953
25C_s_ddg 2.52566072802715 0.227109818168296 6.16503300197034
25D_s_ddg 2.64134681311091 0.773774198850591 6.28071908705409
25E_s_ddg 1.75138553016821 0.769712745749324 5.3907578041114
25F_s_ddg 1.71301547161145 0.946831834991832 5.35238774555464
25G_s_ddg 2.22511639508253 1.62653542897345 5.86448866902572
25H_s_ddg 3.62191648365809 -0.0174557902850951 7.26128875760128
25K_s_ddg 3.38653005165552 0.896433232641761 7.02590232559871
25L_s_ddg 1.65600870807417 1.15320069654255 2.30247615147197
25M_s_ddg 1.43492180640905 -1.05517501260471 5.07429408035224
25N_s_ddg 1.70722580096501 0.964985402989755 5.3465980749082
25P_s_ddg 2.37482685338279 1.15372168252027 6.01419912732598
25Q_s_ddg 3.01686507069136 0.957746547276137 6.65623734463455
25R_s_ddg 2.58850161804811 1.51105587905177 6.2278738919913
25S_s_ddg 2.46154184393575 1.33620962765069 6.10091411787894
25T_s_ddg 1.81271029472691 1.19018608997347 3.39296404525487
25V_s_ddg 1.09094459575877 0.659966300160235 1.52192289135731
25W_s_ddg 2.26552385319134 0.828929534529556 5.90489612713453
25Y_s_ddg 2.58688963384992 -0.166582810251832 6.22626190779311
26A_s_ddg 0.31299696063752 -3.32637531330567 1.43832917692258
26C_s_ddg 0.272528370431262 -3.36684390351192 1.70912268909305
26D_s_ddg 0.680575550053948 -2.95879672388924 2.23688606193755
26E_s_ddg -0.578402148967956 -4.21777442291114 1.14551103342618
26F_s_ddg -0.158152143187038 -3.79752441713022 1.70942047107328
26G_s_ddg 1.14677477313745 0.5960802843171 1.76929897789089
26I_s_ddg 0.534906962613922 -3.10446531132926 4.17427923655711
26K_s_ddg -0.14138422621877 -3.78075650016196 1.84590458126336
26L_s_ddg -0.326149313673653 -1.3317653367369 0.296374891079787
26M_s_ddg -0.000218579552342842 -3.63959085349553 1.19694335266581
26N_s_ddg 0.5391682417648 -0.274901872143544 1.13774920787388
26P_s_ddg 3.14364967527797 0.725382572197301 6.78302194922115
26Q_s_ddg -0.150773388110039 -0.701467876930389 0.256261668844133
26R_s_ddg -0.00922032480599575 -0.82329043871434 0.589360641303081
26S_s_ddg 0.473426164976671 -3.16594610896651 1.79030429041664
26T_s_ddg 0.347265930613973 -3.29210634332921 2.21483854487429
26V_s_ddg 0.0840622488892149 -1.85534008130419 0.874189124153196
26W_s_ddg 0.281720568278189 -3.357651705665 1.52676897778507
26Y_s_ddg 0.240632781012267 -2.24946403800149 1.00681641763189
27A_s_ddg 1.93593881871381 1.3613010912491 3.37253313737559
27C_s_ddg 1.9534130936294 0.78019440005561 5.59278536757258
27D_s_ddg 1.79055384199994 1.19197287589086 3.20320492201736
27E_s_ddg 2.74363904044344 1.30704472178166 6.38301131438662
27F_s_ddg 1.43795715557242 0.408397893864808 5.05338619087124
27G_s_ddg 2.55279066503525 1.93026646028181 6.19216293897844
27H_s_ddg 3.02936973384932 0.228010812458842 6.66874200779251
27I_s_ddg 0.496223156700117 -0.102357809408959 0.975087929587378
27K_s_ddg 2.67949289970372 1.05135267188703 6.31886517364691
27L_s_ddg 0.435245936420547 -0.618256563931428 1.08171337981835
27M_s_ddg 1.6665443305854 0.110233818701801 5.30591660452859
27N_s_ddg 2.88360793172475 0.7766029310208 6.52298020566793
27P_s_ddg 2.7739599170282 -0.865412356914985 6.41333219097138
27Q_s_ddg 2.55520069279227 -0.126442035376393 6.19457296673546
27R_s_ddg 2.53749111426186 1.19666975017753 6.17686338820505
27S_s_ddg 2.77682120919401 1.53177279968713 6.4161934831372
27T_s_ddg 2.84153882233345 0.878193253495679 6.48091109627664
27W_s_ddg 1.75027842839095 0.720719166683338 5.38965070233414
27Y_s_ddg 2.48959498748117 0.071327884400501 6.12896726142436
28A_s_ddg 1.29657935349666 1.0092604897643 1.60784145587338
28C_s_ddg 0.978747679607716 0.475939668076092 1.48155569113934
28D_s_ddg 1.30403071870262 0.68150651394918 2.07021435532224
28E_s_ddg 0.298451104230783 0.0829619564315155 0.513940252030051
28F_s_ddg 0.627747363603563 -0.210265988949144 1.250271568357
28G_s_ddg 2.10122577918914 1.83785015410115 2.43643112021022
28H_s_ddg 0.818735258714824 -0.498142866725144 1.8722377590668
28I_s_ddg -0.016886022010814 -0.591523749475527 0.438035512232084
28K_s_ddg 0.628806653547738 0.437260744392834 0.820352562702642
28L_s_ddg -0.454934294041612 -0.67042344184088 -0.263388384886708
28N_s_ddg 1.34938174071495 0.774744013250237 2.06767890004584
28P_s_ddg 2.75976478482875 1.58654609125496 6.39913705877194
28Q_s_ddg 0.504078193310397 0.192816090933677 0.791397057042754
28R_s_ddg 1.05752107169048 0.889918401179938 1.22512374220102
28S_s_ddg 0.685848287745927 0.374586185369207 0.973167151478284
28T_s_ddg 0.134374449728846 -0.200830891292237 0.421693313461203
28V_s_ddg 0.0666693113718772 -0.100933359138664 0.210328743238056
28W_s_ddg 0.754846518289368 0.5393573704901 0.970335666088636
28Y_s_ddg 1.42774545346469 0.829164487355614 2.21787232872867
29A_s_ddg 1.5987544739474 0.784684360039056 3.72970271329571
29C_s_ddg 1.42613103736467 -0.0583497585858397 5.06550331130786
29E_s_ddg 0.489945658690307 0.082910601736135 0.849094238355753
29F_s_ddg 3.68714378940936 0.0477715154661746 7.32651606335255
29G_s_ddg 1.89005447384717 1.483019416893 2.48863543995625
29H_s_ddg 1.94486391513837 0.604042551054039 5.58423618908156
29I_s_ddg 2.82529303631798 -0.814079237625205 6.46466531026117
29K_s_ddg 2.21145740601951 1.01429547380136 5.8508296799627
29L_s_ddg 2.82940765115147 1.48858628706714 6.46877992509465
29M_s_ddg 2.46019357577659 1.16725868898098 6.09956584971978
29N_s_ddg 1.23034446368898 0.559933781646814 2.02047133895296
29P_s_ddg 3.07801945721697 -0.393750146215674 6.71739173116016
29Q_s_ddg 1.32387943284182 -0.352147272263594 4.96325170678501
29R_s_ddg 2.55350014407822 1.47605440508188 6.19287241802141
29S_s_ddg 1.64624424636243 0.592741746010455 5.28561652030562
29T_s_ddg 2.493130561994 0.314295845356961 6.13250283593718
29V_s_ddg 2.24431726539251 1.64573629928343 5.88368953933569
29W_s_ddg 2.55084752540275 1.64100445691695 6.19021979934594
29Y_s_ddg 1.62561757851597 0.7636609873189 5.26498985245916
2A_s_ddg 0.943833928336734 0.632571825960014 1.25509603071345
2C_s_ddg 0.343243746023493 0.0319816436467732 0.63056260975585
2D_s_ddg 0.821702168465712 0.486496827444629 1.13296427084243
2E_s_ddg 0.468991402822783 0.157729300446063 0.75631026655514
2F_s_ddg 0.120507124640571 -0.214698216380512 0.407825988372928
2G_s_ddg 1.4319714527634 1.2404255436085 1.64746060056267
2H_s_ddg 0.531326680882173 0.244007817149816 0.81864554461453
2I_s_ddg -0.262554624402533 -0.932965306444699 0.336026341706543
2K_s_ddg 0.108849972262251 -0.202412130114469 0.396168835994608
2L_s_ddg -0.22057301985062 -0.460005406294251 -0.00508387205135244
2M_s_ddg -0.0556829448179325 -0.797923342793187 0.542898021291144
2N_s_ddg 0.757326246931494 0.422120905910411 1.06858834930821
2P_s_ddg 1.20301511827925 0.89175301590253 1.53822045930033
2Q_s_ddg 0.289471525595156 -0.237279724580831 0.744393059838054
2R_s_ddg 0.183885142836865 -0.0076607663180395 0.351487813347406
2S_s_ddg 0.714630369505507 0.499141221706239 0.954062755949138
2T_s_ddg -0.0886543059946642 -0.471746124304473 0.246551035026419
2V_s_ddg -0.17937023747869 -0.49063233985541 0.107948626253667
2W_s_ddg -0.0783110875895641 -0.365629951321921 0.18506453749843
30A_s_ddg 0.472646637892307 -0.652685578392757 1.26277351315629
30C_s_ddg 0.271020462839381 -2.57822493583982 1.44423915641317
30D_s_ddg 0.0102036442195175 -1.52216362901972 0.752444042194772
30E_s_ddg 0.924318552907043 -0.320729856599836 2.02570753054774
30F_s_ddg 0.928333709007416 -1.15472805305217 2.24521183444738
30G_s_ddg 0.7250273713944 0.126446405285323 1.22783538292602
30H_s_ddg 0.603885114625309 -0.401730908437939 1.34612551260056
30I_s_ddg 0.916096335174521 0.533004516864712 1.32313139212869
30K_s_ddg 0.200006817498518 -0.518290341832374 0.654928351741416
30L_s_ddg 1.60341158355049 0.717511753709057 5.24278385749368
30M_s_ddg 0.133141154508778 -3.50623111943441 1.64156518910365
30P_s_ddg 1.23037150399945 0.344471674158017 2.35570372028451
30Q_s_ddg 0.182664353888764 -3.45670792005442 1.37982628610692
30R_s_ddg 0.0832763728131316 -0.922339650250117 0.77763029349966
30S_s_ddg 0.156365059229195 -0.801364486545328 0.754946025338271
30T_s_ddg 0.129178718254109 -1.23558588447459 0.799589400296275
30V_s_ddg 0.73436043179116 -0.00787996618409492 1.3568846365446
30W_s_ddg 0.796682224690097 -1.16666334414767 2.01778739555261
30Y_s_ddg 0.931311387000349 -0.241907306573441 1.84115445548615
31A_s_ddg 0.715335137859633 -0.314224123847979 1.43363229719052
31C_s_ddg 1.23135296198139 0.441226086717409 2.11725279182282
31D_s_ddg 0.436738908065342 -3.20263336587784 1.77756027214967
31E_s_ddg 0.983490563388556 0.360966358635116 1.62995800678636
31F_s_ddg 2.26705552614861 -0.893451974907314 5.9064278000918
31G_s_ddg 0.982880539803804 0.240640141828549 1.65329122184597
31H_s_ddg 0.709920944329498 -2.92945132961369 4.34929321827268
31I_s_ddg 1.95530554929001 0.039846457740965 5.5946778232332
31K_s_ddg 0.517681347343467 -3.12169092659972 1.76272975685035
31L_s_ddg 1.75462498406844 1.29970344982554 2.42503566611061
31M_s_ddg 2.02101289851331 -1.61835937542988 5.6603851724565
31N_s_ddg 0.778631762772913 -2.86074051117027 2.47860170652269
31P_s_ddg 2.3005049366256 1.51037806136162 5.93987721056878
31Q_s_ddg 0.67280886780879 -2.9665634061344 2.08545994782621
31R_s_ddg 0.734543999013566 -0.295015262694046 1.54861411292191
31T_s_ddg 0.210898535759171 -0.339795953061179 0.641876831357706
31V_s_ddg 1.53152182022597 0.98082733140562 2.29770545684559
31W_s_ddg 2.13913007205191 0.846195185256305 5.7785023459951
31Y_s_ddg 2.0061998668946 -1.01064820229515 5.64557214083779
32A_s_ddg 1.07930057556863 0.648322279970095 1.53422210981153
32C_s_ddg 1.2078951537501 0.321995323908667 2.16562469952462
32E_s_ddg 1.18600813630753 0.755029840708995 1.66487290919479
32F_s_ddg 2.65356067873824 0.762044825833558 6.29293295268143
32G_s_ddg 0.736562093121763 0.425299990745043 1.04782419549848
32H_s_ddg 0.371655213406369 -3.26771706053682 1.92796572528997
32I_s_ddg 2.97994414435863 0.657449995855413 6.61931641830182
32K_s_ddg 1.07286510305127 0.402454421009104 1.71933254644907
32L_s_ddg 1.54833025445639 0.973692526991677 2.33845712972037
32M_s_ddg 1.4941997077428 0.560413400612641 3.33782908335876
32N_s_ddg 0.341608825588439 -0.161199185943185 0.724700643898248
32P_s_ddg 2.24593903365028 1.33609596516448 5.88531130759347
32Q_s_ddg 0.880436205271318 -0.651931067967918 2.07759813748947
32R_s_ddg 1.18683917848694 0.803747360177131 1.59387423544111
32S_s_ddg 0.935218497298847 0.240864576612318 1.55774270205229
32T_s_ddg 1.37834633658885 0.324843836236875 3.19803247356044
32V_s_ddg 2.37469153909896 1.72822409570116 6.01406381304215
32W_s_ddg 2.04619252189628 1.08846297612176 5.68556479583946
32Y_s_ddg 1.50963085767572 0.88710665292228 2.46736040345024
33A_s_ddg 0.287752495999309 -0.382658186042857 0.76661726888657
33C_s_ddg 0.740001631568153 -0.241671152850732 1.45829879089905
33D_s_ddg 0.415534606910889 -1.28443533683889 1.32537767539669
33E_s_ddg 0.143633393410051 -1.26901768660737 0.861930552740943
33F_s_ddg 1.60257689425243 0.812450018988449 3.68563865631202
33G_s_ddg 0.782487322010226 0.136019878612423 1.35712504947494
33H_s_ddg 0.689005950101208 0.0185952680590423 1.2157572002772
33I_s_ddg 0.91671455205689 -0.112844709650722 1.7547279046096
33K_s_ddg 0.514711689449061 -3.12466058449412 1.73581686031158
33L_s_ddg 0.807497368773569 0.400462311819397 1.19058918708338
33M_s_ddg 0.81203490471216 -0.0259784478405471 1.55427530268741
33N_s_ddg 0.55885555496477 -0.398873990809752 1.22926623700694
33Q_s_ddg 0.53023578490923 -0.834528817819465 1.29641942152885
33R_s_ddg 0.395455461180778 -0.0834093117064832 0.80249051813495
33S_s_ddg 0.567076797837791 0.183984979527982 0.902282138858874
33T_s_ddg 0.665165750996675 0.186300978109414 1.07220080795085
33V_s_ddg 0.779409909224561 0.156885704471121 1.30616115940055
33W_s_ddg 1.70003967636988 0.766253369239721 5.33941195031307
33Y_s_ddg 1.43878404784661 0.121905922406642 5.0781563217898
34A_s_ddg 0.679501739239146 -0.374000761112829 1.44568537585876
34C_s_ddg 0.65665565552408 -2.5996248001093 2.33268236062949
34D_s_ddg 0.183370020469166 -0.510983900217363 0.68617803200079
34E_s_ddg 0.259095411221348 -2.25494464643677 1.50414382072823
34F_s_ddg -0.115566027332718 -3.7549383012759 1.63229039370579
34G_s_ddg 0.900732130112797 0.421867357225536 1.3556536643557
34H_s_ddg -0.335164650820241 -3.97453692476343 1.62818091801753
34I_s_ddg 0.139238146960101 -0.555115773726428 0.665989397136088
34K_s_ddg -0.0726277940984313 -0.623322282918782 0.382293740144467
34L_s_ddg 0.311223666308006 -1.38874627744177 1.31683968937125
34M_s_ddg 0.319950276816326 -3.31942199712686 1.63682840225629
34P_s_ddg 3.30131811705888 1.07459692313312 6.94069039100207
34Q_s_ddg 0.504021716574158 -3.13535055736903 1.65329717150358
34R_s_ddg 0.30066923266235 -0.537344119890357 0.875306960127063
34S_s_ddg 0.485490688190622 -0.304636187073359 1.0840716542997
34T_s_ddg 0.140746701469722 -3.49862557247346 1.33790863368788
34V_s_ddg -0.232248655948477 -3.87162092989166 0.964913276269676
34W_s_ddg 0.568672866992007 -1.94536719066611 1.78977803785452
34Y_s_ddg -0.00542452944768439 -0.771608166067302 0.521326720728303
35A_s_ddg 1.48193219167321 1.12278361200776 1.88896724862738
35C_s_ddg 0.93683931701177 0.434031305480146 1.41570408989903
35D_s_ddg 1.98423205098816 1.07438898250236 5.62360432493135
35E_s_ddg 1.17846767018703 0.62777318136668 1.77704863629611
35F_s_ddg 0.753355302712774 0.106887859314971 1.30404979153312
35G_s_ddg 2.34398622922498 1.86512145633772 3.46931844551004
35H_s_ddg 0.807201103169781 -0.437847306337098 1.74098741029994
35I_s_ddg 0.533083427107618 -0.688021743754898 1.34715354101596
35K_s_ddg 0.451165259732628 -0.530507524686258 1.12157594177479
35L_s_ddg 0.714205529090624 0.45082990400263 0.977581154178618
35M_s_ddg 0.206001271969868 -0.512295887361024 0.756695760790218
35N_s_ddg 0.933839034798512 0.0239959663127157 1.6521361941294
35P_s_ddg 2.71386124284544 1.54064254927165 6.35323351678863
35Q_s_ddg 0.76436928732525 0.14184508257181 1.29112053750124
35R_s_ddg 0.254021076179875 0.0145886897362444 0.469510223979143
35S_s_ddg 1.15154489753791 0.768453079228101 1.55857995449208
35T_s_ddg 0.512231326712955 -0.158179355329211 1.01503933824458
35V_s_ddg 0.324784979676502 -0.0343635999889439 0.636047082053222
35Y_s_ddg 0.534369792149606 -0.567019185491095 1.39632638334668
36A_s_ddg 2.0203326810396 1.32597876035307 5.65970495498279
36C_s_ddg 1.30620726002655 0.779456009850563 1.88084498749126
36D_s_ddg 2.90465841031215 1.13285875062928 6.54403068425534
36E_s_ddg 2.56386662279922 1.46247764515852 6.20323889674241
36F_s_ddg 1.38749362665154 0.7649694218981 2.17762050191552
36G_s_ddg 2.0292209660983 1.55035619321104 2.86723431865101
36H_s_ddg 2.63716237844095 0.578043855025727 6.27653465238414
36I_s_ddg 0.432800422304982 -1.48265866924406 1.41447320672387
36K_s_ddg 2.64319758653868 1.13477355194381 6.28256986048187
36L_s_ddg 0.578265611375912 0.17123055442174 0.913470952396995
36M_s_ddg 0.622228445453313 -0.311557861676846 1.31658236613984
36N_s_ddg 2.52819143028251 0.876107963821459 6.1675637042257
36P_s_ddg 1.77568166289434 0.937668310341633 5.41505393683753
36Q_s_ddg 2.47057899207232 0.866382002899995 6.10995126601551
36R_s_ddg 2.14620023133334 1.64339221980172 3.17575949304095
36S_s_ddg 2.09662774395856 1.52199001649385 3.94025711957452
36T_s_ddg 2.30340743573006 1.20201845808936 5.94277970967325
36V_s_ddg 0.828205840757352 0.493000499736269 1.16341118177843
36Y_s_ddg 0.976672992008881 -0.172602462920546 1.98228901507213
37A_s_ddg 1.23482169534405 0.755956922456789 1.76157294552004
37C_s_ddg 0.80035693550411 0.17783273075067 1.3271081856801
37D_s_ddg 2.33245611639668 1.27895361604471 5.97182839033987
37E_s_ddg 0.525790694642603 0.142698876332794 0.860996035663686
37F_s_ddg 0.704867542595723 -0.827499730643513 1.54288089514843
37G_s_ddg 1.7297928934724 1.44247402974004 2.08894147313785
37H_s_ddg 0.385292749697222 -3.25407952424596 1.77400059107028
37I_s_ddg 0.489089915227736 -0.0855478122369774 0.967954688114997
37L_s_ddg 0.426569586459233 -0.0522951864280283 0.833604643413405
37M_s_ddg 0.399791230970509 -0.246676212427294 0.926542481146496
37N_s_ddg 1.25539852357798 0.800476989335082 1.73426329646524
37P_s_ddg 2.83667645602769 1.30430918278845 6.47604872997088
37Q_s_ddg 0.549611324344809 -0.0489696417642675 1.02847609723207
37R_s_ddg 0.524136602045131 0.236817738312774 0.787512227133125
37S_s_ddg 0.955416365282297 0.548381308328125 1.33850818359211
37T_s_ddg 0.722154579756504 0.195403329580517 1.1770761139994
37V_s_ddg 0.331579141596142 -0.0993991540023931 0.714670959905951
37W_s_ddg 0.614120833131182 0.159199298888284 1.02115589008535
37Y_s_ddg 0.461950465591463 -1.26196271680268 1.61122592052089
38A_s_ddg 2.59386840699486 1.58825238393161 6.23324068093805
38C_s_ddg 2.91916491194961 1.21919496819983 6.5585371858928
38D_s_ddg 2.78034465763151 1.00854499794864 6.4197169315747
38E_s_ddg 2.56462425591656 1.60689471014204 6.20399652985975
38F_s_ddg 2.97732694433964 0.990038136857506 6.61669921828283
38H_s_ddg 2.84337218384173 -0.796000090101455 6.48274445778492
38I_s_ddg 3.53265543682486 0.491864128990751 7.17202771076805
38K_s_ddg 2.88722020451815 1.28302321534582 6.52659247846134
38L_s_ddg 2.60734695557613 1.62567417115724 6.24671922951932
38M_s_ddg 3.00153336036853 1.15790398475257 6.64090563431172
38N_s_ddg 2.59068454562069 0.747055170004734 6.23005681956388
38P_s_ddg 2.98621200741987 0.927093484004647 6.62558428136306
38Q_s_ddg 2.89875839289239 1.29456140372007 6.53813066683558
38R_s_ddg 2.60919039319999 1.91483647251346 6.24856266714318
38S_s_ddg 3.29579711671513 1.52399745703226 6.93516939065831
38T_s_ddg 3.16119835180609 1.0781365897465 6.80057062574928
38V_s_ddg 2.52206207815852 1.77982168018327 6.16143435210171
38W_s_ddg 2.54451053046828 1.70649717791557 6.18388280441147
38Y_s_ddg 2.92119669771039 0.0719512990311859 6.56056897165358
39C_s_ddg 0.195022952506697 -2.36690358244015 1.22458221421431
39D_s_ddg 0.739230566575203 -0.0269530700444149 1.36175477132864
39E_s_ddg -0.460030231362834 -1.27410034527118 0.210380450679332
39F_s_ddg 0.767495825004798 -2.87187644893839 2.53929548468766
39G_s_ddg 0.740403819132969 0.453084955400612 1.00377944422096
39H_s_ddg 0.200292510448539 -3.43907976349465 1.92420569284268
39I_s_ddg 0.732260451708916 -2.90711182223427 4.3716327256521
39K_s_ddg 0.147601296162589 -1.04956063605556 0.913784932782207
39L_s_ddg 0.621453291593711 -0.264446538247722 1.26792073499151
39M_s_ddg 0.252208321468998 -3.38716395247419 1.37754053775406
39N_s_ddg 0.513452701694888 -3.1259195722483 3.36269810037409
39P_s_ddg 2.25828359774299 0.486483938060123 5.89765587168618
39Q_s_ddg 0.1019184206896 -3.53745385325359 1.10753444375285
39R_s_ddg 0.103736915477453 -0.806106153008343 0.750204358875256
39S_s_ddg 0.0378854212340853 -0.680411738096807 0.54069343276571
39T_s_ddg 0.0860912562333692 -1.08712743734042 0.732558699631172
39V_s_ddg 0.321652844791794 -0.133268689451104 0.704744663101603
39W_s_ddg 0.836927777534856 0.262290050070143 1.36367902771084
39Y_s_ddg 0.380379142437686 -3.2589931315055 1.67331402923329
3A_s_ddg 0.415419376991516 0.175986990547885 0.654851763435147
3C_s_ddg 0.469395184176076 0.062360127221904 0.828543763841522
3D_s_ddg 2.1092713980352 1.60646338650358 3.16277389838717
3E_s_ddg 2.32738390842095 1.82457589688933 3.47665936335038
3F_s_ddg 0.65741110401977 0.274319285709961 1.01655968368522
3G_s_ddg 2.19748042702932 1.8862183246526 2.60451548398349
3H_s_ddg 0.966231423909419 0.631026082888336 1.3014367649305
3I_s_ddg 1.70506427422036 1.29802921726619 2.27970200168507
3K_s_ddg 2.23799220470768 1.71124095453169 3.57881356879201
3L_s_ddg 1.90551438550397 1.57030904448289 2.31254944245814
3M_s_ddg 0.810811044242867 0.451662464577421 1.14601638526395
3N_s_ddg 2.29799213202244 1.57969497269155 5.93736440596563
3P_s_ddg 2.68885859829322 1.89873172302924 6.32823087223641
3Q_s_ddg 2.00926054875418 1.43462282128947 3.35008191283851
3R_s_ddg 2.40510182358515 1.92623705069789 3.50649080122585
3S_s_ddg 1.81604364917863 1.50478154680191 2.19913546748844
3T_s_ddg 1.86204335743481 1.43106506183628 2.50851080083261
3W_s_ddg 0.621989071508293 0.382556685064662 0.861421457951924
3Y_s_ddg 0.0747894677376268 -0.547734737015813 0.577597479269251
40A_s_ddg 0.475801451533845 -0.170665991863958 0.978609463065469
40D_s_ddg 2.40529182121766 1.08841369577769 6.04466409516085
40E_s_ddg 2.38613484543554 1.42840529966102 6.02550711937872
40F_s_ddg 1.45672834690511 0.858147380796033 2.24685522216909
40G_s_ddg 2.16312949137997 1.7560944344258 2.80959693477777
40H_s_ddg 1.01942250387774 -0.177739428340413 2.09686824287408
40I_s_ddg 0.649481079922292 -0.787113238739492 1.53538090976373
40K_s_ddg 1.08891859238003 0.610053819492769 1.59172660391165
40L_s_ddg 0.45297434989506 0.0219960542965249 0.836066168204869
40M_s_ddg 1.15048706795222 0.432189908621328 1.89272746592748
40N_s_ddg 1.68535812142938 0.775515052943584 5.32473039537257
40P_s_ddg 2.80179025636082 1.07787707396668 6.44116253030401
40Q_s_ddg 2.1076663075966 0.862617898089721 5.74703858153979
40R_s_ddg 1.04004370521208 0.752724841479723 1.3513058075888
40S_s_ddg 0.995592763708818 0.588557706754646 1.37868458201863
40T_s_ddg 1.15338422945734 0.482973547415174 1.87168138878823
40V_s_ddg 0.342345372436142 -0.06468968451803 0.677550713457225
40W_s_ddg 2.22456062242666 1.60203641767322 5.86393289636985
40Y_s_ddg 1.79068236118623 1.28787434965461 2.70052542967203
41A_s_ddg 0.853233727141385 0.278595999676672 1.37998497731737
41C_s_ddg 1.40304254061634 0.612915665352359 2.57626123419013
41D_s_ddg 0.753021967174193 -0.515969680977049 1.61497855837126
41E_s_ddg 1.14764019252213 0.52511598776869 1.8180508745643
41F_s_ddg 1.61672910367948 0.108305069084607 5.25610137762266
41G_s_ddg 0.639479441733602 0.280330862068156 0.974684782754685
41I_s_ddg 2.73430366811657 0.100547417236633 6.37367594205976
41K_s_ddg 0.152782031812354 -0.637344843451627 0.75136299792143
41L_s_ddg 1.55633033111548 1.19718175145003 2.01125186535838
41M_s_ddg 1.19020760723473 0.304307777393297 2.2437101075867
41N_s_ddg -0.210478279462428 -1.5273564049024 0.435989163935375
41P_s_ddg 2.29315965672179 1.00022476992618 5.93253193066498
41Q_s_ddg 0.603033011255618 -0.0194911934978216 1.05795454549852
41R_s_ddg 0.260615949826007 -0.0267029139063497 0.523991574914001
41S_s_ddg 0.976332966969866 0.3059222849277 1.59885717172331
41T_s_ddg 2.33244685827702 1.15922816470323 5.97181913222021
41V_s_ddg 2.49390188800265 1.36856967171759 6.13327416194583
41W_s_ddg 1.57878825708065 0.95626405232721 2.60834751878826
41Y_s_ddg 1.21338840568989 0.519034485003361 2.00351528095387
42A_s_ddg 1.78889216926049 1.38185711230632 2.38747313536957
42C_s_ddg 2.10159562809514 1.04809312774317 5.74096790203833
42D_s_ddg 0.879335659857625 -0.0544506472725345 1.62157605783288
42E_s_ddg 1.04023729972367 0.776861674635676 1.32755616345603
42F_s_ddg 2.14471799479397 0.947556062575817 5.78409026873716
42H_s_ddg 1.48985852677415 0.244810117267271 5.12923080071734
42I_s_ddg 2.71093243624421 -0.784780405832797 6.3503047101874
42K_s_ddg 1.11936112396328 0.760212544297834 1.50245294227309
42L_s_ddg 2.17262918339073 1.62193469457038 3.6810532179856
42M_s_ddg 1.56778160828625 0.993143880821536 2.42973819948332
42N_s_ddg 0.748191960605558 -2.79540735876017 2.0171836087568
42P_s_ddg 2.7743328856235 1.09830618051809 6.41370515956669
42Q_s_ddg 1.12345919334487 0.548821465880157 1.69809692080958
42R_s_ddg 1.52254581284611 1.25917018775812 1.80986467657847
42S_s_ddg 1.32296742693442 0.939875608624611 1.75394572253296
42T_s_ddg 2.32200860500543 1.14878991143164 5.96138087894862
42V_s_ddg 2.20954541669859 1.75462388245569 3.16727496247311
42W_s_ddg 1.91134559356166 1.45642405931876 2.70147246882564
42Y_s_ddg 2.10746097531537 0.383547792921229 5.74683324925856
43A_s_ddg 0.207733733144275 -0.00775541465499255 0.39927964229918
43C_s_ddg 0.19037538310344 -0.0969434806289167 0.453751008191434
43D_s_ddg 0.651863222443922 0.196941688201024 1.05889827939809
43E_s_ddg 0.28754321283952 -0.095548605470289 0.622748553860603
43F_s_ddg 0.629063816058709 0.365688190970715 0.892439441146703
43G_s_ddg 1.15779919293022 0.990196522419679 1.32540186344076
43H_s_ddg 0.319140118268571 -0.111838177329964 0.678288697934017
43I_s_ddg 0.788354510363356 0.405262692053547 1.17144632867317
43K_s_ddg -0.356086062638443 -0.858894074170067 0.050948994315729
43L_s_ddg 0.474375657014183 0.330716225148005 0.641978327524724
43M_s_ddg 0.383237716905007 0.0959188531726503 0.670556580637364
43N_s_ddg 0.0141383166071823 -0.584442649501894 0.493003089494444
43P_s_ddg 2.56397413139227 1.8935634493501 6.20334640533546
43R_s_ddg -0.205721256702657 -0.421210404501925 -0.0141753475477525
43S_s_ddg 0.420037809076783 0.228491899921879 0.611583718231687
43T_s_ddg 0.419707681414928 0.0845023403938451 0.707026545147285
43V_s_ddg 0.18295960978987 -0.00858629936503449 0.374505518944774
43W_s_ddg 1.32616323408364 1.08673084764001 1.613482097816
43Y_s_ddg 0.639854142282708 0.208875846684173 1.04688919923688
44A_s_ddg 0.68500067828837 0.469511530489102 0.900489826087638
44C_s_ddg 0.338732650595965 -0.044359167713844 0.697881230261411
44D_s_ddg 1.38544705601305 0.858695805837063 2.07980097669958
44E_s_ddg -0.138255209473832 -0.3537443572731 0.0772339383254356
44F_s_ddg 0.77026712542148 0.339288829822945 1.17730218237565
44G_s_ddg 2.0529002644123 1.78952463932431 2.36416236678902
44H_s_ddg 0.704485533801684 0.20167752227006 1.15940706804458
44I_s_ddg -0.00572350515270232 -0.508531516684327 0.40131155180147
44K_s_ddg 0.339339494769159 0.147793585614254 0.530885403924063
44L_s_ddg 0.624121598942236 0.432575689787331 0.815667508097141
44M_s_ddg 0.268675886442864 -0.0665294545782188 0.579937988819584
44N_s_ddg 0.956783429076521 0.573691610766712 1.33987524738633
44P_s_ddg 2.381423165387 1.78284219927792 6.02079543933019
44Q_s_ddg 0.097436821470249 -0.213825280906471 0.360812446558243
44R_s_ddg 0.740609927769795 0.573007257259253 0.908212598280336
44S_s_ddg 0.446340914443518 0.23085176664425 0.661830062242786
44V_s_ddg -0.261981440528327 -0.549300304260684 0.00139418455966667
44W_s_ddg 1.31766474973628 1.07823236329265 1.58104037482427
44Y_s_ddg 0.47363547046069 -0.0531157797152974 0.904613766059225
45A_s_ddg 2.12059839972054 1.76144982005509 2.67129288854089
45C_s_ddg 2.07270891504243 1.66567385808826 2.71917635844023
45D_s_ddg 2.00774422926936 1.5288794563821 2.8218143431777
45E_s_ddg 2.48506858181982 1.9822605702882 4.56813034387941
45F_s_ddg 1.99245262427848 1.56147432867994 2.61497682903192
45H_s_ddg 2.44859939836375 1.51481309123359 6.08797167230694
45I_s_ddg 2.09527919960166 1.47275499484822 5.73465147354485
45K_s_ddg 2.50967387668364 1.91109291057456 6.14904615062683
45L_s_ddg 2.21825015124783 1.85910157158238 2.79288787871254
45M_s_ddg 2.37849954136812 1.77991857525904 6.01787181531131
45N_s_ddg 2.57024763943224 1.73223428687953 6.20961991337543
45P_s_ddg 2.92643932092755 1.80110710464249 6.56581159487074
45Q_s_ddg 2.54756915866148 1.85321523797495 6.18694143260467
45R_s_ddg 2.30330151312809 1.94415293346264 2.8779392405928
45S_s_ddg 2.17276931576569 1.76573425881152 2.86712323645222
45T_s_ddg 2.58929768646873 1.8949437657822 6.22866996041192
45V_s_ddg 2.00254059895096 1.7152217352186 2.33774593997204
45W_s_ddg 2.414936917372 1.91212890584038 3.9712474292556
45Y_s_ddg 2.41586990437484 1.67362950639959 6.05524217831803
46A_s_ddg 0.726207520480917 0.43888865674856 1.01352638421327
46C_s_ddg 0.557811345386112 -0.0168263820786014 1.06061935691774
46D_s_ddg 1.53396253182471 0.91143832707127 2.44380560031051
46E_s_ddg 1.04466938573117 0.709464044710087 1.37987472675225
46F_s_ddg 0.298751781775112 -0.563204809421958 0.945219225172915
46G_s_ddg 0.886118874307834 0.718516203797293 1.05372154481838
46H_s_ddg 0.638605110328673 -0.654329776466932 1.45267522423702
46I_s_ddg -0.0977423988448147 -0.816039558175707 0.357179135398083
46K_s_ddg -0.19018899171486 -0.932429389690115 0.336562258461127
46L_s_ddg 0.180151621789445 -0.0832240032985487 0.419584008233076
46N_s_ddg 0.724046059184347 -0.521002350322532 1.56205941173705
46P_s_ddg 2.45671957656976 1.5229332694396 6.09609185051294
46Q_s_ddg 0.701025455804925 0.102444489695849 1.22777670598091
46R_s_ddg -0.405196312948614 -0.740401653969697 -0.0939342105718942
46S_s_ddg 0.5123655795999 0.177160238578817 0.82362768197662
46T_s_ddg 0.407312145366262 -0.0715526275209993 0.790403963676071
46V_s_ddg -0.00944821619764354 -0.272823841285637 0.229984170245987
46W_s_ddg -0.394971293491246 -0.849892827734144 -0.011879475181437
46Y_s_ddg 0.175332481396124 -0.902113257600214 0.869686402082653
47A_s_ddg 2.47405511514841 1.61209852395134 6.1134273890916
47C_s_ddg 2.48428619420758 1.45472693249997 6.12365846815077
47D_s_ddg 3.00876148755891 1.09330239600986 6.64813376150209
47E_s_ddg 2.6010918063829 1.64336226060838 6.24046408032608
47G_s_ddg 2.41956798886419 1.96464645462129 3.56884344379362
47H_s_ddg 3.73084293859512 0.378789528384291 7.37021521253831
47I_s_ddg 1.58355310861571 1.12863157437281 2.18213407472479
47K_s_ddg 2.52925157642092 1.59546526929076 6.1686238503641
47L_s_ddg 2.12800255967238 1.74491074136257 2.75052676442582
47M_s_ddg 2.30093225190461 1.58263509257372 5.94030452584779
47N_s_ddg 2.90777840526288 0.896546359136383 6.54715067920607
47P_s_ddg 2.44351078088105 1.00691646221927 6.08288305482423
47Q_s_ddg 2.63903465774045 1.4418727255223 6.27840693168364
47R_s_ddg 2.56059420414448 1.86624028345795 6.19996647808767
47S_s_ddg 2.25682089953199 1.63429669477855 5.89619317347518
47T_s_ddg 2.71132241333248 1.34655781060379 6.35069468727566
47V_s_ddg 1.89768124280754 1.51458942449773 2.44837573162789
47W_s_ddg 1.90200505702203 1.47102676142349 2.59635897770856
47Y_s_ddg 2.44583154971078 1.53598848122498 6.08520382365397
48A_s_ddg 1.55856112038737 1.07969634750011 2.18108532514081
48C_s_ddg 1.55461945004844 0.932095245295 2.63206518904478
48D_s_ddg 0.756080981728356 -0.225591802690529 1.49832137970361
48E_s_ddg 1.87319813326087 1.25067392850743 3.52528159972192
48F_s_ddg 1.76694545329876 0.976818578034779 5.40631772724195
48G_s_ddg 2.06317979213144 1.60825825788854 2.97302286061724
48H_s_ddg 0.00155444722060234 -0.692799473465926 0.480419220107864
48I_s_ddg 2.27548733508423 1.07832540286608 5.91485960902742
48K_s_ddg 0.717917800925158 0.143280073460445 1.24466905110115
48L_s_ddg 1.12703099657425 0.791825655553167 1.4861795762397
48M_s_ddg 1.1645804684505 0.470226547763971 1.93076410507012
48N_s_ddg 0.447404007224561 -0.438495822616872 1.09387145062236
48Q_s_ddg 0.921540378009019 0.203243218678127 1.61589429869555
48R_s_ddg 0.556547074955931 0.149512018001759 0.915695654621377
48S_s_ddg 1.17250225989757 0.789410441587761 1.57953731685174
48T_s_ddg 1.71056512310302 1.13592739563831 2.69223790752191
48V_s_ddg 2.22133112125265 1.57486367785485 5.86070339519584
48W_s_ddg 1.53476944031155 1.00801819013556 2.25306659964244
48Y_s_ddg 1.46981009400145 0.703626457381832 2.83457469673014
49A_s_ddg -0.679222579540391 -1.22991706836074 -0.224301045297493
49C_s_ddg 0.180604795439765 -0.178543784225681 0.515810136460848
49D_s_ddg 2.6745256157047 1.50130692213091 6.31389788964789
49E_s_ddg 1.39544825431181 0.916583481424549 1.97008598177652
49F_s_ddg 1.3988002503464 0.919935477459139 1.99738121645548
49G_s_ddg 0.784346497769173 0.616743827258632 0.951949168279714
49H_s_ddg 1.28046520666058 0.873430149706408 1.75932997954784
49I_s_ddg 1.20513184865945 0.415004973395469 2.09103167850088
49K_s_ddg -0.199258672185659 -0.797839638294735 0.279606100701602
49L_s_ddg 1.46160918613315 1.17429032240079 1.79681452715423
49M_s_ddg 0.479702430172196 -0.166765013225607 1.00645368034818
49N_s_ddg 0.829129079228218 0.0868886812529631 1.49953976127038
49P_s_ddg -0.020609654971899 -0.882566246168969 0.506141595204088
49Q_s_ddg 0.731863490370709 0.205112240194722 1.21072826325797
49S_s_ddg -0.597257172364352 -1.00429222931852 -0.238108592698906
49T_s_ddg 0.268069511785522 -0.330511454323554 0.72299104602842
49V_s_ddg 0.061122911888552 -0.226195951843805 0.324498536976546
49W_s_ddg 1.74094148224946 1.38179290258401 2.21980625513672
49Y_s_ddg 1.35564794136278 0.876783168475519 1.93028566882749
4A_s_ddg 1.10990650893143 0.774701167910347 1.46905508859688
4C_s_ddg 0.470139940294089 0.0391616446955539 0.853231758603898
4D_s_ddg 2.6540050770266 1.38501342887536 6.29337735096979
4E_s_ddg 0.465159027036632 0.177840163304275 0.752477890768989
4F_s_ddg 1.2196379334776 0.836546115167791 1.62667299043177
4G_s_ddg 2.39630247487959 1.8695512247036 4.12021565727373
4H_s_ddg 1.19433644517373 0.835187865508284 1.57742826348354
4I_s_ddg 0.725812066865276 0.199060816689289 1.20467683975254
4K_s_ddg 0.109316466796773 -0.178002396935584 0.372692091884767
4L_s_ddg 0.478111351791476 0.286565442636572 0.66965726094638
4M_s_ddg 0.531488342404483 0.148396524094674 0.890636922069929
4N_s_ddg 2.04589396152569 1.35154004083916 5.68526623546887
4P_s_ddg 2.52193648960764 1.80363933027675 6.16130876355083
4R_s_ddg 0.0841781651942476 -0.13131098260502 0.275724074349152
4S_s_ddg 1.33724572665275 1.04992686292039 1.64850782902947
4T_s_ddg 0.615814512686334 0.304552410309614 0.927076615063054
4V_s_ddg 0.220098482766768 -0.115106858254315 0.531360585143488
4W_s_ddg 1.31737839705928 0.958229817393834 1.70047021536909
4Y_s_ddg 0.905789750762106 0.402981739230482 1.38465452364937
50A_s_ddg -0.405109773100942 -0.692428636833299 -0.141734148012948
50C_s_ddg -0.199576652423626 -0.630554948022161 0.183515165886183
50D_s_ddg 0.02550826874576 -0.405470026852775 0.408600087055569
50E_s_ddg -0.476947620613478 -0.740323245701472 -0.237515234169847
50F_s_ddg 0.638012133940695 0.159147361053434 1.11687690682796
50G_s_ddg -0.130027829553534 -0.249744022775349 -0.0103116363317187
50H_s_ddg -0.0484525721876404 -3.68782484613083 1.14870936003051
50I_s_ddg 0.395300909020483 -0.131450341155504 0.826279204619018
50K_s_ddg -0.481853132463164 -0.769171996195521 -0.242420746019533
50L_s_ddg 0.254606729726359 0.0391175819270914 0.470095877525627
50M_s_ddg 0.277681085867412 -0.0335810165093078 0.564999949599769
50P_s_ddg 0.678832923978399 0.176024912446775 1.1337544582213
50Q_s_ddg -0.138062861172905 -0.616927634060166 0.29291543442563
50R_s_ddg -0.30957335221246 -0.501119261367365 -0.141970681701919
50S_s_ddg -0.524393999533509 -0.835656101910229 -0.237075135801152
50T_s_ddg -0.123815341806431 -0.530850398760603 0.235333237859015
50V_s_ddg 0.00541755729471184 -0.186128351860193 0.196963466449616
50W_s_ddg -0.07543003241355 -0.243032702924091 0.0921726380969914
50Y_s_ddg 0.411095760226745 -0.0677690126605163 0.818130817180917
51A_s_ddg 0.154746153420993 -0.132572710311364 0.418121778508987
51C_s_ddg 0.454343989864506 0.119138648843423 0.765606092241226
51D_s_ddg 2.41281852727278 1.07199716318845 6.05219080121597
51E_s_ddg 2.36558260519474 1.52756925264203 6.00495487913792
51F_s_ddg 0.304187652540104 -0.054960927125342 0.615449754916824
51G_s_ddg 1.69730262952939 1.40998376579703 2.05645120919484
51H_s_ddg 0.263561761608862 -0.622338068232571 0.862142727717939
51I_s_ddg 0.570633219556826 -0.219493655707155 1.24104390159899
51K_s_ddg 0.0113101022021994 -0.443611432040699 0.418345159156371
51L_s_ddg -0.213884852593941 -0.429374000393209 0.00160429520532657
51M_s_ddg 0.184528249152848 -0.174620330512598 0.519733590173931
51N_s_ddg 1.40718565525248 0.78466145049904 2.22125576916082
51P_s_ddg 2.5677048866364 1.60997534086188 6.20707716057959
51Q_s_ddg 1.16987002103174 0.61917553221139 1.76845098714082
51R_s_ddg 0.0947987622834944 -0.168576862804499 0.334231148727125
51S_s_ddg 0.817530519044 0.602041371244732 1.03301966684327
51T_s_ddg 0.954674073148322 0.54763901619415 1.36170913010249
51V_s_ddg 0.500621773011327 0.237246147923333 0.740054159454958
51W_s_ddg 0.559042957674953 0.271724093942596 0.822418582762947
52A_s_ddg 1.06447364756639 0.537722397390403 1.59122489774238
52C_s_ddg 0.558064961503873 -0.854586118513548 1.46790802998967
52D_s_ddg 1.88452305741139 1.23805561401359 4.13518748998152
52E_s_ddg 2.41250900375425 0.688595821360109 6.05188127769743
52F_s_ddg 1.61467548551104 0.968208042113237 2.76395094044047
52G_s_ddg 2.18930422604724 1.44706382807199 5.82867649999043
52H_s_ddg 3.11841415534999 -0.0660365843502975 6.75778642929317
52I_s_ddg 1.15083582207587 0.791687242410424 1.53392764038568
52K_s_ddg 2.97920479907554 1.20740513939267 6.61857707301873
52L_s_ddg 1.79112119426449 1.0728240349336 5.43049346820768
52M_s_ddg 2.57104477795624 0.200664152164297 6.21041705189942
52N_s_ddg 2.4556906150705 0.612061239454544 6.09506288901369
52P_s_ddg 3.36231452754089 1.5426283905693 7.00168680148407
52Q_s_ddg 3.41067224738786 -0.228700026555325 7.05004452133105
52R_s_ddg 2.85317727293814 1.34475323834327 6.49254954688133
52S_s_ddg 2.26670290920237 1.35685984071657 5.90607518314556
52T_s_ddg 0.244725693924764 -3.39464658001842 1.27428495563238
52W_s_ddg 2.54407751236777 0.891994045906719 6.18344978631096
52Y_s_ddg 2.95524993212855 0.967961124646416 6.59462220607173
53A_s_ddg 0.181634421151813 -0.345116829024174 0.612612716750348
53C_s_ddg 0.470428672691198 -0.223925247995331 1.116896116089
53D_s_ddg 1.15332614510383 0.29136955390676 2.15894216816708
53E_s_ddg 0.145947370360664 -0.66812274354768 0.74452833646974
53F_s_ddg 0.374783872684476 -0.582945673090047 1.069137793371
53G_s_ddg 0.0203084557069695 -0.482499555824655 0.451286751305505
53H_s_ddg 0.106886083664955 -0.563524598377211 0.681523811129668
53I_s_ddg 0.233553954607675 -0.317140534212675 0.66453225020621
53K_s_ddg -0.576944605002443 -1.34312824162206 0.0216363611066335
53L_s_ddg 0.389291355152201 -0.017743701801971 0.748439934817647
53M_s_ddg 0.0220374852308784 -0.720202912744376 0.620618451339955
53N_s_ddg 0.581736793837626 -0.0407874109158136 1.10848804401361
53P_s_ddg 2.24392313561087 1.45379626034689 5.88329540955406
53Q_s_ddg -0.0285333768386231 -1.17780883176805 0.713707021136632
53R_s_ddg -0.224239873245762 -0.703104646133023 0.18279518370841
53S_s_ddg 0.372485454463479 -0.0584928411350561 0.731634034128925
53V_s_ddg 0.135943743265481 -0.271091313688691 0.51903556157529
53W_s_ddg 0.335634881882961 -0.286889322870479 0.838442893414585
53Y_s_ddg 0.587672317871563 -0.250341034681144 1.28202623855809
54A_s_ddg 0.238214536313671 -0.312479952506679 0.693136070556569
54C_s_ddg 0.695093888118929 -0.0471465098563258 1.34156133151673
54D_s_ddg -0.220228542486808 -1.80048229301477 0.833273957865167
54E_s_ddg -0.0391717229946483 -1.18844717792408 0.774898390913696
54F_s_ddg 0.354581250392119 -0.411602386227499 0.929218977856832
54G_s_ddg 0.221168565799185 -0.114036775221898 0.532430668175905
54H_s_ddg 0.328368058766986 -0.246269668697727 0.83117607029861
54I_s_ddg 0.156637222276256 -1.08841118723062 1.01859381347333
54K_s_ddg 0.619043273105806 -0.36262951131308 1.31339719379233
54L_s_ddg 0.33503175992818 -0.0241168197372659 0.670237100949263
54M_s_ddg 0.501385368000331 -0.983095427950179 1.43517167513049
54N_s_ddg -0.0161455507943111 -1.35696691487864 0.893697517691485
54Q_s_ddg 0.0741033510145054 -1.07517210391492 0.888173464922849
54R_s_ddg 0.609738072751862 0.250589493086416 0.944943413772945
54S_s_ddg 0.0562097032733325 -0.374768592325203 0.415358282938778
54T_s_ddg 0.207868508423524 -0.654088082773546 0.758562997243874
54V_s_ddg 0.094900923823009 -0.551566519574794 0.597708935354633
54W_s_ddg 0.526040066625087 -0.192257092705805 1.14856427137853
54Y_s_ddg 0.555241436041456 -0.378544871088703 1.27353859537235
55A_s_ddg 0.460645401871786 0.00572386762888782 0.843737220181595
55C_s_ddg 0.433863541774409 -0.715411913155018 1.27187689432712
55D_s_ddg 0.340094902590809 -3.29927737135238 1.44148388023151
55E_s_ddg 0.455453101066296 -0.21495758097587 0.982204351242283
55F_s_ddg 0.183436989527915 -3.45593528441527 1.18905301259116
55G_s_ddg 0.204487189964786 -0.681412639876647 0.827011394718226
55H_s_ddg 0.470622812354463 -3.16874946158872 4.10999508629765
55I_s_ddg -0.0340022437283802 -3.67337451767157 1.13921644984541
55K_s_ddg 0.180516186850901 -3.45885608709228 1.5452807895796
55L_s_ddg -0.160146782482427 -0.830557464524593 0.414490944982286
55M_s_ddg -0.0631594245962466 -0.757513345282775 0.463591825579741
55N_s_ddg -0.134236815497377 -3.77360908944056 1.42207369638622
55P_s_ddg 0.260194158510082 -1.87075408083823 1.50524256801696
55Q_s_ddg 0.175264003874577 -2.72186787209335 1.1329935496491
55R_s_ddg 0.299109642864575 -0.275528084600138 0.777974415751836
55S_s_ddg 0.129936957068656 -0.85173582735023 0.824290877755185
55T_s_ddg 0.310611437409536 -0.862607256164254 1.14862478996224
55W_s_ddg -0.0139305090545703 -0.875887100251641 0.704366650276322
55Y_s_ddg 0.147032360647596 -2.12757531056689 1.51179696337629
56A_s_ddg 0.305402532011609 -0.652327013762914 0.999756452698138
56C_s_ddg 0.767267110937966 -0.0707462416147412 1.50950750891322
56D_s_ddg -0.157310640765674 -3.53330728962087 0.608872995853944
56E_s_ddg -0.185753984095154 -1.38291591631331 0.771975561679369
56F_s_ddg 0.856587934928468 -0.149028088134781 1.62277157154809
56G_s_ddg 0.553127658602637 -0.0454533075064395 1.07987890877862
56H_s_ddg 0.329109635140173 -1.84972508149687 1.2868391809147
56I_s_ddg 0.359910898862084 -0.358386260468808 0.886662149038071
56K_s_ddg 0.261719329978492 -0.504464306641126 0.764527341510116
56L_s_ddg 0.545000647518688 -0.0775235572347516 1.04780865905031
56M_s_ddg 0.58417104188062 -0.541161174404444 1.35035467850024
56P_s_ddg 0.408161753371198 -1.53124057682221 1.48560749236754
56Q_s_ddg 0.627505069453324 -1.33584049938445 1.6810075698053
56R_s_ddg 0.523930530654804 -0.0507071968099094 1.00279530354207
56S_s_ddg 0.370733840397723 -0.0841876938451752 0.753825658707532
56T_s_ddg 0.214750056452811 -1.19790102356461 1.12459312493861
56V_s_ddg 0.290622693680274 -0.427674465650618 0.865260421144987
56W_s_ddg 0.599384341900394 -0.286515487941039 1.31768150123129
56Y_s_ddg 0.496082410620028 0.0411608763771298 0.879174228929837
5C_s_ddg 2.38818443911138 1.57411432520304 6.02755671305457
5D_s_ddg 2.00440973924669 1.42977201178198 3.63254996706338
5E_s_ddg 2.53741364370316 1.84305972301663 6.17678591764635
5F_s_ddg 3.14296087879804 1.53876388962571 6.78233315274123
5G_s_ddg 1.48248313622938 1.24305074978575 1.74585876131737
5H_s_ddg 2.45278616088276 1.49505661510824 6.09215843482595
5I_s_ddg 2.95523532399017 1.47075452803966 6.59460759793336
5K_s_ddg 2.54188807641511 1.72781796250677 6.1812603503583
5L_s_ddg 2.82593350264234 1.98792015008963 6.46530577658553
5M_s_ddg 2.51683245008501 1.60698938159921 6.1562047240282
5N_s_ddg 2.63674551628234 1.65507273186345 6.27611779022553
5P_s_ddg 2.38916910479196 1.76664490003852 6.02854137873515
5Q_s_ddg 2.52623968380323 1.61639661531743 6.16561195774642
5R_s_ddg 2.71476509291605 2.04435441087388 6.35413736685924
5S_s_ddg 1.88787416270834 1.50478234439853 2.41462541288433
5T_s_ddg 2.15249398418057 1.69757244993767 3.038393814022
5V_s_ddg 2.30365575340754 1.77690450323155 4.00362569715732
5W_s_ddg 2.81894800447061 1.88516169734045 6.4583202784138
5Y_s_ddg 2.6966130252666 1.37973489982663 6.33598529920978
6F_s_ddg 2.26962442507533 1.40766783387826 5.90899669901852
6H_s_ddg 1.21229156000502 0.565824116607217 1.85875900340282
6I_s_ddg 0.256315475843707 -0.366208728909733 0.711237010086605
6P_s_ddg 1.80235001562742 0.533358367476178 5.44172228957061
6R_s_ddg 0.546973726273363 -3.09239854766982 4.18634600021655
6V_s_ddg 0.497221810293055 -3.14215046365013 4.13659408423624
7A_s_ddg 0.263871755666135 -0.358652449087305 0.742736528553396
7C_s_ddg -0.000296787636299512 -0.86225337883337 0.574340939828414
7D_s_ddg 0.52190843237274 -2.39916668223955 1.81484331916835
7E_s_ddg 0.269546615402626 -0.544523498505718 0.892070820156066
7G_s_ddg 1.14442814249427 0.857109278761913 1.43174700622663
7H_s_ddg -0.198295247920623 -3.83766752186381 1.93265299142769
7I_s_ddg 0.434673820916267 -0.16390714519281 0.889595355159165
7K_s_ddg -0.105762731907596 -0.991662561749029 0.56464795013457
7L_s_ddg 0.377675882844385 0.138243496400754 0.617108269288016
7M_s_ddg 0.225823940737683 -0.851621798258655 0.920177861424212
7N_s_ddg 0.500838542872405 -3.13853373107078 1.8656031456011
7P_s_ddg 3.69911884039562 1.40056793053677 7.33849111433881
7Q_s_ddg 0.0510651087024503 -1.33764273267061 0.865135222610794
7R_s_ddg -0.0452153300328013 -0.763512489363693 0.529422397431912
7S_s_ddg 0.467215014195192 -0.0355929973364322 0.874250071149364
7T_s_ddg 0.475957432190416 -0.601488306805922 1.19425459152131
7V_s_ddg 0.191389211202347 -0.359305277618003 0.622367506800882
7W_s_ddg 0.547747215482054 0.116768919883519 0.954782272436226
7Y_s_ddg 0.334345419804514 -0.144519353082747 0.741380476758686
8A_s_ddg 1.71963537961494 1.26471384537204 2.36610282301274
8C_s_ddg 2.27872353995563 1.3928237101142 5.91809581389882
8E_s_ddg 1.60562867494271 1.17465037934417 2.20420964105179
8F_s_ddg 2.22062332570988 1.19106406400227 5.85999559965307
8G_s_ddg 1.88643189773583 1.57516979535911 2.26952371604564
8H_s_ddg 1.66578990951508 1.01932246611728 2.83900860308887
8I_s_ddg 2.96822008312454 1.26825013937476 6.60759235706773
8K_s_ddg 2.135794347028 1.27383775583093 5.77516662097119
8L_s_ddg 2.83643405650327 1.87870451072875 6.47580633044646
8M_s_ddg 2.59331082101497 1.44403536608554 6.23268309495815
8N_s_ddg 0.737579115724203 0.330544058770031 1.12067093403401
8P_s_ddg 2.0426129808436 1.01305371913599 5.68198525478679
8Q_s_ddg 1.89682692167036 0.963040614540201 5.53619919561354
8R_s_ddg 2.26865762944214 1.67007666333306 5.90802990338532
8S_s_ddg 1.21556511721469 0.808530060260518 1.67048665145759
8T_s_ddg 1.14236885426104 0.448014933574511 1.86066601359193
8V_s_ddg 2.25197829835689 1.79705676411399 3.23365108277578
8W_s_ddg 2.85593898430733 1.61089057480045 6.49531125825052
8Y_s_ddg 1.58352510299868 0.984944136889604 2.51731141012884
9A_s_ddg 1.50961772331816 0.95892323449781 2.27580135993778
9C_s_ddg 0.960840371309516 0.194656734689898 1.63125105335168
9D_s_ddg 3.05875450260269 1.28695484291982 6.69812677654587
9E_s_ddg 2.76457595095566 0.801230382117889 6.40394822489885
9G_s_ddg 2.46336944322911 1.64929932932077 6.10274171717229
9H_s_ddg -0.122261322477177 -3.76163359642036 1.24250328025152
9I_s_ddg 1.84108515445361 1.21856094970017 3.2058497571823
9K_s_ddg 1.02942431590329 -0.0240781844486846 2.44207539592071
9L_s_ddg 1.12281496023444 0.859439335146446 1.4101338239668
9M_s_ddg 1.19987527355165 0.242145727777128 2.34915072848108
9N_s_ddg 0.588576314248483 -3.0507959596947 2.52797864444189
9P_s_ddg 2.801407265867 1.14932379940595 6.44077953981019
9Q_s_ddg 1.37984004497861 0.182678112760457 5.0192123189218
9R_s_ddg 0.0410322947870408 -0.557548671322036 0.519897067674302
9S_s_ddg 1.15651594505795 0.797367365392504 1.53960776336776
9T_s_ddg 2.2189049409517 0.949913292800458 5.85827721489489
9V_s_ddg 0.702542498050358 0.175791247874371 1.15746403229326
9W_s_ddg 0.323223640030207 -0.323243803367596 0.873918128850557
9Y_s_ddg -0.537614431055437 -1.68688988598486 0.132796250986729
14F_s_ddg 1.19768701137936 -2.44168526256383 4.83705928532255
6S_s_ddg 2.83572212477014 -0.803650149173045 6.47509439871333
10A_b_ddg -0.0733718869192633 -3.63580890375391 0.746926110378188
10E_b_ddg -0.145880871243207 -0.684933840895818 0.182238327675773
10G_b_ddg -0.150058786284261 -0.735985927211012 0.34212001209421
10H_b_ddg 0.599387338925315 -1.3458907689515 1.6306191069564
10N_b_ddg 0.106041272629731 -0.76113089594186 0.645094242282342
10V_b_ddg -0.0160646842050615 -0.601991825131812 0.382365771625129
10Y_b_ddg 0.112119751937214 -3.45031726489743 0.815232321049315
11A_b_ddg 0.0235222230315602 -3.53891479380309 0.796946049054871
11H_b_ddg 0.162958860519947 -0.563590794229224 0.725448915809628
11L_b_ddg 0.168489138346055 -1.07367640041866 0.895038793095226
11Q_b_ddg -0.0922623145010801 -3.65469933133573 3.47017470233357
11R_b_ddg 0.16984026455948 -0.837954417834532 0.919827004945721
11S_b_ddg 0.388317488205556 -0.267920909632405 0.974244629132307
11T_b_ddg 0.444094233151614 -0.282455421597557 1.0768955453525
12E_b_ddg -0.594712346313769 -4.15714936314841 0.577141935539733
12H_b_ddg 0.398816493131927 0.117571465487087 0.726935692050908
12K_b_ddg -0.183913161150373 -1.05108532972196 0.448888151050518
12L_b_ddg -0.416216857671997 -1.04901816987289 -0.0412234874788764
12P_b_ddg 1.13148827276568 -0.743478578199923 4.69392528960033
12R_b_ddg 0.50828824881241 0.0161094504339392 1.00046704719088
13A_b_ddg 1.14703683224494 -2.01696972875951 4.70947384907959
13D_b_ddg 0.526012893655269 0.174456609099219 0.92444334948546
13G_b_ddg 1.18784049259819 0.484727923486089 2.33625768881462
13K_b_ddg 1.95928896967248 0.928057201641398 5.52172598650712
13Q_b_ddg 1.19406625428901 -0.118410541386912 2.88153642015805
13V_b_ddg 1.04850883381339 0.556330035434919 1.65787306037721
14A_b_ddg 0.19201568940786 -3.37042132742679 1.36386997126136
14E_b_ddg -0.00900430235775855 -0.548057272010369 0.389426153472432
14G_b_ddg 0.115222936768944 -0.751949231802647 0.724587163332765
14H_b_ddg 0.149270260267491 -3.41316675656715 1.1570649426615
14I_b_ddg 0.302658751656764 -3.25977826517788 3.86509576849141
14N_b_ddg 0.0948422105785794 -0.912952471815432 0.72764352277947
14V_b_ddg 0.191298624901089 -0.160257659654962 0.54285490945714
14Y_b_ddg 0.02266260603157 -0.750761219991741 0.655463918232461
15A_b_ddg 0.786256795076581 -0.362160401139851 2.82528324550167
15E_b_ddg 0.138178660192006 -0.682119337105445 0.747542886755827
15L_b_ddg 1.87290474331259 -1.68953227352206 5.43534176014724
15R_b_ddg 1.17567468842387 0.542873376222979 2.16003228518081
15S_b_ddg 0.740768653141152 -2.82166836369349 4.3032056699758
15V_b_ddg 1.59173496857961 0.701125714370949 5.15417198541425
16A_b_ddg 2.60608246875783 -0.956354548076815 6.16851948559248
16D_b_ddg 1.93992445080423 1.00244102532143 5.50236146763888
16G_b_ddg 2.06115576426944 0.912738568053008 5.62359278110408
16K_b_ddg 2.51837390126601 1.11214876304181 6.08081091810065
16Q_b_ddg 0.913379455179598 -2.64905756165505 4.47581647201424
16V_b_ddg 2.37591882864624 1.08687911860739 5.93835584548088
17M_b_ddg 0.250639586690812 -0.358724639873009 0.836566727617563
17P_b_ddg 1.15668269629718 -0.390164955749442 4.71911971313182
17Q_b_ddg 1.73332689315022 -1.82911012368443 5.29576390998487
17R_b_ddg 1.78103861421692 -1.78139840261773 5.34347563105157
17S_b_ddg 0.33375119989074 -3.22868581694391 3.89618821672539
17V_b_ddg -0.217080197323639 -1.36549739354007 0.603217799973812
18A_b_ddg 0.310954630559734 -3.25148238627491 1.2015638847684
18C_b_ddg 0.222908235452397 -0.222396391651934 0.644775776919658
18D_b_ddg -0.169727483720447 -0.685343367735988 0.299014229020954
18I_b_ddg -0.0522762565155099 -3.61471327335016 3.51016076031914
18R_b_ddg 0.124768398478578 -3.43766861835607 1.2028743377838
18S_b_ddg 0.186590491301648 -0.235277050165613 0.561583861494769
18V_b_ddg 0.180623484367307 -0.428740742196514 0.719676454019918
19C_b_ddg 0.91926191004525 -2.6431751067894 4.4816989268799
19H_b_ddg 0.961515933242262 -2.60092108359238 4.52395295007691
19I_b_ddg -0.167383775488125 -3.72982079232277 0.465417536712766
19L_b_ddg -0.126022735472417 -0.524453191302608 0.295844805994844
19S_b_ddg 1.25463331709038 -0.737518962060573 4.81707033392503
19V_b_ddg -0.00477829838978339 -3.56721531522443 3.55765871844486
19Y_b_ddg 0.742669769513537 -2.81976724732111 4.30510678634818
1A_b_ddg -0.0315288100661819 -0.594018865355863 0.390338731401079
1I_b_ddg 0.0115685829939602 -0.29311353028795 0.269376525001731
1K_b_ddg -0.106591539875425 -3.66902855671007 0.713706457422026
1L_b_ddg 0.11500355606253 -3.44743346077212 3.67744057289718
1M_b_ddg 0.0367867028627994 -3.52565031397185 3.59922371969744
1P_b_ddg -0.187985990183515 -3.75042300701816 0.538563664565656
1R_b_ddg 0.184226772292677 -0.870442081375475 0.793590998856498
1S_b_ddg -0.0567031789512837 -0.384822377870264 0.201104763056487
1V_b_ddg -0.07523799114598 -3.63767500798063 3.48719902568867
20C_b_ddg -0.211617243189288 -1.47721986759107 0.374309897737463
20G_b_ddg -0.144160434346629 -3.70659745118127 0.746448819862032
20H_b_ddg -0.157818168035577 -0.649996966414048 0.193738116520474
20L_b_ddg -0.225667785969576 -3.78810480280422 0.407133526231315
20P_b_ddg 1.7533447250744 -0.871608866277444 5.31578174190905
20Q_b_ddg -0.196520585142397 -3.75895760197704 3.36591643169225
20S_b_ddg -0.165272524210111 -0.657451322588582 0.18628376034594
21G_b_ddg -0.0142186799574894 -3.57665569679213 0.970138916799452
21H_b_ddg -0.0425608556145099 -3.60499787244916 3.51987616122014
21K_b_ddg -0.250679202184864 -3.81311621901951 3.31175781464978
21L_b_ddg -0.211091332632748 -0.703270131011219 0.234213294471583
21M_b_ddg -0.0384223269921867 -3.60085934382683 3.52401468984246
21P_b_ddg 0.156480601173609 -3.40595641566104 1.0236527697452
21Q_b_ddg -0.0392412574082817 -0.414234627601402 0.265440855873629
21W_b_ddg -0.517252734449416 -1.15005404665031 0.0686744064773349
22A_b_ddg -0.605541348599782 -4.16797836543443 0.87099504653563
22C_b_ddg -0.738095589498733 -4.30053260633338 2.82434142733591
22E_b_ddg -0.447661145333196 -4.01009816216784 0.278888509415975
22R_b_ddg -0.432190225129535 -2.33059416173221 0.224048172708426
22V_b_ddg 0.127516707524207 -3.43492030931044 3.68995372435885
23A_b_ddg -0.362977503750287 -3.92541452058493 1.18387014829634
23E_b_ddg -0.10038335990619 -0.4050654731881 0.18086166773865
23G_b_ddg 0.253527530083622 -3.30890948675102 3.81596454691827
23H_b_ddg 0.121811862765753 -3.44062515406889 1.24679197334511
23N_b_ddg -0.453643990767602 -4.01608100760225 0.296342749618639
23V_b_ddg -0.328065149176898 -3.89050216601154 0.609418276305903
23Y_b_ddg -0.268762834504626 -3.83119985133927 0.621846419704035
24C_b_ddg -0.131860146189729 -3.69429716302437 0.688437851107722
24I_b_ddg -0.0491430854351961 -0.471010626902457 0.232101942209644
24L_b_ddg -0.0453717879745149 -0.748484357086616 0.353058667855676
24N_b_ddg -0.120483016730048 -3.68292003356469 3.4419540001046
24S_b_ddg -0.245730536222938 -0.855094762786759 0.246448262155533
24T_b_ddg -0.281129855900589 -3.84356687273523 3.28130716093406
24V_b_ddg 0.121990145704311 -0.885804536689701 0.684480200993992
24Y_b_ddg -0.0905888477739407 -0.442145132329991 0.1906561798709
25F_b_ddg 0.954901327508723 -2.60753568932592 4.51733834434337
25L_b_ddg -0.186289507055956 -3.7487265238906 1.07931311734583
25M_b_ddg 1.01256632259825 -2.5498706942364 2.74691065974143
25N_b_ddg 1.64657473730503 -1.91586227952962 5.20901175413968
25S_b_ddg 1.86195441548863 -1.70048260134602 5.42439143232328
25T_b_ddg 1.46216310810244 -0.108121629581252 5.02460012493709
25V_b_ddg -0.236857316980329 -1.01028114300364 0.325632738309352
26D_b_ddg -0.444919233119342 -4.00735624995399 0.539438363637599
26I_b_ddg -0.139236156547008 -3.70167317338165 3.42320086028764
26L_b_ddg -0.0602117141410875 -0.482079255608348 0.244470399140823
26N_b_ddg -0.171032864930743 -0.921019605316984 0.321145933447728
26P_b_ddg -0.309938445370581 -3.87237546220523 3.25249857146406
26Q_b_ddg -0.0294809626364949 -0.427911418466686 0.275201150645416
26R_b_ddg -0.0838912258335246 -0.693255452397346 0.314539229996666
26Y_b_ddg -0.0767799119631472 -1.57675339273563 0.532584314600674
27A_b_ddg 0.488854498503511 -0.847059382809481 1.75445712290529
27D_b_ddg 1.41523251148042 -0.0144297123808521 4.97766952831507
27F_b_ddg 0.909421542603449 -2.39520753222343 4.47185855943809
27G_b_ddg 2.83290945561978 -0.729527561214865 6.39534647245443
27I_b_ddg -0.0242257481525836 -0.586715803442264 0.397641793314677
27L_b_ddg 0.0314893266660243 -3.10908014870136 0.687727724503985
28I_b_ddg 0.038659216749688 -0.406645410354643 0.366778415668669
28K_b_ddg -0.0911615616123447 -0.466154931805465 0.236957637306636
28L_b_ddg 0.0376553590276273 -0.360775096802563 0.318900386672468
28N_b_ddg -0.457453776499816 -4.01989079333446 1.83938061593305
28R_b_ddg -0.189963806116589 -3.75240082295123 0.794393790640352
28T_b_ddg -0.346185547432336 -1.236794801641 0.0991190796719947
28V_b_ddg -0.083434203874038 -0.622487173526649 0.268122080682013
29A_b_ddg 0.21880801773753 -1.70303300450221 1.50784772777638
29E_b_ddg 0.0128275442943581 -0.619973767906533 0.458132171398689
29F_b_ddg -1.47797241959997 -5.04040943643462 2.08446459723468
29G_b_ddg -0.00620260182740454 -0.685878085302436 0.626598710373486
29H_b_ddg -0.105894515371902 -3.66833153220655 1.11283393775574
29N_b_ddg -0.0334659458639088 -0.73657851497601 0.552461195062842
29V_b_ddg -0.381136432607294 -3.94357344944194 0.275101965230667
29Y_b_ddg 0.406292057529366 -3.15614495930528 1.29690131173803
2C_b_ddg -0.238171876051199 -3.80060889288584 0.347755264875552
2D_b_ddg 0.0534817697934371 -3.50895524704121 1.29564730855815
2F_b_ddg -0.00195949741599345 -1.1738137792695 0.537093472236617
2H_b_ddg -0.174224331194187 -1.06483358540285 0.317954467184284
2I_b_ddg 0.0645497820209599 -3.49788723481369 3.62698679885561
2N_b_ddg -0.10942526739719 -0.671915322686871 0.312442274070071
2S_b_ddg -0.133629285666896 -3.69606630250154 1.10853625309782
30D_b_ddg -0.00603139349589934 -2.44348829975118 0.626769918704992
30H_b_ddg -0.111568365111429 -3.67400538194607 0.943100488556723
30I_b_ddg 0.132999873346786 -0.241993496846335 0.531430329176977
30K_b_ddg 0.111917558583054 -0.427135411069557 0.533785100050315
30S_b_ddg -0.0869144207462979 -1.61032498715585 0.499012720180453
30T_b_ddg 0.223177874785714 -3.33925914204893 0.973164615171955
30Y_b_ddg -0.110241397055439 -1.21178442199773 0.569434086419592
31A_b_ddg -0.00545276654789401 -3.56788978338254 0.908593573297837
31I_b_ddg -0.417149007983976 -3.97958602481862 3.14528800885067
31L_b_ddg -0.358136268070875 -1.01437466590884 0.180916701581736
31P_b_ddg 0.393018053462739 -3.16941896337191 1.61174650659038
31T_b_ddg -0.0407278853373152 -0.415721255530436 0.263954227944595
32A_b_ddg 1.50591427128865 -1.28309891952268 5.0683512881233
32E_b_ddg 0.921918533202898 0.265680135364937 1.90627612995984
32F_b_ddg 0.989288816672313 -2.57314820016233 4.55172583350696
32G_b_ddg 1.37369812376832 0.670585554656219 4.93613514060296
32H_b_ddg 0.465185563689708 -3.09725145314494 1.61360275990614
32N_b_ddg 0.195102963029871 -0.50800960608223 0.710718847045412
32V_b_ddg 0.959403160596883 -2.60303385623776 4.52184017743153
32Y_b_ddg 0.88879768339599 -0.0721228277238815 2.99813539073229
33A_b_ddg -0.0665532539937286 -3.62899027082837 0.589685143844232
33H_b_ddg 0.0228937570998705 -0.49272212691567 0.468198384204201
33I_b_ddg 0.0134526087148127 -3.54898440811983 3.57588962554946
33L_b_ddg -0.113754416300273 -0.559059043404604 0.261238953892848
33N_b_ddg 0.0671817206497993 -3.49525529618485 3.62961873748444
33R_b_ddg 0.116083703283385 -3.44635331355126 1.10044130004033
33S_b_ddg 0.074555000268428 -0.300438369924693 0.449548370461549
33T_b_ddg 0.0895180758906136 -0.449534893761997 0.558259788632014
33Y_b_ddg -0.20149131746745 -3.7639283343021 3.3609456993672
34D_b_ddg -0.0550064033320947 -0.594059372984706 0.319986966861026
34H_b_ddg -0.113117725294973 -3.67555474212962 0.800928614550758
34I_b_ddg 0.729223723707105 0.377667439151054 1.1276541795373
34K_b_ddg 1.44229088666557 0.762615403190539 3.0594497956234
34S_b_ddg 0.592396603079216 0.0299065477895352 1.17832374400597
34T_b_ddg 0.743738033146719 -0.662487105077483 1.91559231500022
34Y_b_ddg 0.268657742343179 -0.0828985422128715 0.62021402689923
35C_b_ddg 2.13879174281009 0.826314947134168 5.70122875964474
35G_b_ddg 2.61384935766596 -0.948587659168685 6.17628637450061
35K_b_ddg 2.6474491392943 -0.914987877540345 6.20988615612895
35L_b_ddg 1.82080285090659 1.00050485360914 5.38323986774123
35M_b_ddg 3.01511488501008 -0.547322131824565 6.57755190184472
35R_b_ddg 2.15177554023803 1.35491462857765 5.71421255707268
35S_b_ddg 1.63456457584097 0.181465266342628 5.19700159267562
35Y_b_ddg 2.84371393945143 -0.718723077383215 6.40615095628608
36C_b_ddg 0.515184055553817 -0.0473059997358639 1.10111119648057
36G_b_ddg 0.523626057797061 -0.41385736768574 2.25797039494024
36L_b_ddg 0.532502379649306 0.0871977525449754 1.00124409239071
36M_b_ddg 0.705767462421748 -2.8566695544129 4.26820447925639
36R_b_ddg 1.64563349781411 0.239408359589908 5.20807051464875
36S_b_ddg 0.370740437203616 -1.45735224248785 3.93317745403826
36Y_b_ddg 0.553663185218644 -3.008773831616 4.11610020205329
37E_b_ddg -0.767367977473787 -2.33765271515748 -0.204877922184106
37I_b_ddg -0.577537632773487 -1.32752437315973 -0.155670091306226
37L_b_ddg -0.137336202238021 -3.69977321907267 3.42510081459662
37N_b_ddg -0.576436415339653 -1.23267481317761 -0.131131788235322
37Q_b_ddg -0.524672059450643 -4.08710907628529 0.201877595298528
37R_b_ddg -0.138870665263147 -0.677923634915758 0.259559790567044
37T_b_ddg -0.793109652954454 -4.3555466697891 0.00375125870592719
37Y_b_ddg -0.152725956920402 -3.71516297375505 3.40971105991424
38A_b_ddg -0.4556120105128 -4.01804902734745 3.10682500632185
38C_b_ddg 0.538982902405687 -3.02345411442896 4.10141991924033
38E_b_ddg 0.424320589092396 -3.13811642774225 3.98675760592704
38L_b_ddg 1.01316430403999 -2.54927271279466 4.57560132087464
38R_b_ddg 1.07278769732026 -2.48964931951439 4.63522471415491
38V_b_ddg -0.154714665392404 -3.71715168222705 3.10304023816033
39D_b_ddg -0.221538228758806 -1.13558456860454 0.294077655256735
39G_b_ddg -0.270717894574854 -3.8331549114095 0.408957588900177
39P_b_ddg 1.15208381372979 -2.41035320310486 4.71452083056444
39S_b_ddg -0.0898768357608408 -0.746115233598802 0.35542779134349
39T_b_ddg 0.0989890471102497 -0.510375179453571 0.54429367421458
39V_b_ddg 0.0357287602590808 -0.31582752429697 0.340410873540991
3A_b_ddg 0.00517806313163369 -0.604186163432187 0.450482690235964
3D_b_ddg 1.60881263389104 0.0619649818444177 5.17124965072569
3F_b_ddg -0.00381755877125827 -1.41004269699546 0.628983753429633
3G_b_ddg -0.112047199543038 -1.16671605321119 1.29417793868116
3I_b_ddg 0.302619025406749 -0.259871029882932 0.81823490942229
3L_b_ddg -0.132496764451148 -1.1871656181193 0.758112489757513
3N_b_ddg 0.240189261966315 -3.32224775486833 3.80262627880096
40F_b_ddg -0.127748612066383 -0.924609523726764 0.528489785771578
40G_b_ddg -0.162592049865874 -2.76410855558065 2.2045535994782
40H_b_ddg -0.153894508841895 -3.71633152567654 1.8851319415832
40N_b_ddg -0.397181397363026 -3.95961841419767 3.16525561947162
40R_b_ddg -0.0949536296180967 -0.516821171085357 0.280039740575024
40S_b_ddg -0.136001553011695 -0.862551207760866 0.356177245366776
40W_b_ddg -0.0396068095358126 -3.60204382637046 1.69473752760737
40Y_b_ddg -0.268995001445206 -1.08929299874266 0.246620882570335
41D_b_ddg -0.228928237096459 -3.7913652539311 0.778866445297553
41I_b_ddg -0.68771567552534 -4.25015269235999 2.87472134130931
41L_b_ddg -0.367867409880226 -0.766297865710417 -0.0163111253241754
41N_b_ddg -0.098636388079454 -0.872060214102765 0.346668239024877
41P_b_ddg 0.414437306965513 -3.14799970986913 3.97687432380016
41Q_b_ddg -0.125084139435072 -1.78911721966704 0.437405915854609
41R_b_ddg 0.18207299143837 -0.380417063851311 0.627377618542701
41Y_b_ddg -0.256029520224942 -1.02945334624825 0.329897620701809
42A_b_ddg -0.158122198932849 -1.02529436750444 0.568427455816322
42E_b_ddg -0.144378789521938 -0.636557587900409 0.277488751945323
42L_b_ddg -0.370242063369356 -3.932679080204 3.19219495346529
42M_b_ddg -0.132402334611426 -3.69483935144607 3.43003468222322
42R_b_ddg -0.1410440329613 -0.516037403154421 0.257386422868891
42V_b_ddg 0.0521444689158451 -0.861901870929886 0.684945781116736
42W_b_ddg -0.187884683046518 -0.937871423432759 0.351168286606093
43E_b_ddg -0.230915853622061 -3.79335287045671 0.56594505803832
43H_b_ddg -0.0796309170476856 -0.759306400522717 0.318799538782505
43K_b_ddg 0.29908072844006 -0.802462296502232 0.908444955003881
43L_b_ddg -0.0855601170330473 -0.554301829774448 0.265996167523003
43P_b_ddg 0.527593548093351 -3.03484346874129 4.090030564928
43R_b_ddg 0.160943399303645 -0.401546655986036 0.582810940770906
44A_b_ddg 0.124597756167308 -0.648826069856003 0.687087811456989
44I_b_ddg 0.0552519043812586 -0.600986493456702 0.477119445848519
44K_b_ddg -0.380306657658735 -3.94274367449338 3.18213035917591
44N_b_ddg -0.232805963175537 -3.79524298001018 0.493743691573634
44P_b_ddg -0.18496563293241 -3.74740264976706 1.80718664621854
44S_b_ddg -0.112490519965602 -0.557795147069933 0.215628678953379
45A_b_ddg 0.602608618458984 -0.569245663394518 4.16504563529363
45C_b_ddg 1.14630692186714 0.208823496384339 4.70874393870178
45D_b_ddg 1.41379682355787 0.241942541704368 4.97623384039252
45F_b_ddg 1.8388912218416 -1.72354579499305 5.40132823867625
45H_b_ddg 1.89752750910166 -1.66490950773299 5.45996452593631
45I_b_ddg 1.61260701918039 -1.94982999765426 5.17504403601504
45N_b_ddg 1.40200132954344 -2.16043568729121 4.96443834637808
45R_b_ddg 0.762685438910126 -1.2529039258779 4.32512245574477
45S_b_ddg 1.19102700191985 0.112921062614628 4.75346401875449
45V_b_ddg 0.661113863224384 -0.229495390984277 4.22355088005903
45Y_b_ddg 0.992651458763223 -2.56978555807142 4.55508847559787
46I_b_ddg 0.15007331340129 -0.435853827525461 0.571940854868551
46K_b_ddg 1.93243182529733 0.948074228540389 5.49486884213198
46L_b_ddg -0.427896176095635 -1.17788291648188 -0.0763398915395845
46R_b_ddg 2.20574303876289 -0.325462210040674 5.76818005559753
46T_b_ddg 0.0934341840606692 -0.328433357406591 0.46842755425379
46V_b_ddg 0.0925707126307633 -0.376171000110637 0.467564082823884
47C_b_ddg 3.60453578742756 0.0420987705929146 7.1669728042622
47I_b_ddg 0.221569888778563 -0.364357252148188 0.760622858431174
47L_b_ddg -0.20612502474688 -0.792052165673631 0.262616687994521
47S_b_ddg 0.935117326631048 -2.6273196902036 4.49755434346569
47V_b_ddg 0.504492578201469 -0.339242504733052 2.16852565843344
47Y_b_ddg -0.308121301950489 -3.87055831878513 0.605925037895242
48A_b_ddg 0.547389631173253 -1.39788847670356 4.1098266480079
48H_b_ddg 1.84283256661109 1.02253456931364 5.40526958344573
48L_b_ddg 1.54857165226358 0.611088226780779 5.11100866909823
48Q_b_ddg -0.136722548808357 -3.699159565643 3.42571446802629
48R_b_ddg 1.43443592374384 0.0282107855196378 4.99687294057849
48S_b_ddg 1.12401750727159 0.350593681248279 4.68645452410624
48T_b_ddg 1.04659989388928 -0.0783802166900818 4.60903691072393
49C_b_ddg -0.287577103166976 -0.826630072819587 0.0405420957520045
49F_b_ddg -0.46973925592598 -4.03217627276063 3.09269776090867
49G_b_ddg -0.294718127342556 -3.8571551441772 0.666202383777315
49H_b_ddg -0.297221748715849 -0.74252637582018 0.101208707114342
49L_b_ddg -0.528172064834145 -1.18441046267211 -0.0359932664556743
49N_b_ddg -0.461739357765309 -4.02417637459995 3.10069765906934
49P_b_ddg 1.05812145962651 0.0503267772324985 2.30028699839122
49S_b_ddg -0.399810664711374 -1.19667157637176 -0.0013802088811834
49Y_b_ddg -0.388026706894837 -3.95046372372948 3.17441030993981
4E_b_ddg -0.274473376145319 -3.83691039297996 0.381765021692642
4H_b_ddg -0.171785972326391 -0.617090599430722 0.2266444835038
4K_b_ddg 0.0173465459877876 -0.615454766213103 0.486088258729188
4L_b_ddg 0.233335038336572 -0.0713470749453385 0.561454237255552
4M_b_ddg 1.14890800217516 -2.41352901465949 4.7113450190098
4P_b_ddg 0.975909701873686 -2.58652731496096 4.53834671870833
4R_b_ddg -0.0707245948304992 -0.75040007830553 0.327705860999691
4T_b_ddg 0.0712399174321394 -3.49119709940251 3.63367693426678
50C_b_ddg 0.617527743264928 -2.94490927356972 4.17996476009957
50D_b_ddg 0.0390541759786276 -0.570310050585193 0.460921717445888
50F_b_ddg 0.751808346508112 -2.81062867032653 4.31424536334276
50H_b_ddg 0.367563492195844 -3.1948735246388 1.37535817458986
50I_b_ddg 0.759177388920256 0.407621104364205 1.18104493038752
50K_b_ddg 0.984176920185998 0.609183549992877 1.42948154729033
50S_b_ddg 0.322180289203579 -0.240309766086102 0.76748491630791
50T_b_ddg 0.164020627727536 -3.39841638910711 0.914007368113777
50Y_b_ddg 0.722183326845548 0.394064127926567 1.09717669703867
51C_b_ddg 1.83990226119907 0.761796321893848 5.40233927803372
51D_b_ddg 1.41705834069927 -2.14537867613538 4.97949535753392
51F_b_ddg 0.328050639880943 0.0233685265990325 0.679606924436994
51H_b_ddg -0.346022622938153 -1.84599610371064 0.169593261077388
51I_b_ddg 2.95626904639662 -0.606167970438025 6.51870606323127
51L_b_ddg 1.96190985733152 -1.60052715950313 5.52434687416616
51N_b_ddg 2.60775353834682 0.662475430470007 6.17019055518147
51S_b_ddg 3.31272484228813 -0.0856525750870252 6.87516185912277
52A_b_ddg -0.00281521921542554 -0.494994017593896 0.442489407888905
52D_b_ddg 1.8135978307925 -0.389488219092083 5.37603484762715
52E_b_ddg 1.5319559896505 -2.03048102718415 5.09439300648515
52F_b_ddg 0.76445432095436 -0.477711217810352 4.32689133778901
52G_b_ddg -0.0877008463276583 -3.6501378631623 1.78726600463794
52I_b_ddg -0.177636642582841 -0.622941269687172 0.22079381324735
52L_b_ddg 0.720366501926013 -2.84207051490863 4.28280351876066
52Y_b_ddg -0.171431366793787 -3.73386838362843 3.39100565004086
53A_b_ddg -0.0816831115119557 -0.995729451357687 0.387058601229445
53I_b_ddg 0.298327631277483 -0.00635448200442745 0.626446830196464
53N_b_ddg -0.0262491429717946 -3.58868615980644 0.747174683051517
53P_b_ddg 1.45305782018982 -2.10937919664483 5.01549483702447
53S_b_ddg -0.0542267399910618 -0.522968452732463 0.297329544564989
54A_b_ddg 0.0904955483028229 -3.47194146853182 1.02797897378562
54H_b_ddg -0.118879827030904 -0.728244053594725 0.302987714436357
54L_b_ddg -0.0962456225544097 -1.50247076077861 0.466244432735271
54N_b_ddg 0.168353891207541 -3.3940831256271 3.73079090804219
54Q_b_ddg -0.148267900232186 -3.71070491706683 3.41416911660246
54R_b_ddg -0.0682666420447959 -3.63070365887944 0.962965125986286
54S_b_ddg 0.0236927045107734 -0.937227806609098 0.539308588526314
54T_b_ddg 0.00136990408002193 -0.748616836306219 0.493548702458493
55A_b_ddg 0.294706945456559 -0.0568493390994915 0.66970031564968
55E_b_ddg 0.0314149034936375 -0.390452637973623 0.382971188049688
55G_b_ddg 0.294071059252016 -3.26836595758263 1.23155448473482
55L_b_ddg 0.0802799580589148 -0.974388895609237 0.619332927711526
55M_b_ddg 0.131039906822415 -0.337701805918986 0.506033277015536
55P_b_ddg 0.251262929588315 -3.31117408724633 3.81369994642296
55S_b_ddg 0.013550001096552 -3.54888701573809 3.5759870179312
55T_b_ddg -0.00571088995038163 -3.56814790678503 1.63488510464452
56D_b_ddg 0.0133307884353098 -1.48664269233717 0.599257929362061
56F_b_ddg -0.0947985944263302 -3.65723561126098 3.46763842240831
56H_b_ddg 0.0569810768605272 -3.50545593997412 0.947590331069189
56I_b_ddg 0.0762219631420127 -0.415956835236458 0.498089504609273
56K_b_ddg 0.0258623276202349 -0.700687327128936 0.494604040361636
56S_b_ddg 0.0604957976462423 -1.04104722729605 0.646422938572993
56T_b_ddg -0.0985054457883257 -3.66094246262297 0.792103808420336
56Y_b_ddg -0.0961433465423103 -0.518010888009571 0.25541293801374
5D_b_ddg 0.699530685309572 -0.91762822364826 4.26196770214422
5E_b_ddg -1.38637133541342 -4.94880835224807 2.17606568142123
5G_b_ddg -0.261571925026531 -3.82400894186118 0.6524744148192
5P_b_ddg 0.42914985137064 -3.13328716546401 3.99158686820529
5S_b_ddg -0.317435706831402 -0.997111190306433 0.291928519732419
5T_b_ddg 0.115244466597186 -0.751927701974405 0.771482864435147
5V_b_ddg 0.977968395359883 -0.77981302742037 4.54040541219453
6F_b_ddg -0.305280425543447 -3.86771744237809 0.538454657391074
6H_b_ddg 0.348847631081416 -0.260516595482405 0.934774772008167
6I_b_ddg 0.188682341223759 -0.350370628428852 0.63398696832809
6P_b_ddg 1.46565534999383 -2.09678166684082 5.02809236682848
6R_b_ddg 0.217506724033668 -3.34493029280098 1.45967226279838
6V_b_ddg 0.0676311227667366 -3.49480589406791 1.82541254554699
7C_b_ddg 1.78422755496214 0.354565331100868 5.34666457179679
7I_b_ddg 2.42154807968753 1.34344214038231 5.98398509652218
7L_b_ddg 1.87846758848927 1.22222919065131 5.44090460532392
7S_b_ddg 1.70561345026875 0.932189624245439 5.2680504671034
7V_b_ddg 2.54035471185903 0.618513689619287 6.10279172869368
7Y_b_ddg -0.117082800260869 -0.60926159863934 0.234473484295182
8A_b_ddg -0.23295603175249 -3.79539304858714 0.962335335738082
8C_b_ddg -0.576857342191395 -4.13929435902604 2.98557967464325
8E_b_ddg -0.187708404472736 -0.773635545399487 0.327907479542805
8G_b_ddg -0.236467533241688 -0.728646331620159 0.255711265136783
8H_b_ddg -0.354502775808482 -3.91693979264313 0.6767289922226
8N_b_ddg -0.176584430600669 -1.13750494172054 0.339031453414872
8V_b_ddg 0.531960253555908 -0.499271514475174 2.52411253270686
8Y_b_ddg 0.602710195144306 -0.334773230338495 1.7042532200866
9C_b_ddg 3.8281733018595 0.265736285024855 7.39061031869415
9H_b_ddg 2.39288323133967 -1.16955378549498 5.95532024817432
9I_b_ddg 1.88759552629107 0.200125360422027 5.45003254312572
9L_b_ddg 1.58193385096209 0.996006710035339 3.17565567428285
9P_b_ddg 1.50035858072059 -2.06207843611406 5.06279559755524
9S_b_ddg 1.81459067359706 0.923981419388399 5.37702769043171
9T_b_ddg 2.09878469804401 -1.46365231879064 5.66122171487866
9V_b_ddg 4.95448143741444 1.39204442057979 8.51691845424909
9Y_b_ddg 2.15250579372967 1.35564488206929 5.71494281056431
b_dgwt -0.937122792514179 -1.3121161627073 -0.491818165409848
b_fwt 0.983129058749775 0.958129058749775 1.00812905874977
b_f0 0.190350129954069 0.109100129954069 0.259100129954069
s_dgwt -1.17695262347485 -1.32061205534103 -1.03329319160867
s_fwt 1.03075362977329 1.01825362977329 1.04325362977329
s_f0 0.0495950711400139 0.0308450711400139 0.0683450711400139
