par value lower upper
10A_s_ddg 0.153627364378827 0.102688459604752 0.204566269152902
10E_s_ddg -0.179725569577094 -0.179725569577094 -0.179725569577094
10G_s_ddg 0.592023237136774 0.566553784749736 0.617492689523811
10H_s_ddg 0.88756788012277 0.836628975348695 0.938506784896845
10N_s_ddg 0.294804684434626 0.269335232047588 0.320274136821664
10V_s_ddg 0.0618987378157092 0.0618987378157092 0.0618987378157092
10Y_s_ddg 0.304563786428861 0.253624881654786 0.330033238815899
11A_s_ddg 0.144397868371527 0.093458963597452 0.195336773145602
11H_s_ddg 0.999507568557614 0.999507568557614 0.999507568557614
11L_s_ddg 1.28714392429876 1.26167447191172 1.3126133766858
11Q_s_ddg 0.524688190275285 0.26999366640491 0.728443809371585
11R_s_ddg 0.772013970057696 0.746544517670659 0.797483422444733
11S_s_ddg 0.750908078778481 0.725438626391444 0.776377531165518
11T_s_ddg 0.828262220439506 0.802792768052469 0.853731672826543
12E_s_ddg -0.858142040963262 -1.0873671124466 -0.654386421866962
12H_s_ddg 0.662831091737988 0.662831091737988 0.662831091737988
12K_s_ddg 0.112927732367081 0.0874582799800435 0.138397184754118
12L_s_ddg -0.10812461886295 -0.10812461886295 -0.10812461886295
12P_s_ddg 1.95736664248495 1.8554888329368 2.0592444520331
12R_s_ddg 0.752718587462018 0.727249135074981 0.778188039849055
13A_s_ddg 1.52482075636698 1.44841239920587 1.60122911352809
13D_s_ddg 0.730598565807805 0.730598565807805 0.730598565807805
13G_s_ddg 1.48491857405379 1.45944912166675 1.51038802644083
13K_s_ddg 2.1083595990197 2.05742069424563 2.15929850379378
13Q_s_ddg 1.44969088239329 1.42422143000625 1.47516033478033
13V_s_ddg 1.3980689648529 1.37259951246586 1.42353841723994
14A_s_ddg 0.446535504089918 0.370127146928805 0.522943861251031
14E_s_ddg 0.00577792948909072 0.00577792948909072 0.00577792948909072
14G_s_ddg 0.544760516713516 0.519291064326479 0.570229969100553
14H_s_ddg 0.463407004795865 0.41246810002179 0.51434590956994
14I_s_ddg 0.742090148854296 0.538334529757996 0.920376315563559
14N_s_ddg 0.370363991604597 0.344894539217559 0.395833443991635
14V_s_ddg 0.46496388657893 0.46496388657893 0.46496388657893
14Y_s_ddg 0.462714518324038 0.437245065937 0.488183970711075
15A_s_ddg 1.32716467547329 1.27622577069922 1.37810358024736
15E_s_ddg 0.539398426076773 0.513928973689736 0.56486787846381
15L_s_ddg 2.56447364519227 2.02961514506448 3.55778228828673
15R_s_ddg 1.6073053403204 1.58183588793336 1.63277479270744
15S_s_ddg 1.20962904870457 0.954934524834195 1.46432357257495
15V_s_ddg 2.15793441979358 2.1069955150195 2.20887332456766
16A_s_ddg 2.50230914567251 2.27308407418917 2.85888147909104
16D_s_ddg 2.21971457469648 2.1687756699224 2.27065347947056
16G_s_ddg 2.28490720384476 2.20849884668365 2.36131556100587
16K_s_ddg 2.55941260761419 2.45753479806604 2.66129041716234
16Q_s_ddg 1.15941097449243 1.05753316494428 1.26128878404058
16V_s_ddg 2.54011116530359 2.46370280814248 2.64198897485174
17M_s_ddg 0.884063775774356 0.858594323387319 0.909533228161393
17P_s_ddg 2.21144148044836 2.16050257567428 2.26238038522244
17Q_s_ddg 2.59160802168622 2.51519966452511 2.69348583123437
17R_s_ddg 2.87546720797098 2.62077268410061 3.43579516048581
17S_s_ddg 2.40643981158898 1.79517295430008 3.67991243094086
17V_s_ddg 0.762009856223124 0.736540403836087 0.787479308610161
18A_s_ddg 0.539694900238573 0.488755995464498 0.590633805012648
18C_s_ddg 0.379921009632784 0.379921009632784 0.379921009632784
18D_s_ddg 0.518564635951883 0.518564635951883 0.518564635951883
18I_s_ddg 0.531867752674056 0.251703776416643 0.761092824157394
18R_s_ddg 0.341971759892971 0.265563402731859 0.418380117054084
18S_s_ddg 0.283602156284101 0.283602156284101 0.283602156284101
18V_s_ddg 0.57925793610776 0.553788483720723 0.604727388494797
19C_s_ddg 2.23837128998503 2.03461567088873 2.4930658138554
19H_s_ddg 2.4590146047005 1.72040048547641 6.3303713675302
19I_s_ddg 1.02983211168203 1.02983211168203 1.02983211168203
19L_s_ddg 0.656943384941599 0.656943384941599 0.656943384941599
19S_s_ddg 2.4633760285018 2.38696767134069 2.53978438566291
19V_s_ddg 1.47538293072911 1.398974573568 1.55179128789022
19Y_s_ddg 1.92608544439732 1.87514653962325 1.9770243491714
1A_s_ddg 0.200651188903821 0.175181736516783 0.200651188903821
1I_s_ddg 0.108430399172937 0.108430399172937 0.108430399172937
1K_s_ddg -0.0436585187645052 -0.120066875925618 0.0327498383966073
1L_s_ddg 0.293030433121785 -0.0635419002967401 0.54772495699216
1M_s_ddg 0.187196191071228 -0.14390668996026 0.416421262554566
1P_s_ddg -0.0632389769727147 -0.139647334133827 -0.0123000721986397
1R_s_ddg 0.492175181879291 0.466705729492253 0.517644634266328
1S_s_ddg 0.00627450669980039 0.00627450669980039 0.00627450669980039
1V_s_ddg 0.0396831343550111 -0.520644818159814 0.345316562999461
20C_s_ddg 0.199813864318053 0.174344411931015 0.225283316705091
20G_s_ddg 0.348280286802395 0.29734138202832 0.39921919157647
20H_s_ddg -0.00829683615423321 -0.00829683615423321 -0.00829683615423321
20L_s_ddg 0.213200726820339 0.162261822046264 0.264139631594414
20P_s_ddg 2.64037855409466 2.4620923873854 2.89507307796504
20Q_s_ddg -0.092545631858726 -0.907568108243926 0.264026701559799
20S_s_ddg 0.0398838844166037 0.0398838844166037 0.0398838844166037
21G_s_ddg 0.618478736039213 0.567539831265138 0.669417640813288
21H_s_ddg 0.329839707604493 0.0751451837341179 0.533595326700793
21K_s_ddg -0.383200871867557 -4.25455763469726 0.100718723486156
21L_s_ddg 0.490690669593478 0.46522121720644 0.516160121980516
21M_s_ddg 0.212342918265002 -0.220637772314636 0.492506894522415
21P_s_ddg 1.40588227338356 1.38041282099652 1.4313517257706
21Q_s_ddg 0.0910778907803375 0.0910778907803375 0.0910778907803375
21W_s_ddg 0.809782162320164 0.784312709933127 0.835251614707201
22A_s_ddg 0.583476851842798 0.507068494681685 0.65988520900391
22C_s_ddg 0.849212093071188 0.61998702158785 1.05296771216749
22E_s_ddg 1.01926858876324 1.01926858876324 1.01926858876324
22R_s_ddg 1.18935682176764 1.1638873693806 1.18935682176764
22V_s_ddg 1.61974478622148 1.56880588144741 1.67068369099555
23A_s_ddg 0.630344016225627 0.553935659064514 0.706752373386739
23E_s_ddg 0.185606775240049 0.185606775240049 0.185606775240049
23G_s_ddg 1.86427717578401 1.83880772339697 1.91521608055808
23H_s_ddg 1.20758701420372 1.18211756181668 1.23305646659076
23N_s_ddg 0.740460052097184 0.714990599710147 0.740460052097184
23V_s_ddg 1.36866507107606 1.34319561868902 1.3941345234631
23Y_s_ddg 0.984117795674035 0.958648343286998 1.00958724806107
24C_s_ddg 0.134735316546289 0.083796411772214 0.185674221320364
24I_s_ddg -0.305215866757986 -0.305215866757986 -0.305215866757986
24L_s_ddg 0.00238866356102803 -0.0230807888260095 0.0278581159480655
24N_s_ddg 0.42331134656318 0.143147370305767 0.652536418046518
24S_s_ddg 0.373819502451375 0.373819502451375 0.373819502451375
24T_s_ddg -0.244838738078414 -1.23814738117288 0.137203047727149
24V_s_ddg 0.315259681771243 0.289790229384206 0.340729134158281
24Y_s_ddg 0.0491837693149686 0.0491837693149686 0.0491837693149686
25F_s_ddg 1.92583859065111 1.90036913826407 1.95130804303815
25L_s_ddg 0.698279869781463 0.647340965007388 0.749218774555538
25M_s_ddg 1.79730897488 1.77183952249296 1.82277842726704
25N_s_ddg 2.48429715209378 2.4333582473197 2.56070550925489
25S_s_ddg 2.82659256025762 2.49548967922613 3.38692051277245
25T_s_ddg 2.3166462328693 2.26570732809522 2.36758513764337
25V_s_ddg 0.469862957007945 0.444393504620907 0.495332409394983
26D_s_ddg -0.244678044765097 -0.346555854313247 -0.168269687603984
26I_s_ddg 0.0762395817601404 -0.356741108819497 0.356403558017553
26L_s_ddg -0.167482404390809 -0.167482404390809 -0.167482404390809
26N_s_ddg 0.101483769091082 0.0760143167040445 0.12695322147812
26P_s_ddg 1.86846597948285 1.79205762232174 1.94487433664396
26Q_s_ddg -0.0730806094102622 -0.0730806094102622 -0.0730806094102622
26R_s_ddg -0.069861207334255 -0.0953306597212925 -0.0443917549472175
26Y_s_ddg 0.0649253010099084 0.0394558486228709 0.0903947533969459
27A_s_ddg 1.62577319941348 1.60030374702644 1.65124265180052
27D_s_ddg 2.34544182558476 2.29450292081069 2.39638073035884
27F_s_ddg 1.68299299506675 1.63205409029268 1.73393189984082
27G_s_ddg 3.33523961113965 2.95319782533409 3.87009811126744
27I_s_ddg 0.206423766798995 0.180954314411957 0.231893219186033
27L_s_ddg 0.264691938252574 0.213753033478499 0.315630843026649
28I_s_ddg -0.072981984697705 -0.072981984697705 -0.072981984697705
28K_s_ddg 0.280536600391654 0.280536600391654 0.280536600391654
28L_s_ddg -0.136309881164861 -0.136309881164861 -0.136309881164861
28N_s_ddg 0.104039368715272 -0.125185702768066 0.282325535424535
28R_s_ddg 0.315237765596806 0.238829408435693 0.366176670370881
28T_s_ddg -0.245393458211146 -0.270862910598184 -0.219924005824108
28V_s_ddg -0.0317269388015468 -0.0571963911885843 -0.00625748641450929
29A_s_ddg 1.05499711998434 1.0295276675973 1.08046657237138
29E_s_ddg 0.287108107439389 0.261638655052352 0.312577559826427
29F_s_ddg 1.26934966407047 1.04012459258713 1.49857473555381
29G_s_ddg 1.11652632176423 1.09105686937719 1.14199577415127
29H_s_ddg 1.01929654621658 0.993827093829542 1.04476599860362
29N_s_ddg 0.660809751854409 0.635340299467372 0.686279204241447
29V_s_ddg 1.03669879534602 1.03669879534602 1.03669879534602
29Y_s_ddg 1.33700619902305 1.31153674663601 1.36247565141009
2C_s_ddg -0.320776032069633 -0.397184389230746 -0.24436767490852
2D_s_ddg 0.462013157382655 0.385604800221543 0.538421514543768
2F_s_ddg 0.11954107841453 0.0940716260274925 0.145010530801568
2H_s_ddg 0.124983045996177 0.0995135936091395 0.150452498383215
2I_s_ddg 0.187127226412781 -0.067567297457594 0.365413393122044
2N_s_ddg 0.294759106281337 0.269289653894299 0.320228558668375
2S_s_ddg 0.166723608832155 0.0393763468969675 0.268601418380305
30D_s_ddg 0.092344053296563 0.041405148522488 0.143282958070638
30H_s_ddg 0.212233309164475 0.135824952003362 0.288641666325588
30I_s_ddg 0.646602721730158 0.646602721730158 0.646602721730158
30K_s_ddg 0.278681115996223 0.253211663609186 0.304150568383261
30S_s_ddg -0.00628567298164942 -0.0317551253686869 0.0191837794053881
30T_s_ddg 0.468706943210657 0.417768038436582 0.494176395597694
30Y_s_ddg 0.335019127082745 0.309549674695707 0.360488579469783
31A_s_ddg 0.340114795353578 0.289175890579503 0.391053700127653
31I_s_ddg 0.687467902187729 0.534651187865504 0.840284616509954
31L_s_ddg 0.644187404177503 0.644187404177503 0.644187404177503
31P_s_ddg 1.81219566704378 1.78672621465674 1.83766511943082
31T_s_ddg 0.0790506081285421 0.0790506081285421 0.0790506081285421
32A_s_ddg 2.04706794248247 1.91972068054728 2.17441520441766
32E_s_ddg 1.55022517020146 1.52475571781442 1.5756946225885
32F_s_ddg 2.42296476282925 1.58247283405701 6.29432152565895
32G_s_ddg 1.80903749001545 1.78356803762841 1.83450694240249
32H_s_ddg 0.797689378658493 0.746750473884418 0.848628283432568
32N_s_ddg 0.455141631835131 0.429672179448093 0.480611084222169
32V_s_ddg 2.22967708998827 2.17873818521419 2.28061599476235
32Y_s_ddg 1.6707238690042 1.64525441661716 1.69619332139124
33A_s_ddg 0.102041881851494 0.051102977077419 0.152980786625569
33H_s_ddg 0.403014373648421 0.377544921261384 0.428483826035459
33I_s_ddg 0.455599605794944 0.175435629537531 0.659355224891244
33L_s_ddg 0.299078167433321 0.299078167433321 0.299078167433321
33N_s_ddg 0.371631765103513 0.0405288840720254 0.600856836586851
33R_s_ddg 0.456792571745672 0.405853666971597 0.507731476519747
33S_s_ddg 0.406859652736164 0.406859652736164 0.406859652736164
33T_s_ddg 0.441112688896514 0.415643236509476 0.466582141283552
33Y_s_ddg 0.512355868887728 0.308600249791428 0.690642035596991
34D_s_ddg 0.0761168136087956 0.0506473612217581 0.0761168136087956
34H_s_ddg -0.157780804903322 -0.259658614451472 -0.0813724477422095
34I_s_ddg 0.954772560312848 0.954772560312848 0.954772560312848
34K_s_ddg 1.70860176022936 1.68313230784232 1.7340712126164
34S_s_ddg 0.934018943396424 0.908549491009387 0.959488395783461
34T_s_ddg 1.05516954085604 1.00423063608197 1.10610844563011
34Y_s_ddg 0.339250369730137 0.339250369730137 0.339250369730137
35C_s_ddg 2.42319891594881 2.3467905587877 2.49960727310992
35G_s_ddg 3.20005057996601 2.79253934177341 3.76037853248084
35K_s_ddg 2.95612929800852 1.81000394059183 6.82748606083822
35L_s_ddg 2.07203186517314 2.02109296039907 2.12297076994722
35M_s_ddg 3.63273918154478 2.28285820503179 7.50409594437448
35R_s_ddg 2.39247559466869 2.34153668989461 2.44341449944277
35S_s_ddg 2.17686317617794 2.10045481901683 2.27874098572609
35Y_s_ddg 3.40898529318885 2.11004322144994 7.28034205601855
36C_s_ddg 1.2658681058367 1.24039865344966 1.29133755822374
36G_s_ddg 1.70520642244628 1.67973697005924 1.73067587483332
36L_s_ddg 0.976846578128033 0.951377125740996 1.00231603051507
36M_s_ddg 1.14125115898595 0.912026087502612 1.37047623046929
36R_s_ddg 2.72034077840455 2.64393242124344 2.79674913556566
36S_s_ddg 1.62178020571093 1.57084130093686 1.672719110485
36Y_s_ddg 1.10434317479664 0.90058755570034 1.2826293415059
37E_s_ddg -0.448586400650298 -0.474055853037335 -0.42311694826326
37I_s_ddg -0.414231213503386 -0.414231213503386 -0.414231213503386
37L_s_ddg 0.0336889379357419 -0.552108466966121 0.36479181896723
37N_s_ddg 0.0441086070904045 0.0441086070904045 0.0441086070904045
37Q_s_ddg -0.514948422140104 -0.693234588849367 -0.387601160204916
37R_s_ddg 0.109775923349632 0.109775923349632 0.109775923349632
37T_s_ddg -0.546215025840969 -0.622623383002082 -0.495276121066894
37Y_s_ddg 0.0270166820567639 -0.431433460909911 0.307180658314176
38A_s_ddg 1.2334854035362 1.13160759398805 1.33536321308435
38C_s_ddg 2.59413109484956 2.08474204710881 4.07135933329774
38E_s_ddg 2.03404652939876 1.98310762462469 2.11045488655987
38L_s_ddg 2.69748902273899 1.93340545112786 6.56884578556869
38R_s_ddg 2.49148340254353 2.41507504538242 2.56789175970464
38V_s_ddg 1.45987148149777 1.4089325767237 1.51081038627184
39D_s_ddg 0.0682621289399079 0.0427926765528704 0.0937315813269454
39G_s_ddg -0.0395411173568508 -0.0904800221309258 0.0113977874172242
39P_s_ddg 2.39025135882388 2.26290409688869 2.56853752553314
39S_s_ddg -0.0771626823758912 -0.102632134762929 -0.0516932299888537
39T_s_ddg 0.177968142966554 0.152498690579516 0.203437595353592
39V_s_ddg 0.179960793819349 0.179960793819349 0.179960793819349
3A_s_ddg 0.221752300344838 0.1962828479578 0.247221752731876
3D_s_ddg 2.70961458099659 2.60773677144844 2.81149239054474
3F_s_ddg 0.316101257720227 0.290631805333189 0.341570710107265
3G_s_ddg 1.23084401738869 1.20537456500165 1.25631346977573
3I_s_ddg 1.28452791387917 1.28452791387917 1.28452791387917
3L_s_ddg 0.967147836212961 0.941678383825924 0.992617288599998
3N_s_ddg 1.69236902366334 1.33579669024481 2.12534971424298
40F_s_ddg 0.747953225276922 0.722483772889885 0.773422677663959
40G_s_ddg 1.14709820263046 1.09615929785638 1.19803710740453
40H_s_ddg 0.298062712189152 0.145245997866927 0.42540997412434
40N_s_ddg 0.471933757423769 0.217239233553394 0.675689376520069
40R_s_ddg 0.415969709068421 0.415969709068421 0.415969709068421
40S_s_ddg 0.310689377932143 0.285219925545106 0.336158830319181
40W_s_ddg 1.31190698187176 1.26096807709768 1.36284588664583
40Y_s_ddg 0.836974455499478 0.836974455499478 0.836974455499478
41D_s_ddg 0.067409519762757 -0.034468289785393 0.14381787692387
41I_s_ddg 1.13649940521937 0.93274378612307 1.34025502431567
41L_s_ddg 0.538561555712087 0.538561555712087 0.538561555712087
41N_s_ddg -0.0623484709548782 -0.0878179233419157 -0.0368790185678407
41P_s_ddg 1.81630374386647 1.73989538670536 1.89271210102758
41Q_s_ddg 0.104978211742009 0.0795087593549715 0.130447664129047
41R_s_ddg 0.359690871422664 0.334221419035626 0.385160323809701
41Y_s_ddg 0.354151324631462 0.328681872244424 0.3796207770185
42A_s_ddg 0.821552039899761 0.796082587512724 0.847021492286798
42E_s_ddg 0.308283586757359 0.308283586757359 0.308283586757359
42L_s_ddg 0.938457563992997 0.811110302057809 1.06580482592818
42M_s_ddg 0.692453561491118 0.514167394781855 0.845270275813343
42R_s_ddg 0.700522319554547 0.700522319554547 0.700522319554547
42V_s_ddg 1.3952758023773 1.36980634999026 1.42074525476434
42W_s_ddg 0.965970259051274 0.965970259051274 0.965970259051274
43E_s_ddg -0.191336070455353 -0.318683332390541 -0.089458260907203
43H_s_ddg 0.0497917557603834 0.0243223033733459 0.0752612081474209
43K_s_ddg 0.298299137685987 0.272829685298949 0.323768590073024
43L_s_ddg 0.125055679450583 0.0995862270635455 0.150525131837621
43P_s_ddg 2.11322321431884 2.01134540477069 2.24057047625403
43R_s_ddg 0.204312062940693 0.178842610553655 0.229781515327731
44A_s_ddg 0.466949648220005 0.441480195832967 0.492419100607043
44I_s_ddg 0.0676869935136334 0.0422175411265959 0.0931564459006709
44K_s_ddg -0.436130104156712 -1.86241943783081 -0.0286188659641119
44N_s_ddg 0.199071398677423 0.148132493903348 0.250010303451498
44P_s_ddg 1.31580574653685 1.26486684176278 1.36674465131092
44S_s_ddg 0.0668038677031897 0.0668038677031897 0.0668038677031897
45A_s_ddg 1.92326681903602 1.87232791426195 1.97420572381009
45C_s_ddg 2.28790361176152 2.23696470698744 2.3388425165356
45D_s_ddg 2.48726197964809 2.43632307487401 2.53820088442217
45F_s_ddg 2.68375211545096 2.0979547105491 4.16098035389914
45H_s_ddg 4.07280831065329 2.44276335788289 7.94416507348299
45I_s_ddg 2.3891912995478 1.72698553748483 6.2605480623775
45N_s_ddg 3.38073117993577 2.08178910819686 7.25208794276547
45R_s_ddg 2.11735822729631 2.01548041774816 2.2447054892315
45S_s_ddg 2.29537803634411 2.24443913157003 2.34631694111819
45V_s_ddg 1.77221295958653 1.74674350719949 1.8231518643606
45Y_s_ddg 2.38622006658584 1.90230047123213 2.9720174714877
46I_s_ddg 0.287359392878474 0.261889940491436 0.312828845265512
46K_s_ddg 2.12478936912855 2.07385046435448 2.17572827390263
46L_s_ddg -0.416482424959714 -0.441951877346752 -0.391012972572676
46R_s_ddg 2.33927731505465 2.18646060073242 2.54303293415095
46T_s_ddg 0.311151367713603 0.311151367713603 0.311151367713603
46V_s_ddg 0.196852439262679 0.196852439262679 0.196852439262679
47C_s_ddg 4.35073234460755 3.35742370151309 8.22208910743725
47I_s_ddg 1.10448514766168 1.07901569527464 1.10448514766168
47L_s_ddg 1.10706203304466 1.10706203304466 1.10706203304466
47S_s_ddg 2.26211984251853 2.21118093774445 2.3130587472926
47V_s_ddg 1.60217158512073 1.57670213273369 1.62764103750777
47Y_s_ddg 1.27363515515599 1.24816570276895 1.27363515515599
48A_s_ddg 1.40986439941675 1.35892549464267 1.46080330419082
48H_s_ddg 2.08245423625962 2.03151533148554 2.1333931410337
48L_s_ddg 2.13199799194214 2.08105908716806 2.18293689671622
48Q_s_ddg 0.261283924911403 -0.0188800513460096 0.465039544007703
48R_s_ddg 1.81694432459005 1.74053596742894 1.89335268175116
48S_s_ddg 1.76489202949547 1.73942257710843 1.79036148188251
48T_s_ddg 1.95204979588137 1.9011108911073 2.00298870065544
49C_s_ddg -0.167610068401539 -0.167610068401539 -0.167610068401539
49F_s_ddg 0.120487669024627 -0.388901378716123 0.426121097669077
49G_s_ddg -0.0340896948284944 -0.161436956763682 0.0677881147196556
49H_s_ddg 0.448833913798312 0.448833913798312 0.448833913798312
49L_s_ddg 0.305601459054817 0.280132006667779 0.331070911441855
49N_s_ddg -0.316573300316994 -1.00424851476701 0.0145295807144936
49P_s_ddg 1.37011825229706 1.34464879991002 1.3955877046841
49S_s_ddg -0.528829902205084 -0.554299354592121 -0.503360449818047
49Y_s_ddg 0.206042695565243 -0.226937995014395 0.486206671822656
4E_s_ddg -0.288639512493441 -0.390517322041591 -0.186761702945291
4H_s_ddg 0.442178118487847 0.442178118487847 0.442178118487847
4K_s_ddg 0.129885278614731 0.104415826227694 0.155354731001769
4L_s_ddg 0.510969731355792 0.510969731355792 0.510969731355792
4M_s_ddg 1.5481357298444 1.44625792029625 1.67548299177959
4P_s_ddg 2.42267241005899 2.26985569573676 2.65189748154233
4R_s_ddg -0.00883512825699967 -0.0343045806440372 0.0166343241300378
4T_s_ddg 0.397885619633379 0.0413132862148539 0.652580143503754
50C_s_ddg 0.879954470074536 0.650729398591198 1.08371008917084
50D_s_ddg 0.157885219508727 0.132415767121689 0.183354671895765
50F_s_ddg 1.1880079911356 1.00972182442634 1.36629415784486
50H_s_ddg 0.570473510121528 0.519534605347453 0.621412414895603
50I_s_ddg 1.08802689533667 1.08802689533667 1.08802689533667
50K_s_ddg 1.17506584049561 1.17506584049561 1.17506584049561
50S_s_ddg 0.219555364173468 0.19408591178643 0.245024816560506
50T_s_ddg 0.315648366685467 0.264709461911392 0.366587271459542
50Y_s_ddg 1.03248767884584 1.03248767884584 1.03248767884584
51C_s_ddg 2.12803739393703 2.07709848916295 2.17897629871111
51D_s_ddg 2.63197589002086 2.35181191376345 2.96307877105235
51F_s_ddg 0.536075823298415 0.536075823298415 0.536075823298415
51H_s_ddg -0.278381153853962 -0.303850606241 -0.252911701466924
51I_s_ddg 3.12009696123059 2.40695229439354 6.99145372406029
51L_s_ddg 2.12829812457611 1.66984798160943 2.6631566247039
51N_s_ddg 2.96630095616578 2.81348424184355 3.17005657526208
51S_s_ddg 2.76266728952859 2.50797276565821 3.14470907533415
52A_s_ddg 0.522296180734389 0.522296180734389 0.522296180734389
52D_s_ddg 2.90505203814499 2.80317422859684 3.00692984769314
52E_s_ddg 3.43808880240265 2.06273837350262 7.30944556523235
52F_s_ddg 1.69738082094161 1.64644191616753 1.74831972571568
52G_s_ddg 1.2466619971552 1.19572309238113 1.29760090192927
52I_s_ddg 0.375491014647413 0.375491014647413 0.375491014647413
52L_s_ddg 1.70468274488709 1.65374384011302 1.75562164966116
52Y_s_ddg 1.93693731505723 1.45301771970352 2.44632636279798
53A_s_ddg 0.0570142502638269 0.0315447978767894 0.0824837026508644
53I_s_ddg 0.509045452802543 0.509045452802543 0.509045452802543
53N_s_ddg 0.203004309018376 0.152065404244301 0.253943213792451
53P_s_ddg 2.5944316462927 2.44161493197047 2.77271781300196
53S_s_ddg 0.149641194453467 0.149641194453467 0.149641194453467
54A_s_ddg 0.30365313667821 0.252714231904135 0.354592041452285
54H_s_ddg 0.0614492155205783 0.0359797631335408 0.0869186679076158
54L_s_ddg 0.0316293255735898 -0.0193095792004852 0.0570987779606273
54N_s_ddg 0.361323872291739 0.00475153887321395 0.616018396162114
54Q_s_ddg -0.0828682380305364 -0.566787833384249 0.197295738226876
54R_s_ddg 0.212016885764844 0.135608528603731 0.288425242925957
54S_s_ddg 0.151953665289614 0.126484212902576 0.177423117676652
54T_s_ddg 0.195411946400635 0.169942494013597 0.220881398787673
55A_s_ddg 0.5664862955178 0.5664862955178 0.5664862955178
55E_s_ddg 0.267544433933631 0.267544433933631 0.267544433933631
55G_s_ddg 0.561388710298635 0.51044980552456 0.61232761507271
55L_s_ddg 0.150880108289279 0.125410655902241 0.176349560676317
55M_s_ddg 0.171831118542444 0.171831118542444 0.171831118542444
55P_s_ddg 0.521761307472175 0.2670667836018 0.725516926568475
55S_s_ddg 0.176347278640406 -0.282102864326269 0.456511254897819
55T_s_ddg 0.202746385161489 0.0499296708392639 0.330093647096677
56D_s_ddg 0.0771547572501637 0.0516853048631262 0.102624209637201
56F_s_ddg 0.284063123876353 -0.0470397571551346 0.513288195359691
56H_s_ddg 0.29411889669973 0.243179991925655 0.345057801473805
56I_s_ddg 0.201273288968744 0.201273288968744 0.201273288968744
56K_s_ddg 0.238866531772274 0.213397079385236 0.264335984159311
56S_s_ddg 0.282619321132806 0.257149868745769 0.308088773519844
56T_s_ddg 0.0429340830877358 -0.0334742740733767 0.119342440248848
56Y_s_ddg 0.102017979927819 0.102017979927819 0.102017979927819
5D_s_ddg 1.85126965678352 1.80033075200945 1.90220856155759
5E_s_ddg 0.0631223824294278 -0.344388855763172 0.317816906299803
5G_s_ddg 0.474760600403183 0.423821695629108 0.525699505177258
5P_s_ddg 1.93090300031231 1.8544946431512 2.00731135747342
5S_s_ddg 0.754591080474844 0.729121628087807 0.780060532861881
5T_s_ddg 1.41668963508914 1.3912201827021 1.44215908747618
5V_s_ddg 2.32378256285634 2.27284365808227 2.37472146763042
6F_s_ddg 1.16298993966357 1.13752048727653 1.18845939205061
6H_s_ddg 1.00496153241731 0.979492080030273 1.03043098480435
6I_s_ddg 0.35348091611936 0.328011463732322 0.378950368506398
6P_s_ddg 2.08914222094703 2.01273386378592 2.16555057810814
6R_s_ddg 0.466584240790811 0.415645336016736 0.517523145564886
6V_s_ddg 0.357767948288964 0.230420686353776 0.459645757837114
7C_s_ddg 2.01127014759965 1.93486179043854 2.08767850476076
7I_s_ddg 2.54713560989835 2.49619670512427 2.62354396705946
7L_s_ddg 2.16011802871836 2.13464857633132 2.1855874811054
7S_s_ddg 2.02254020908469 1.99707075669765 2.04800966147173
7V_s_ddg 2.62328839111469 2.47047167679247 2.82704401021099
7Y_s_ddg -0.0129602662775045 -0.0129602662775045 -0.0129602662775045
8A_s_ddg 0.695769019524673 0.644830114750598 0.746707924298748
8C_s_ddg 0.805858507545105 0.703980697996955 0.907736317093255
8E_s_ddg 0.674096982664745 0.648627530277708 0.674096982664745
8G_s_ddg 0.876366796923774 0.876366796923774 0.876366796923774
8H_s_ddg 0.514983013827862 0.464044109053787 0.565921918601937
8N_s_ddg 0.244537334364297 0.219067881977259 0.270006786751334
8V_s_ddg 1.89084166295536 1.86537221056832 1.9163111153424
8Y_s_ddg 1.47843563058796 1.45296617820092 1.503905082975
9C_s_ddg 3.10046268799208 2.69295144979948 3.68626009289394
9H_s_ddg 2.52261609906015 1.91134924177125 6.39397286188985
9I_s_ddg 2.70612386577691 2.6297155086158 2.80800167532506
9L_s_ddg 2.12568068102344 2.1002112286364 2.15115013341048
9P_s_ddg 3.97186597578954 2.5201071897284 7.84322273861924
9S_s_ddg 2.38443910090092 2.33350019612684 2.435378005675
9T_s_ddg 2.9993773564381 2.43904940392327 4.12003326146775
9V_s_ddg 3.78760135760943 3.27821230986868 4.67903219115574
9Y_s_ddg 2.24813809301383 2.19719918823975 2.29907699778791
10A_b_ddg -0.00431117806696137 -0.0160732681645971 0.00745091203067432
10E_b_ddg -0.00127499917195367 -0.00127499917195367 -0.00127499917195367
10G_b_ddg -0.00292979269237596 -0.0088108377411938 0.00295125235644188
10H_b_ddg 0.000105968367576921 -0.0234182118276945 0.0236301485628483
10N_b_ddg -0.00181888027939812 -0.00769992532821596 0.00406216476941972
10V_b_ddg 0.00189245172403925 0.00189245172403925 0.00189245172403925
10Y_b_ddg 0.00291350370294046 -0.00884858639469523 0.0146755938005761
11A_b_ddg 0.00542328036188606 -0.00633880973574963 0.0171853704595217
11H_b_ddg 0.00228973898254417 -0.00359130606627367 0.00817078403136201
11L_b_ddg 0.000212155520918279 -0.0115499345767174 0.011974245618554
11Q_b_ddg 1.02417910509949e-05 -0.0705622987947631 0.0705827823768651
11R_b_ddg -0.00163665043223177 -0.0133987405298675 0.0101254396654039
11S_b_ddg 0.00654117780939879 -0.0052209122882369 0.0183032679070345
11T_b_ddg -0.0103011533525311 -0.0220632434501668 0.00146093674510459
12E_b_ddg -0.0057662328773472 -0.0175283229749829 0.00599585722028849
12H_b_ddg 0.0125343168074545 0.0125343168074545 0.0125343168074545
12K_b_ddg -0.0143702862316726 -0.0202513312804904 -0.00848924118285476
12L_b_ddg -0.00822107857789111 -0.00822107857789111 -0.00822107857789111
12P_b_ddg 0.0248869345107333 -0.0809718763679879 0.130745745389454
12R_b_ddg 0.0113647382702005 -0.000397351827435187 0.0231268283678362
13A_b_ddg 0.000421927872254099 -0.0642695676647422 0.0651134234092504
13D_b_ddg 0.0174030894263684 0.0115220443775506 0.0232841344751862
13G_b_ddg -0.000739137176839707 -0.0301443624209289 0.0286660880672495
13K_b_ddg -0.000163434107501161 -0.0707359746933153 0.070409106478313
13Q_b_ddg -0.00299717256212533 -0.0324023978062145 0.0264080526819639
13V_b_ddg 0.00690714182845846 -0.0107359933179951 0.024550276974912
14A_b_ddg 2.94539146290308e-05 -0.0234947262806423 0.0235536341099004
14E_b_ddg 0.00290287381536593 0.00290287381536593 0.00290287381536593
14G_b_ddg 0.00211257143622416 -0.00964951866141153 0.0138746615338598
14H_b_ddg -7.73833432745375e-06 -0.017650873480781 0.0176353968121261
14I_b_ddg -0.000105610766345275 -0.0824402414497951 0.0822290199171045
14N_b_ddg 0.00567013326235162 -0.000210911786466223 0.0115511783111695
14V_b_ddg 0.00865050813742749 0.00276946308860965 0.0145315531862453
14Y_b_ddg 0.00595831923478879 7.72741859709465e-05 0.0118393642836066
15A_b_ddg -0.0130471086897879 -0.048333378982695 0.0222391616031192
15E_b_ddg -0.00120930088752316 -0.007090345936341 0.00467174416129468
15L_b_ddg -0.0309392889779072 -0.889571866105312 0.862979558442405
15R_b_ddg -0.0037999015454373 -0.0273240817407087 0.0197242786498341
15S_b_ddg 0.000625087721080041 -0.16404417364582 0.16529434908798
15V_b_ddg 0.00529220736605064 -0.0417561530244921 0.0523405677565934
16A_b_ddg 0.00589268964036622 -0.376375238532794 0.37639852771589
16D_b_ddg 0.00211765259282267 -0.0566927978953558 0.0609281030810011
16G_b_ddg -0.00443400505493419 -0.0926496807872018 0.0837816706773335
16K_b_ddg 0.00238205459311128 -0.127000936480881 0.131765045667104
16Q_b_ddg 9.1975964054052e-07 -0.0646905757773557 0.0646924152966368
16V_b_ddg 0.00916889149706457 -0.108452009479292 0.126789792473421
17M_b_ddg -0.0096253824017711 -0.0213874724994068 0.00213670769586459
17P_b_ddg 0.00382120073073791 -0.0549892497574405 0.0626316512189163
17Q_b_ddg 0.00548942504650963 -0.112131475929847 0.123110326022867
17R_b_ddg 0.0247128710935471 -0.569272678837055 0.512839610145428
17S_b_ddg -0.0474043349328594 -0.964847362548443 0.846514512487453
17V_b_ddg -0.0106421339610563 -0.022404224058692 0.00700100118539723
18A_b_ddg -0.0112312003380099 -0.0288743354844634 0.00641193480844363
18C_b_ddg 0.012569654391774 0.00668860934295616 0.0184506994405918
18D_b_ddg 0.00190385751449717 -0.00397718753432067 0.00778490256331501
18I_b_ddg 0.000177936651212157 -0.0821566940322377 0.082512567334662
18R_b_ddg 2.10854859962989e-05 -0.0176220496604572 0.0176642206324498
18S_b_ddg 0.00886373459003428 0.00298268954121644 0.0147447796388521
18V_b_ddg -0.00111939817539245 -0.00700044322421029 0.00476164687342539
19C_b_ddg -0.000105758759969619 -0.27063383100559 0.282184403583287
19H_b_ddg -0.0166476155328865 -0.592990030317035 0.877271231887426
19I_b_ddg 0.00060116698382919 -0.00527987806498865 0.00648221203264703
19L_b_ddg -0.00892192108032806 -0.0148029661291459 -0.00304087603151022
19S_b_ddg -0.0020135676538649 -0.101991333483768 0.0979641981760384
19V_b_ddg -8.99327256350345e-05 -0.0589003832138135 0.0587205177625434
19Y_b_ddg 0.00374612645739657 -0.0433022339331462 0.0507944868479393
1A_b_ddg -0.00681178611156343 -0.0126928311603813 -0.000930741062745586
1I_b_ddg -0.00311044512954524 -0.00311044512954524 -0.00311044512954524
1K_b_ddg 0.00209149195301142 -0.00378955309580642 0.00797253700182926
1L_b_ddg 3.08371011426864e-05 -0.0705417034846714 0.064722332638139
1M_b_ddg -1.89899313335802e-06 -0.0470502593836761 0.0470464613974094
1P_b_ddg -0.00106963131564466 -0.0069506763644625 0.00481141373317318
1R_b_ddg 0.00536029040730474 -0.00640179969033095 0.0171223805049404
1S_b_ddg -0.000553179287028637 -0.000553179287028637 -0.000553179287028637
1V_b_ddg 7.10863266864114e-05 -0.0646204092103099 0.0471194467172292
20C_b_ddg -0.00300692997446931 -0.00888797502328715 0.00287411507434853
20G_b_ddg -0.00422821466797542 -0.0159903047656111 0.00753387542966027
20H_b_ddg -0.00496238204420144 -0.00496238204420144 -0.00496238204420144
20L_b_ddg -3.66213551203695e-05 -0.0117987114527561 0.0117254687425153
20P_b_ddg 0.00799756315087446 -0.297816779387653 0.296168770542949
20Q_b_ddg 0.000105174720728968 -0.0645863208162673 0.0589156252089074
20S_b_ddg -0.00257700754131381 -0.00257700754131381 -0.00257700754131381
21G_b_ddg -0.00100851241632163 -0.0186516475627752 0.0166346227301319
21H_b_ddg -2.44006064860696e-05 -0.0529538060458467 0.0470239597840567
21K_b_ddg -7.73637956695348e-05 -0.0471257241862123 0.0587330866925089
21L_b_ddg -0.01132091672834 -0.0172019617771578 -0.00543987167952216
21M_b_ddg 4.79206143354028e-06 -0.0646867034755627 0.0646962875984298
21P_b_ddg -0.00938746624503719 -0.0270306013914907 0.00825566890141634
21Q_b_ddg -0.00408936802946373 -0.00408936802946373 -0.00408936802946373
21W_b_ddg -0.00735468804801341 -0.0191167781456491 0.00440740204962228
22A_b_ddg 5.38854164650585e-06 -0.0293998367024427 0.0294106137857357
22C_b_ddg 0.000149612069354416 -0.0998281537605489 0.100127377899258
22E_b_ddg -0.0137055434633362 -0.019586588512154 -0.00782449841451836
22R_b_ddg -0.0305385101383917 -0.0423006002360274 -0.018776420040756
22V_b_ddg 9.87761594111101e-05 -0.0410685391823138 0.041266091501136
23A_b_ddg -0.00196552804784005 -0.0313707532919293 0.0274396971962492
23E_b_ddg -0.00172173732158931 -0.00172173732158931 -0.00172173732158931
23G_b_ddg 0.0120768107260677 -0.0290905046156572 0.0532441260677926
23H_b_ddg -0.0265839163920335 -0.0501080965873049 -0.00305973619676212
23N_b_ddg -0.0112287392778055 -0.0171097843266233 -0.00534769422898766
23V_b_ddg 0.00186431301804428 -0.0157788221284092 0.0195074481644978
23Y_b_ddg -0.00115310978859245 -0.0129151998862281 0.0106089803090432
24C_b_ddg 0.00184760299899712 -0.00991448709863857 0.0136096930966328
24I_b_ddg 0.0134980201802028 0.0134980201802028 0.0134980201802028
24L_b_ddg 0.00109774975045515 0.00109774975045515 0.00109774975045515
24N_b_ddg 3.20086479846735e-05 -0.0705405319378294 0.0706045492337988
24S_b_ddg -0.0170658233793934 -0.0229468684282112 -0.0111847783305756
24T_b_ddg 0.000143658595233458 -0.0469047017953093 0.053073064034594
24V_b_ddg 0.0153370377419808 0.00357494764434511 0.0270991278396165
24Y_b_ddg -0.000872079973102688 -0.000872079973102688 -0.000872079973102688
25F_b_ddg -0.031018606791814 -0.0663048770847211 0.00426766350109306
25L_b_ddg 3.29201061791133e-05 -0.0234912600890923 0.0235571003014505
25M_b_ddg -0.00137696068443308 -0.0307821859285223 0.0280282645596561
25N_b_ddg 0.00143051538430016 -0.0809041152991497 0.08376514606775
25S_b_ddg -0.0167102482791232 -0.622457888307361 0.589037391749115
25T_b_ddg 0.00751018300375592 -0.0571813125332404 0.0722016785407522
25V_b_ddg -0.0520713540321773 -0.0579523990809951 -0.0461903089833595
26D_b_ddg -0.0176284558197925 -0.0293905459174282 -0.00586636572215681
26I_b_ddg 4.50276091403571e-05 -0.0528843778302202 0.0470933879996831
26L_b_ddg 0.006648351190826 0.006648351190826 0.006648351190826
26N_b_ddg -0.00762833025789389 -0.0135093753067117 -0.00174728520907605
26P_b_ddg -0.000130819714429234 -0.0883464954466969 0.0880848560178384
26Q_b_ddg 0.0103531399646046 0.0103531399646046 0.0103531399646046
26R_b_ddg 0.00670198927290242 0.00670198927290242 0.00670198927290242
26Y_b_ddg -0.00279093970195203 -0.00867198475076987 0.00309010534686581
27A_b_ddg -0.00224507777375859 -0.0316503030178478 0.0271601474703306
27D_b_ddg 0.00210362324961948 -0.0684689173361946 0.0726761638354336
27F_b_ddg 4.31117561635453e-05 -0.052886293683197 0.0529725171955241
27G_b_ddg -0.0242806267597471 -0.918199474180059 0.869638220660565
27I_b_ddg -0.000170005063562634 -0.00605105011238048 0.00571103998525521
27L_b_ddg 0.00148332043692993 -0.0102787696607058 0.0132454105345656
28I_b_ddg 0.0390182032527588 0.0390182032527588 0.0390182032527588
28K_b_ddg 0.0020151236264485 -0.00386592142236934 0.00789616867526634
28L_b_ddg 0.0135687345193678 0.0135687345193678 0.0135687345193678
28N_b_ddg 3.94818919663481e-05 -0.0352467884009407 0.0294447071360556
28R_b_ddg -0.00458204570586414 -0.0222251808523177 0.0130610894405894
28T_b_ddg -0.00543663815929616 -0.00543663815929616 -0.00543663815929616
28V_b_ddg -0.000305487472899961 -0.000305487472899961 -0.000305487472899961
29A_b_ddg -0.0127036841188863 -0.0421089093629755 0.0167015411252029
29E_b_ddg -0.00782924651528739 -0.0137102915641052 -0.00194820146646955
29F_b_ddg 0.000138943177159183 -0.16453031818974 0.164808204544059
29G_b_ddg -0.00703016474560179 -0.0187922548432375 0.0047319253520339
29H_b_ddg 0.00664840345869722 -0.0109947316877563 0.0242915386051508
29N_b_ddg -0.0173555036846686 -0.0232365487334864 -0.0114744586358508
29V_b_ddg -0.00147901420085818 -0.00736005924967602 0.00440203084795966
29Y_b_ddg -0.000605614031065086 -0.0182487491775186 0.0170375211153884
2C_b_ddg 0.00508675138067134 -0.000794293668146503 0.0109677964294892
2D_b_ddg 4.71060626399036e-06 -0.0235194695890074 0.0235288908015354
2F_b_ddg 0.00114382257362309 -0.00473722247519475 0.00702486762244093
2H_b_ddg -0.0161521192661366 -0.0220331643149544 -0.0102710742173188
2I_b_ddg 1.3170860004714e-05 -0.0411541444817202 0.0411804862017296
2N_b_ddg -0.00742990878629933 -0.0133109538351172 -0.00154886373748149
2S_b_ddg -3.39343978799262e-05 -0.0176770695443335 0.0176092007485736
30D_b_ddg -0.00212327495869647 -0.00800432000751431 0.00375777009012137
30H_b_ddg -0.0092501279315617 -0.0268932630780152 0.00839300721489183
30I_b_ddg -0.00667729074916808 -0.0125583357979859 -0.000796245700350236
30K_b_ddg 0.000430736259746193 -0.00545030878907165 0.00631178130856404
30S_b_ddg 0.0017874329192565 -0.00409361212956134 0.00766847796807434
30T_b_ddg -0.000727834675222804 -0.0124899247728585 0.0110342554224129
30Y_b_ddg -0.00587194540629307 -0.0117529904551109 9.09964252477323e-06
31A_b_ddg -5.80793356121686e-06 -0.0117678980311969 0.0117562821640745
31I_b_ddg 0.000129899738138411 -0.05868055075004 0.0589403502263168
31L_b_ddg -0.0118704226676985 -0.0177514677165163 -0.00598937761888066
31P_b_ddg -0.00650932995190789 -0.0359145551959971 0.0228958952921813
31T_b_ddg -6.64712317020025e-05 -6.64712317020025e-05 -6.64712317020025e-05
32A_b_ddg -0.000674721617286349 -0.147700847837732 0.14635140460316
32E_b_ddg -0.000264041010772264 -0.0237882212060436 0.0232601391844991
32F_b_ddg 0.249109805503676 -0.644809041916636 1.14302865292399
32G_b_ddg 0.00159103344036452 -0.0336952368525425 0.0368773037332716
32H_b_ddg -3.39490740350899e-05 -0.0235581292693065 0.0234902311212363
32N_b_ddg -0.000196028757689666 -0.00607707380650751 0.00568501629112818
32V_b_ddg -0.0073659272521019 -0.0720574227890982 0.0573255682848944
32Y_b_ddg 0.0144724913695721 -0.0149327338745171 0.0438777166136613
33A_b_ddg -0.000218660625078399 -0.00609970567389624 0.00566238442373944
33H_b_ddg -0.00495106953681405 -0.0108321145856319 0.000929975512003794
33I_b_ddg 6.57936141630623e-05 -0.0705067469716511 0.0706383341999772
33L_b_ddg -0.0137129170779832 -0.0137129170779832 -0.0137129170779832
33N_b_ddg 0.000128235730016494 -0.0704443048557976 0.0707007763158306
33R_b_ddg -0.019492629049559 -0.0371357641960125 -0.00184949390310547
33S_b_ddg -0.0102005352114494 -0.0160815802602672 -0.00431949016263156
33T_b_ddg 0.00257851506845002 -0.00330252998036782 0.00845956011726786
33Y_b_ddg 0.000329218817661425 -0.058481231670517 0.0591396693058399
34D_b_ddg -0.00466155533469132 -0.00466155533469132 -0.00466155533469132
34H_b_ddg 0.00432774600140538 -0.00743434409623031 0.0160898360990411
34I_b_ddg 0.0170687006926863 0.0111876556438685 0.0229497457415041
34K_b_ddg 0.00431831522117791 -0.0250869100229113 0.0337235404652671
34S_b_ddg 0.00397662924956176 -0.00778546084807393 0.0157387193471974
34T_b_ddg -2.04120997793543e-05 -0.0235445922950507 0.023503768095492
34Y_b_ddg 0.0163876403414529 0.0163876403414529 0.0163876403414529
35C_b_ddg 0.00108894104825106 -0.0988888247816523 0.101066706878154
35G_b_ddg -0.0208191210647045 -0.950024238777924 0.873099726355608
35K_b_ddg 0.618068568944245 -0.275850278476067 1.51198741636456
35L_b_ddg 0.00743703081188743 -0.0454923746274732 0.0544853912024302
35M_b_ddg 0.964999211861169 0.0710803644408567 1.85891805928148
35R_b_ddg 0.00754189641191046 -0.0453875090274501 0.060471301851271
35S_b_ddg 0.000508375384159187 -0.11123148054338 0.112248231311698
35Y_b_ddg 0.895847891499647 0.00192904407933481 1.78976673891996
36C_b_ddg -0.0111267869132028 -0.0228888770108385 0.000635303184432888
36G_b_ddg -0.0067856343142923 -0.0361908595583815 0.0226195909297969
36L_b_ddg 0.00444652947741295 -0.00731556062022274 0.0162086195750486
36M_b_ddg -3.84531420361128e-06 -0.141148926485832 0.147022280906242
36R_b_ddg 0.000794304351483398 -0.0874213713807843 0.0890099800837511
36S_b_ddg 0.000106923276244482 -0.058703527211934 0.0589173737644229
36Y_b_ddg -7.5684163431867e-05 -0.117696585139789 0.117545216812925
37E_b_ddg -0.0343745020222025 -0.0343745020222025 -0.0343745020222025
37I_b_ddg -0.0129509397579859 -0.0129509397579859 -0.0129509397579859
37L_b_ddg 7.56908010949494e-05 -0.0646158047359013 0.0647671863380912
37N_b_ddg -0.0141779751962522 -0.0141779751962522 -0.0141779751962522
37Q_b_ddg -0.00631001566719341 -0.0180721057648291 0.00545207443044228
37R_b_ddg -0.00108657631077423 -0.00696762135959207 0.00479446873804361
37T_b_ddg -0.0258992854852252 -0.031780330534043 -0.0200182404364074
37Y_b_ddg -6.48558820477187e-06 -0.0470548459787475 0.0529229198511558
38A_b_ddg -5.69592653805548e-05 -0.0706294998511947 0.0705155813204336
38C_b_ddg -0.0606454633337695 -0.807538184533636 0.833273384086543
38E_b_ddg 0.028473910414165 -0.0420986301716491 0.0990464509999791
38L_b_ddg -0.0194568573100176 -0.91337570473033 0.874461990110295
38R_b_ddg -0.0140758203382463 -0.119934631216967 0.0917829905404749
38V_b_ddg 0.00130705442099112 -0.0339792158719159 0.0365933247138982
39D_b_ddg 0.000809486820010601 -0.00507155822880724 0.00669053186882844
39G_b_ddg 0.00183958105691747 -0.00404146399190037 0.00772062610573531
39P_b_ddg 0.00167928316341326 -0.198276248496393 0.195753769774402
39S_b_ddg 0.018206781704597 0.0123257366557792 0.0240878267534148
39T_b_ddg 0.0144889480589558 0.00860790301013796 0.0203699931077736
39V_b_ddg 0.00910161660257511 0.00910161660257511 0.00910161660257511
3A_b_ddg 0.00308543243226104 -0.0027956126165568 0.00896647748107888
3D_b_ddg -0.00488188636242911 -0.134264877436422 0.124501104711563
3F_b_ddg -0.00206210436968482 -0.00794314941850266 0.00381894067913302
3G_b_ddg 0.00247876606834198 -0.0269264591757472 0.0318839913124312
3I_b_ddg -0.00043799963899022 -0.00631904468780806 0.00544304540982762
3L_b_ddg -0.00221567446958119 -0.0198588096160347 0.0154274606768723
3N_b_ddg -0.00197198031440208 -0.372477818389926 0.386176992907576
40F_b_ddg -0.0215633320736052 -0.0333254221712409 -0.00980124197596951
40G_b_ddg 5.43452270370134e-05 -0.03523192506587 0.0353406155199441
40H_b_ddg 6.20168178401961e-05 -0.029343208426249 0.0294672420619294
40N_b_ddg 5.0360402881159e-05 -0.070522180182933 0.0647418559398774
40R_b_ddg -0.00394533051574646 -0.0098263755645643 0.00193571453307138
40S_b_ddg -0.00385490255584108 -0.00973594760465892 0.00202614249297676
40W_b_ddg 0.00167270989565061 -0.0336135603972565 0.0369589801885577
40Y_b_ddg -0.0227715373788191 -0.0286525824276369 -0.0168904923300013
41D_b_ddg -2.25376406336983e-05 -0.0117846277382694 0.011739552457002
41I_b_ddg 3.89591003252056e-05 -0.129344031973667 0.1235409051255
41L_b_ddg -0.00195336980864331 -0.00195336980864331 -0.00195336980864331
41N_b_ddg -0.00717639164836519 -0.013057436697183 -0.00129534659954735
41P_b_ddg 0.00114630403962687 -0.0811883266438229 0.0834809347230767
41Q_b_ddg 0.00406123737651293 -0.00181980767230491 0.00994228242533077
41R_b_ddg 0.0120267174716675 0.00614567242284966 0.0179077625204853
41Y_b_ddg -0.00678872001757589 -0.0126697650663937 -0.000907674968758047
42A_b_ddg -0.0021820222621584 -0.0139441123597941 0.00958006783547729
42E_b_ddg 0.00699023850987945 0.00110919346106161 0.0128712835586973
42L_b_ddg 0.000343483824362726 -0.0702290567614514 0.0709160244101768
42M_b_ddg 0.000221888453049761 -0.0585885620351287 0.0590323389412282
42R_b_ddg -0.00114941730480528 -0.00703046235362312 0.00473162774401256
42V_b_ddg -0.0144755048463288 -0.0262375949439645 -0.00271341474869311
42W_b_ddg 2.04542594568456e-05 -0.005860590789361 0.00590149930827469
43E_b_ddg -0.000122822812940507 -0.0118849129105762 0.0116392672846952
43H_b_ddg 0.00753548790663125 0.00165444285781341 0.0134165329554491
43K_b_ddg 0.0341453079177521 0.0223832178201164 0.0459073980153878
43L_b_ddg -0.00230079530815579 -0.00818184035697363 0.00358024974066205
43P_b_ddg -0.00151395380453135 -0.136777989927342 0.133750082318279
43R_b_ddg 0.0073728410695249 0.00149179602070706 0.0132538861183427
44A_b_ddg 0.00198812739399922 -0.00389291765481862 0.00786917244281706
44I_b_ddg 0.008399278717215 0.00251823366839716 0.0142803237660328
44K_b_ddg 0.000200709099878796 -0.0409666062418461 0.0413680244416037
44N_b_ddg -0.00596873587776149 -0.0177308259753972 0.0057933542198742
44P_b_ddg -0.00139148943514838 -0.0366777597280554 0.0338947808577587
44S_b_ddg -0.00556784031011232 -0.00556784031011232 -0.00556784031011232
45A_b_ddg -0.00759769989604811 -0.0722891954330444 0.0570937956409482
45C_b_ddg 0.00487987254430919 -0.0421684878462336 0.0519282329348519
45D_b_ddg 0.00552793122675005 -0.0709256544078819 0.081981516861382
45F_b_ddg -0.0443403620621682 -0.973545479775387 0.849578485358144
45H_b_ddg 1.17455517103055 0.280636323610238 2.06847401845086
45I_b_ddg 0.115028530126752 -0.77889031729356 1.00894737754706
45N_b_ddg 0.82274457698203 -0.0711742704382823 1.71666342440234
45R_b_ddg -0.000379830855071505 -0.1415249120267 0.140765250316557
45S_b_ddg 0.00883101373092854 -0.0499794367572499 0.067641464219107
45V_b_ddg -0.000606931159461809 -0.0417742465011867 0.0405603841822631
45Y_b_ddg -0.00967486927999033 -0.838902221163306 0.884243978140322
46I_b_ddg 0.00112972030414482 -0.00475132474467302 0.00701076535296266
46K_b_ddg 0.00519496966091203 -0.0594965258760843 0.0698864651979083
46L_b_ddg -0.0173434609512823 -0.0173434609512823 -0.0173434609512823
46R_b_ddg 0.000413461276371126 -0.228947295627525 0.223893173131449
46T_b_ddg 0.00526741753050399 -0.000613627518313854 0.0111484625793218
46V_b_ddg 0.00410768905139602 -0.00177335599742182 0.00998873410021386
47C_b_ddg -0.498919000123443 -1.39283784754376 0.394999847296869
47I_b_ddg -0.00168219503829688 -0.0134442851359326 0.0100798950593388
47L_b_ddg 0.00153190065808465 -0.00434914439073319 0.00741294570690249
47S_b_ddg 0.00602549848123514 -0.064547042104579 0.0765980390670493
47V_b_ddg -7.05036281128599e-05 -0.0294757288722021 0.0293347216159764
47Y_b_ddg -0.00190731525896151 -0.0136694053565972 0.00985477483867418
48A_b_ddg 0.000198953449967549 -0.052730451989393 0.0472473138405103
48H_b_ddg 0.00727374611453363 -0.0397746142760091 0.0543221065050764
48L_b_ddg -0.00759518168538104 -0.0664056321735595 0.0512152688027974
48Q_b_ddg 3.59299949068679e-05 -0.0528934754444537 0.0529653354342675
48R_b_ddg 0.000637332141214629 -0.0758162534934173 0.0712098727270288
48S_b_ddg -0.00365491585431498 -0.0448222311960399 0.0375123994874099
48T_b_ddg -0.000122978478921379 -0.053052383918282 0.0528064269604392
49C_b_ddg -0.0142387626440572 -0.0142387626440572 -0.0142387626440572
49F_b_ddg -1.44120138111235e-05 -0.0647059075508074 0.0646770835231852
49G_b_ddg -0.000144208524148723 -0.0119062986217844 0.011617881573487
49H_b_ddg -0.015119292769528 -0.015119292769528 -0.015119292769528
49L_b_ddg -0.0108880024888262 -0.016769047537644 -0.00500695744000836
49N_b_ddg -5.33849316543041e-05 -0.0412207002733792 0.0411139304100706
49P_b_ddg -0.00640891182763537 -0.0299330920229067 0.017115268367636
49S_b_ddg -0.0178204260428488 -0.0178204260428488 -0.0178204260428488
49Y_b_ddg -4.34998771938394e-05 -0.0647349954141901 0.0646479956598024
4E_b_ddg -0.00291740221210993 -0.0146794923097456 0.00884468788552576
4H_b_ddg -0.00122105142355723 -0.00710209647237507 0.00465999362526061
4K_b_ddg -0.00206259522943293 -0.00794364027825077 0.00381844981938491
4L_b_ddg 0.0108151067345208 0.00493406168570296 0.0166961517833386
4M_b_ddg 0.000409540537834403 -0.105449270340887 0.106268351416556
4P_b_ddg 0.00269470126138363 -0.244309190788966 0.243817548262915
4R_b_ddg 0.0016944326755444 0.0016944326755444 0.0016944326755444
4T_b_ddg 0.00025748946194813 -0.0761960961726838 0.0767110750965801
50C_b_ddg -0.000163251001248819 -0.10602206187997 0.0998145148286545
50D_b_ddg -0.00178735963275926 -0.0076684046815771 0.00409368541605858
50F_b_ddg -1.54606231773357e-05 -0.123517406648352 0.123486485401997
50H_b_ddg 0.00319754710113568 -0.0144455880453179 0.0208406822475892
50I_b_ddg 0.0152889456798858 0.00940790063106796 0.0211699907287036
50K_b_ddg 0.00290686280063935 -0.00885522729699634 0.014668952898275
50S_b_ddg 0.0122229925192922 0.00634194747047436 0.01810403756811
50T_b_ddg 0.00167336347962502 -0.0100887266180107 0.0134354535772607
50Y_b_ddg 0.00860884806226778 0.00272780301344994 0.0144898931110856
51C_b_ddg -0.000393084609118445 -0.0709656251949326 0.0701794559766957
51D_b_ddg 0.0022288329582098 -0.444730590751946 0.513879752205362
51F_b_ddg 0.0102963486590266 0.00441530361020876 0.0161773937078444
51H_b_ddg -0.0123727846915338 -0.0123727846915338 -0.00649173964271596
51I_b_ddg 0.085945670525516 -0.807973176894796 0.979864517945828
51L_b_ddg -0.00444626579761212 -0.786625257290385 0.860067356378611
51N_b_ddg -0.000884370657407665 -0.236126172610121 0.234357431295306
51S_b_ddg 0.0191802796542623 -0.427779144055894 0.436734478120329
52A_b_ddg 0.000351306457904528 -0.00552973859091332 0.00623235150672237
52D_b_ddg -0.00638790157295331 -0.135770892646946 0.128876134549857
52E_b_ddg 0.916764682103528 0.0228458346832158 1.81068352952384
52F_b_ddg 0.00389503346528676 -0.0490343719740738 0.0568244389046473
52G_b_ddg -1.66669538118548e-05 -0.0353029372467189 0.0352696033390952
52I_b_ddg -0.000108719232602652 -0.0059897642814205 0.00577232581621519
52L_b_ddg -1.11698860878917e-05 -0.0470595302766306 0.0470371905044549
52Y_b_ddg 8.65843153409733e-05 -0.617423145810533 0.752860350564025
53A_b_ddg 0.00254600780636885 -0.00333503724244899 0.00842705285518669
53I_b_ddg 0.00499332799188584 -0.000887717056932004 0.0108743730407037
53N_b_ddg 0.00257843775792158 -0.00918365233971411 0.0143405278555573
53P_b_ddg -0.00344779782825383 -0.215165419585696 0.208269823929189
53S_b_ddg 0.000807119893748263 0.000807119893748263 0.000807119893748263
54A_b_ddg -0.00586926851897093 -0.0176313586166066 0.00589282157866476
54H_b_ddg -0.00690059618544868 -0.0127816412342665 -0.00101955113663084
54L_b_ddg 0.00390829684846426 -0.00197274820035358 0.0097893418972821
54N_b_ddg 5.81770411578033e-05 -0.0705143635446563 0.0706307176269719
54Q_b_ddg 4.0350772141719e-05 -0.047008009618401 0.0470887111626845
54R_b_ddg -2.5296919346487e-06 -0.0176456648383882 0.0176406054545189
54S_b_ddg -0.00374804527855527 -0.00962909032737311 0.00213299977026257
54T_b_ddg -0.00723589096692726 -0.0131169360157451 -0.00135484591810942
55A_b_ddg 0.00756573076561993 0.00168468571680209 0.0134467758144378
55E_b_ddg 0.012687888398657 0.012687888398657 0.012687888398657
55G_b_ddg 4.7192776253202e-05 -0.0175959423702003 0.0176903279227067
55L_b_ddg 0.00645219386471 0.000571148815892156 0.0123332389135278
55M_b_ddg 0.00571475462819654 -0.000166290420621304 0.0115957996770144
55P_b_ddg 0.000103682656666419 -0.0704688579291477 0.0706762232424805
55S_b_ddg 0.000157405034431397 -0.0645340905025649 0.0648489005714277
55T_b_ddg 3.97741370394573e-05 -0.0234844060582319 0.0294449993811287
56D_b_ddg 0.00191302690448157 -0.00396801814433627 0.00779407195329941
56F_b_ddg 0.000115011404960006 -0.0586954390832184 0.0589254618931384
56H_b_ddg -0.00312142163242688 -0.0148835117300626 0.00864066846520881
56I_b_ddg 0.0151774277879773 0.00929638273915946 0.0210584728367951
56K_b_ddg -0.00367519165549667 -0.00955623670431451 0.00220585339332117
56S_b_ddg 0.0054433768223626 -0.000437668226455244 0.0113244218711804
56T_b_ddg -0.00124506277029664 -0.0130071528679323 0.010517027327339
56Y_b_ddg 0.0131491729471117 0.0131491729471117 0.0131491729471117
5D_b_ddg -3.40932144621727e-05 -0.0588445437026406 0.0587763572737163
5E_b_ddg 2.12250398036218e-05 -0.052908180399557 0.0470695854303464
5G_b_ddg 0.000225560092680584 -0.0174175750537729 0.0178686952391341
5P_b_ddg -0.00421094727559881 -0.0806645329102308 0.0722426383590331
5S_b_ddg 0.00146561941864871 -0.010296470678987 0.0132277095162844
5T_b_ddg 0.000238217061885976 -0.0115238730357497 0.0120003071595217
5V_b_ddg 0.00348003114282521 -0.0729735544918068 0.0799336167774572
6F_b_ddg -0.0113151529429928 -0.0230772430406285 0.000446937154642887
6H_b_ddg 0.0069704532731234 -0.00479163682451229 0.0187325433707591
6I_b_ddg 0.00361693504259964 -0.0022641100062182 0.00949798009141748
6P_b_ddg -2.03469290471764e-05 -0.082354977612497 0.0823142837544026
6R_b_ddg 0.0253656727628205 0.00772253761636697 0.043008807909274
6V_b_ddg -5.87891529746622e-05 -0.0294640143970639 0.0293464360911146
7C_b_ddg -0.00194591771291561 -0.0960426384940011 0.0921508030681699
7I_b_ddg 0.000674108725216184 -0.0875415670070515 0.0888897844574838
7L_b_ddg 0.00362814067470661 -0.0316581296182004 0.0389144109676137
7S_b_ddg 0.00336324541717828 -0.0378040699245466 0.0445305607589032
7V_b_ddg 0.000190789051162352 -0.252694148048005 0.247194681101512
7Y_b_ddg 0.00943304926843417 0.00943304926843417 0.00943304926843417
8A_b_ddg -1.33350085873769e-05 -0.0235375152038588 0.023510845186684
8C_b_ddg 4.82442413995384e-05 -0.0470001161491432 0.0470966046319423
8E_b_ddg 0.00619639968952316 0.000315354640705316 0.012077444738341
8G_b_ddg -0.0023026011409923 -0.00818364618981014 0.00357844390782554
8H_b_ddg -0.00092738417663018 -0.0185705193230837 0.0167157509698234
8N_b_ddg -0.00581095924765315 -0.011692004296471 7.00858011646937e-05
8V_b_ddg 0.00643906491958626 -0.0288472053733208 0.0417253352124933
8Y_b_ddg 9.74824964535772e-05 -0.0234266976988178 0.0236216626917249
9C_b_ddg 0.00202553762097846 -0.750748228627706 0.895944385041291
9H_b_ddg 0.112329403884923 -0.593396001973218 1.00624825130524
9I_b_ddg 0.00503211494830285 -0.112588786028054 0.12265301592466
9L_b_ddg 0.0030918828207487 -0.0263133424233405 0.0324971080648379
9P_b_ddg 1.05791315930534 0.163994311885028 1.95183200672565
9S_b_ddg -0.000417773784192254 -0.0651092693211885 0.064273721752804
9T_b_ddg -0.0306463490597484 -0.924565196480061 0.863272498360564
9V_b_ddg -0.0602562147733551 -0.954175062193667 0.833662632646957
9Y_b_ddg -0.000998341477802589 -0.0539277469171632 0.051931063961558
b_dgwt 4.53140906238751 3.6374902149672 5.42532790980782
b_fwt 1.006353788963 1.006353788963 1.006353788963
b_f0 0.0382735087840124 0.0382735087840124 0.0382735087840124
s_dgwt -1.29944011058461 -1.29944011058461 -1.29944011058461
