par value lower upper
10A_s_ddg 0.356043800406916 0.329987008740894 0.356043800406916
10C_s_ddg 0.37728264146327 0.37728264146327 0.403339433129292
10E_s_ddg -0.169947518861507 -0.169947518861507 -0.169947518861507
10F_s_ddg 0.338234445938412 0.286120862606369 0.390348029270455
10G_s_ddg 1.34330934460628 1.34330934460628 1.34330934460628
10H_s_ddg -0.0295906686199953 -0.0817042519520384 0.0225229147120478
10I_s_ddg -0.075380988271144 -0.127494571603187 -0.0232674049391009
10K_s_ddg 0.20159660057787 0.20159660057787 0.20159660057787
10L_s_ddg 0.603648134089371 0.603648134089371 0.603648134089371
10M_s_ddg 0.373152635814457 0.347095844148435 0.399209427480479
10N_s_ddg 0.111220060177847 0.0591064768458039 0.16333364350989
10P_s_ddg 1.6095107308708 1.55739714753876 1.66162431420284
10Q_s_ddg 0.0874853187906437 0.0874853187906437 0.0874853187906437
10R_s_ddg 0.556370008121875 0.556370008121875 0.556370008121875
10S_s_ddg 0.377178244900958 0.351121453234936 0.377178244900958
10T_s_ddg 0.112564485405679 0.0865076937396574 0.112564485405679
10V_s_ddg -0.0260945497743091 -0.0260945497743091 -0.0260945497743091
10W_s_ddg 0.620871786974046 0.594814995308024 0.646928578640068
10Y_s_ddg 0.0621684562143317 0.0361116645483101 0.0882252478803533
11A_s_ddg 0.0348732684527427 0.00881647678672114 0.0869868517847858
11C_s_ddg 1.073426719286 1.02131313595396 1.12554030261804
11D_s_ddg 1.80711638916604 1.72894601416798 1.8852867641641
11E_s_ddg 1.67265055216586 1.56842338550177 1.77687771882995
11F_s_ddg 2.6160003959067 2.22514852091638 3.39770414588735
11G_s_ddg -0.226482816947114 -0.226482816947114 -0.200426025281092
11H_s_ddg 1.42636804345409 1.40031125178807 1.47848162678613
11I_s_ddg 2.05114339194162 1.84268905861345 2.33776810026786
11K_s_ddg 0.927638721244584 0.875525137912541 1.00580909624265
11L_s_ddg 2.10054257718571 2.02237220218765 2.17871295218377
11M_s_ddg 1.75876293462536 1.65453576796127 1.86299010128945
11N_s_ddg 1.36061181887075 1.28244144387269 1.43878219386881
11Q_s_ddg 1.41373462744622 1.33556425244816 1.49190500244428
11R_s_ddg 1.19442989883202 1.168373107166 1.22048669049804
11S_s_ddg 0.533421525763216 0.507364734097194 0.559478317429238
11T_s_ddg 0.55182176155935 0.525764969893328 0.603935344891393
11V_s_ddg 1.38106473125977 1.32895114792773 1.43317831459181
11W_s_ddg 2.69855721788512 2.54221646788899 2.90701155121329
11Y_s_ddg 2.66182804039659 2.14069220707616 6.62246037363187
12A_s_ddg 0.299010091727239 0.272953300061217 0.325066883393261
12C_s_ddg 0.376665883642551 0.272438716978465 0.480893050306637
12D_s_ddg 0.385968723165548 0.307798348167483 0.464139098163613
12E_s_ddg 0.152597665344201 0.126540873678179 0.178654457010223
12F_s_ddg 1.17977288829759 1.04948892996748 1.3100568466277
12G_s_ddg 0.575232410119146 0.575232410119146 0.575232410119146
12H_s_ddg 0.353009123740182 0.32695233207416 0.379065915406204
12K_s_ddg 0.280965625555507 0.228852042223464 0.33307920888755
12L_s_ddg 0.682754179658052 0.682754179658052 0.708810971324074
12M_s_ddg 0.393282925804443 0.3411693424724 0.445396509136486
12P_s_ddg 1.60317918347846 1.47289522514835 1.75951993347459
12R_s_ddg 0.070536910802874 0.070536910802874 0.0965937024688956
12S_s_ddg 0.185197867606968 0.133084284274925 0.237311450939011
12T_s_ddg 0.0387849753953371 -0.0654421912687491 0.143012142059423
12V_s_ddg 0.216509020483249 0.164395437151206 0.268622603815292
12W_s_ddg 1.17951311108785 1.12739952775581 1.17951311108785
12Y_s_ddg 1.41244419950533 1.30821703284124 1.51667136616942
13A_s_ddg 0.204739919258054 0.178683127592032 0.256853502590097
13C_s_ddg 0.405531373166615 0.32736099816855 0.48370174816468
13D_s_ddg 0.126385154803246 0.126385154803246 0.126385154803246
13F_s_ddg 0.564803782387316 0.408463032391187 0.721144532383445
13G_s_ddg 0.0568356499093116 0.03077885824329 0.0828924415753332
13H_s_ddg -0.38692078971035 -0.517204748040458 -0.282693623046264
13I_s_ddg 0.658036131279769 0.449581797951596 0.866490464607942
13K_s_ddg -0.432670127949814 -0.458726919615836 -0.406613336283792
13L_s_ddg 0.569812523036814 0.517698939704771 0.621926106368857
13M_s_ddg 0.240527259658629 0.162356884660564 0.318697634656694
13N_s_ddg -0.375679329147737 -0.479906495811823 -0.271452162483651
13P_s_ddg 1.82398467363631 1.58947354864212 2.11060938196255
13Q_s_ddg 0.106768263010512 0.00254109634642574 0.210995429674598
13R_s_ddg -0.141718810322224 -0.193832393654267 -0.0896052269901809
13S_s_ddg 0.032696015033585 -0.0194175682984581 0.0848095983656281
13T_s_ddg 0.130413708443278 0.0522433334452133 0.208584083441343
13V_s_ddg 0.363598639598255 0.363598639598255 0.363598639598255
13W_s_ddg 0.871290828515818 0.845234036849796 0.89734762018184
13Y_s_ddg 0.266794718117353 0.136510759787245 0.397078676447461
14A_s_ddg 0.118968686992846 0.0407983119947813 0.197139061990911
14C_s_ddg 0.815002058947436 0.71077489228335 0.919229225611522
14E_s_ddg -0.100538315545503 -0.152651898877546 -0.0484247322134599
14F_s_ddg 1.14481827350841 0.936363940180237 1.32721581517056
14G_s_ddg 0.86433495651281 0.838278164846788 0.890391748178832
14H_s_ddg 1.76004137483706 -0.142104416782514 5.72067370807234
14I_s_ddg 1.53363756806159 -0.0037131402336823 5.49426990129687
14K_s_ddg 0.199484530470288 0.0692005721401802 0.303711697134374
14L_s_ddg 0.857583973008728 0.753356806344642 0.961811139672814
14M_s_ddg 0.617345496070619 0.487061537740511 0.747629454400727
14N_s_ddg 0.640822327391077 0.562651952393012 0.718992702389142
14P_s_ddg 0.0139340479492038 -0.0642363270488609 0.0921044229472685
14Q_s_ddg 0.356611465350608 0.148157132022435 0.56506579867878
14R_s_ddg 0.635949225268588 0.531722058604502 0.740176391932674
14S_s_ddg 0.490065651505619 0.411895276507554 0.568236026503684
14T_s_ddg 0.516170666426672 0.464057083094629 0.568284249758715
14V_s_ddg 0.3609461272334 0.3609461272334 0.3609461272334
14W_s_ddg 2.26701174956189 1.25079687458705 6.22764408279717
14Y_s_ddg 0.750184960794431 0.698071377462388 0.802298544126474
15A_s_ddg 0.7808404780458 0.728726894713757 0.832954061377843
15C_s_ddg 0.378738513611811 0.118170596951595 0.613249638606005
15D_s_ddg 0.495581005914697 0.391353839250611 0.599808172578783
15E_s_ddg 0.825069220246906 0.772955636914863 0.877182803578949
15F_s_ddg 1.32505102672536 1.09053990173117 1.6116757350516
15H_s_ddg 0.157108574611949 -0.181629717046331 0.417676491272165
15I_s_ddg 1.25791540581339 1.10157465581726 1.41425615580952
15K_s_ddg 0.889089870740749 0.810919495742684 0.967260245738814
15L_s_ddg 1.59331528106932 1.54120169773728 1.67148565606738
15M_s_ddg 1.33957723080985 1.26140685581179 1.41774760580791
15N_s_ddg 0.146772225959337 0.0164882676292292 0.277056184289445
15P_s_ddg 2.95751547106358 2.20186851274895 6.91814780429886
15Q_s_ddg 1.57600424138868 1.26332274139642 2.01896969971105
15R_s_ddg 0.813707898215931 0.787651106549909 0.839764689881953
15S_s_ddg 0.839164393621561 0.760994018623496 0.917334768619626
15T_s_ddg 0.393113760549052 0.314943385550987 0.471284135547117
15V_s_ddg 1.19763551882575 1.17157872715973 1.24974910215779
15W_s_ddg 0.320924015147566 0.268810431815523 0.373037598479609
15Y_s_ddg 0.453019211260048 0.32273525292994 0.583303169590156
16A_s_ddg 0.422997940308586 0.396941148642564 0.449054731974608
16C_s_ddg 0.0619663937043856 0.00985281037234247 0.114079977036429
16D_s_ddg 0.401676836103986 0.323506461105921 0.479847211102051
16F_s_ddg -0.411307617964208 -0.541591576294316 -0.2810236596341
16G_s_ddg 0.389524548864463 0.363467757198441 0.389524548864463
16H_s_ddg -0.444349972466982 -0.496463555799025 -0.392236389134939
16I_s_ddg 0.320801452828987 0.216574286164901 0.425028619493073
16K_s_ddg -0.578028962320858 -0.630142545652901 -0.525915378988815
16L_s_ddg -0.341854483317833 -0.367911274983855 -0.315797691651811
16M_s_ddg -0.965187791506666 -1.04335816650473 -0.887017416508601
16N_s_ddg 0.608429106672291 0.556315523340248 0.660542690004334
16P_s_ddg 2.50021472612929 2.34387397613316 2.68261226779144
16Q_s_ddg -0.683987983964725 -0.76215835896279 -0.60581760896666
16R_s_ddg 0.167118257220533 0.167118257220533 0.167118257220533
16S_s_ddg 0.751803222225756 0.751803222225756 0.751803222225756
16T_s_ddg 0.601888519897938 0.549774936565895 0.62794531156396
16V_s_ddg 0.304551339591521 0.304551339591521 0.330608131257543
16W_s_ddg -0.532226935236431 -0.584340518568474 -0.480113351904388
16Y_s_ddg -0.224796580435676 -0.407194122097827 -0.042399038773525
17A_s_ddg 2.3201855524999 2.03356084417366 2.81526459415431
17C_s_ddg 3.00806803641181 2.07002353643503 6.96870036964709
17D_s_ddg 3.22802221576373 1.89912584079663 7.18865454899901
17E_s_ddg 3.43766679153867 2.78624699988813 7.39829912477395
17F_s_ddg 0.903874968085989 0.825704593087924 0.982045343084054
17G_s_ddg 2.54019758297069 2.4359704163066 2.6704815413008
17H_s_ddg 2.89898032875789 2.32573091210542 6.85961266199317
17I_s_ddg 2.69770997880035 1.29064322883519 6.65834231203563
17K_s_ddg 2.6395618704496 2.37899395378938 3.05647053710595
17M_s_ddg 1.03459753641468 1.03459753641468 1.03459753641468
17N_s_ddg 2.66277308551736 2.40220516885714 3.10573854383973
17P_s_ddg 1.88244637559898 1.83033279226694 1.93455995893102
17Q_s_ddg 1.96892682118071 1.89075644618265 2.04709719617877
17R_s_ddg 2.5426499909071 2.43842282424301 2.67293394923721
17S_s_ddg 2.96235705217946 2.57150517718914 4.31731021881258
17T_s_ddg 3.57623458868397 2.89875800536741 7.53686692191925
17V_s_ddg 1.81589793539774 1.78984114373172 1.84195472706376
17W_s_ddg 1.97393209359492 1.89576171859686 2.05210246859298
17Y_s_ddg 3.6846515109425 2.38181192764142 7.64528384417778
18A_s_ddg -0.198479993971942 -0.224536785637964 -0.198479993971942
18C_s_ddg 0.131989856036519 0.105933064370497 0.131989856036519
18D_s_ddg 1.1878024986742 1.16174570700818 1.21385929034022
18E_s_ddg 0.166944892801731 0.140888101135709 0.166944892801731
18F_s_ddg -0.0275999113755169 -0.07971349470756 0.0245136719565262
18H_s_ddg 0.313930259526325 0.209703092862239 0.444214217856433
18I_s_ddg 1.17871374261882 1.12660015928678 1.23082732595086
18K_s_ddg -0.0654540223748488 -0.117567605706892 -0.0133404390428057
18L_s_ddg 0.765982998114865 0.739926206448843 0.765982998114865
18M_s_ddg 0.203927125083464 0.151813541751421 0.256040708415507
18N_s_ddg 0.848418176288301 0.770247801290236 0.926588551286366
18P_s_ddg 0.289990803446047 0.211820428447982 0.368161178444112
18Q_s_ddg 0.171318516806489 0.119204933474446 0.223432100138532
18R_s_ddg 0.0989227899943095 0.0989227899943095 0.0989227899943095
18S_s_ddg -0.122238292654944 -0.122238292654944 -0.122238292654944
18T_s_ddg 0.239345931466144 0.161175556468079 0.317516306464209
18V_s_ddg 0.720826546952966 0.720826546952966 0.720826546952966
18W_s_ddg -0.0192018969396271 -0.0192018969396271 0.00685489472639446
18Y_s_ddg 0.124285361710926 0.0982285700449044 0.150342153376948
19A_s_ddg 1.85956453330576 1.83350774163974 1.88562132497178
19C_s_ddg 2.05804643022377 1.97987605522571 2.16227359688786
19D_s_ddg 2.67757204807749 2.52123129808136 2.91208317307168
19E_s_ddg 2.58640179144333 2.48217462477924 2.69062895810742
19G_s_ddg 2.57377107877962 2.57377107877962 2.59982787044564
19H_s_ddg 2.50661765174328 2.37633369341317 2.66295840173941
19I_s_ddg 1.8080680183983 1.75595443506626 1.86018160173034
19K_s_ddg 2.3915172742586 2.31334689926054 2.49574444092269
19L_s_ddg 1.31803833904817 1.29198154738215 1.34409513071419
19M_s_ddg 1.8107346669052 1.75862108357316 1.86284825023724
19N_s_ddg 2.58790440230318 2.45762044397307 2.77030194396533
19P_s_ddg 2.98302572487566 2.6703442248834 3.58233193319416
19Q_s_ddg 2.98300058659475 2.8006030449326 3.26962529492099
19R_s_ddg 2.55634668950795 2.50423310617591 2.63451706450601
19S_s_ddg 2.24273996356254 2.1906263802305 2.29485354689458
19T_s_ddg 2.57081071535904 2.41446996536291 2.75320825702119
19V_s_ddg 2.31245720060547 2.26034361727343 2.36457078393751
19W_s_ddg 2.57481180609724 2.49664143109918 2.6529821810953
19Y_s_ddg 2.00472971315111 1.95261612981907 2.05684329648315
1A_s_ddg 0.361558053205294 0.361558053205294 0.361558053205294
1C_s_ddg 0.0374525589459547 0.0374525589459547 0.0374525589459547
1D_s_ddg 0.138657392331397 0.0865438089993539 0.19077097566344
1E_s_ddg 0.0571314259810043 0.0571314259810043 0.0571314259810043
1F_s_ddg -0.257219899458322 -0.283276691124344 -0.257219899458322
1G_s_ddg 0.232967314409458 0.232967314409458 0.25902410607548
1H_s_ddg 0.0736385020420692 0.0215249187100261 0.0996952937080908
1I_s_ddg 0.0608606344372413 0.0608606344372413 0.0869174261032629
1K_s_ddg 0.032650149372258 0.032650149372258 0.032650149372258
1L_s_ddg -0.120694707381185 -0.146751499047207 -0.0685811240491419
1M_s_ddg -0.080508471081949 -0.080508471081949 -0.080508471081949
1N_s_ddg -0.0448618580754834 -0.070918649741505 -0.0188050664094618
1P_s_ddg 0.367417902263278 0.289247527265213 0.445588277261343
1Q_s_ddg 0.0664970650699639 0.0664970650699639 0.0664970650699639
1R_s_ddg 0.308335683156709 0.308335683156709 0.334392474822731
1S_s_ddg 0.00417752754775057 -0.021879264118271 0.00417752754775057
1V_s_ddg 0.0108414125697678 0.0108414125697678 0.0108414125697678
1W_s_ddg 0.439026788720048 0.439026788720048 0.439026788720048
1Y_s_ddg 0.0611593189373598 0.0611593189373598 0.0611593189373598
20A_s_ddg 0.572159655916706 0.572159655916706 0.572159655916706
20C_s_ddg 0.87104390499894 0.844987113332918 0.87104390499894
20D_s_ddg 1.25229575202027 1.20018216868823 1.30440933535231
20E_s_ddg 0.518041541152882 0.518041541152882 0.544098332818904
20F_s_ddg 1.06192011147718 1.03586331981116 1.06192011147718
20G_s_ddg 0.994634449649703 0.994634449649703 0.994634449649703
20H_s_ddg 0.283216650850718 0.257159859184696 0.30927344251674
20I_s_ddg 1.1990195270084 1.14690594367636 1.25113311034044
20K_s_ddg -0.422804506591592 -0.448861298257614 -0.422804506591592
20L_s_ddg 0.904760295798941 0.904760295798941 0.930817087464963
20M_s_ddg 0.674603594996572 0.64854680333055 0.700660386662594
20N_s_ddg 0.635849277085831 0.609792485419809 0.661906068751853
20P_s_ddg 2.01960032007114 1.94142994507308 2.0977706950692
20Q_s_ddg 0.246555304001211 0.220498512335189 0.246555304001211
20S_s_ddg 0.377781418767654 0.377781418767654 0.377781418767654
20T_s_ddg 0.710660764830994 0.684603973164972 0.710660764830994
20V_s_ddg 0.757129921387699 0.731073129721677 0.757129921387699
20W_s_ddg 1.45748903097804 1.43143223931202 1.48354582264406
20Y_s_ddg 1.18212047415462 1.13000689082258 1.23423405748666
21A_s_ddg -0.275495704515657 -0.275495704515657 -0.275495704515657
21C_s_ddg 0.751367705775567 0.751367705775567 0.751367705775567
21D_s_ddg 1.77011294194847 1.66588577528438 1.87434010861256
21E_s_ddg -0.0500129278407235 -0.0500129278407235 -0.0500129278407235
21F_s_ddg 1.49517827529285 1.44306469196081 1.54729185862489
21G_s_ddg 1.1907197390507 1.1907197390507 1.1907197390507
21H_s_ddg 0.790498585377525 0.738385002045482 0.842612168709568
21I_s_ddg 1.07024913017703 1.01813554684499 1.12236271350907
21K_s_ddg -0.482511547918428 -0.482511547918428 -0.482511547918428
21L_s_ddg 1.24550824808728 1.24550824808728 1.24550824808728
21M_s_ddg 0.431783296016024 0.405726504350002 0.431783296016024
21N_s_ddg 1.34094292554217 1.31488613387615 1.39305650887421
21P_s_ddg 2.02031526641067 1.96820168307863 2.09848564140873
21Q_s_ddg 0.0216746125003698 0.0216746125003698 0.0216746125003698
21S_s_ddg 0.39051790446419 0.39051790446419 0.416574696130212
21T_s_ddg 0.348214131480333 0.348214131480333 0.374270923146355
21V_s_ddg 0.202836606805627 0.202836606805627 0.202836606805627
21W_s_ddg 2.0827540302884 2.05669723862238 2.10881082195442
21Y_s_ddg 1.55143090292778 1.49931731959574 1.60354448625982
22A_s_ddg 2.11483267832897 2.06271909499693 2.14088946999499
22C_s_ddg 2.26496361286094 2.13467965453083 2.42130436285707
22D_s_ddg 1.44311596247467 1.39100237914263 1.52128633747273
22E_s_ddg 2.2945963172899 2.24248273395786 2.34670990062194
22F_s_ddg 1.64513054158456 1.59301695825252 1.72330091658262
22H_s_ddg 1.69898914460495 1.54264839460882 1.8813866862671
22I_s_ddg 2.9112546360754 2.49434596941905 4.16198063604443
22K_s_ddg 1.98943770896141 1.75492658396722 2.32817600061969
22L_s_ddg 2.06360730299757 2.01149371966553 2.11572088632961
22M_s_ddg 2.36565978905721 2.15720545572904 2.62622770571743
22N_s_ddg 1.40866361594397 1.35655003261193 1.46077719927601
22P_s_ddg 2.98218898012615 2.61739389680185 3.99840385510099
22Q_s_ddg 1.85545697560303 1.6991162256069 2.0639113089312
22R_s_ddg 2.13015737433271 2.10410058266669 2.18227095766475
22S_s_ddg 2.15870546501306 2.10659188168102 2.23687584001112
22T_s_ddg 2.36993441707272 2.26570725040863 2.50021837540283
22V_s_ddg 2.56296272484645 2.48479234984839 2.64113309984451
22W_s_ddg 2.0343066087411 1.98219302540906 2.08642019207314
22Y_s_ddg 1.77038390545986 1.66615673879577 1.90066786378997
23A_s_ddg 1.7026030138184 1.67654622215238 1.75471659715044
23C_s_ddg 2.59818513689261 2.38973080356444 2.8326962618868
23E_s_ddg 0.557669737007086 0.557669737007086 0.557669737007086
23F_s_ddg 2.73979810245768 2.42711660246542 3.20882035244607
23G_s_ddg 2.49269405518759 2.44058047185555 2.54480763851963
23H_s_ddg 1.99596355958058 1.86567960125047 2.15230430957671
23I_s_ddg 2.86264096985107 2.52390267819279 3.54011755316763
23K_s_ddg 3.0158849830952 2.78137385810101 3.3806800664195
23L_s_ddg 2.44862047579141 2.34439330912732 2.57890443412152
23M_s_ddg 1.98417030208503 1.93205671875299 2.03628388541707
23N_s_ddg 2.15391421681046 2.04968705014637 2.28419817514057
23P_s_ddg 3.37474438298814 2.85360854966771 7.33537671622342
23Q_s_ddg 1.47654622083995 1.42443263750791 1.52865980417199
23R_s_ddg 2.67650985498047 2.57228268831638 2.80679381331058
23S_s_ddg 1.85935913258973 1.78118875759167 1.93752950758779
23T_s_ddg 1.52354059115507 1.47142700782303 1.57565417448711
23V_s_ddg 2.45478022593493 2.37660985093687 2.53295060093299
23W_s_ddg 1.50277096689574 1.47671417522972 1.52882775856176
23Y_s_ddg 2.593737589957 2.43739683996087 2.82824871495119
24A_s_ddg 1.1423538634406 1.03812669677651 1.24658103010469
24C_s_ddg 0.91032496119145 0.858211377859407 0.962438544523493
24D_s_ddg 0.268830719724379 -0.148077946931966 1.12870484470309
24E_s_ddg 0.869337006239961 0.739053047909853 0.999620964570069
24G_s_ddg 1.92831679074431 1.85014641574625 2.0325439574084
24H_s_ddg 0.696644722559336 0.305792847569012 1.03538301421762
24I_s_ddg -0.520015704621008 -0.520015704621008 -0.493958912954986
24K_s_ddg 0.0583234336326734 -0.0459037330314129 0.16255060029676
24L_s_ddg -0.230565591976268 -0.230565591976268 -0.204508800310246
24M_s_ddg -0.173677685665244 -0.251848060663309 -0.0955073106671793
24N_s_ddg 1.54172784772469 1.38538709772856 1.72412538938684
24P_s_ddg 1.86929070523613 1.3481548719157 3.27635745520129
24Q_s_ddg 0.750266312757761 0.463641604431524 1.036891021084
24R_s_ddg -0.323827998326961 -0.375941581659004 -0.271714414994918
24S_s_ddg 1.13287827931356 1.08076469598152 1.1849918626456
24T_s_ddg 0.641338472530701 0.406827347536507 0.875849597524895
24V_s_ddg -0.191712875636033 -0.217769667302055 -0.13959929230399
24W_s_ddg 0.0210668586730745 -0.0571035163249902 0.0992372336711392
24Y_s_ddg 0.294778002274543 0.294778002274543 0.294778002274543
25A_s_ddg 2.67259962998615 2.46414529665798 2.90711075498034
25C_s_ddg 2.26207893174371 1.81911347342134 4.16422472336328
25D_s_ddg 2.36773564829932 2.05505414830706 2.91492827328577
25E_s_ddg 2.21832618066201 2.06198543066588 2.40072372232416
25F_s_ddg 2.24326275241745 2.0608652107553 2.47777387741164
25G_s_ddg 2.11463991555136 2.08858312388534 2.1667534988834
25H_s_ddg 3.02220869686069 2.21444815521402 6.98284103009597
25K_s_ddg 3.39850021501347 2.25200138170852 7.35913254824875
25L_s_ddg 1.78086709843152 1.7548103067655 1.80692389009754
25M_s_ddg 1.97947990301415 1.61468481968985 2.50061573633458
25N_s_ddg 1.86811018626863 1.76388301960454 1.97233735293272
25P_s_ddg 2.29842212846052 2.11602458679837 2.50687646178869
25Q_s_ddg 3.63359813385205 2.69555363387527 7.59423046708733
25R_s_ddg 2.76826947031248 2.58587192865033 3.0288373869727
25S_s_ddg 2.49009399892873 2.3337532489326 2.6985483322569
25T_s_ddg 2.19031935943956 2.08609219277547 2.29454652610365
25V_s_ddg 1.06732384920886 1.06732384920886 1.06732384920886
25W_s_ddg 1.91760777679966 1.78732381846955 2.07394852679579
25Y_s_ddg 2.26646447489475 1.90166939157045 2.91788426654529
26A_s_ddg 0.266636564074043 0.188466189075978 0.344806939072108
26C_s_ddg 0.0947001805229198 -0.00952698614116645 0.198927347187006
26D_s_ddg 0.994483243616754 0.812085701954603 1.1768807852789
26E_s_ddg -0.632417501645997 -0.762701459976105 -0.502133543315889
26F_s_ddg -0.404936163471741 -0.535220121801849 -0.300708996807655
26G_s_ddg 1.09654176793484 1.07048497626882 1.12259855960086
26I_s_ddg 0.981240194406506 0.616445111082204 1.45026244439489
26K_s_ddg -0.268633081621251 -0.398917039951359 -0.164405914957165
26L_s_ddg -0.434727925703083 -0.460784717369105 -0.434727925703083
26M_s_ddg -0.0270563574697582 -0.183397107465888 0.10322760086035
26N_s_ddg 0.429588994487354 0.403532202821332 0.455645786153376
26P_s_ddg 2.90878726138275 2.20525388640017 6.86941959461803
26Q_s_ddg -0.218627424912452 -0.244684216578474 -0.19257063324643
26R_s_ddg -0.0817407450769133 -0.107797536742935 -0.0556839534108917
26S_s_ddg 0.323320660450226 0.245150285452161 0.401491035448291
26T_s_ddg 0.256687471570393 0.0482331382422205 0.465141804898565
26V_s_ddg -0.0303376342103687 -0.0824512175424118 0.0217759491216744
26W_s_ddg 0.131851924769579 0.0276247581054927 0.236079091433665
26Y_s_ddg 0.119523589344757 0.0674100060127139 0.1716371726768
27A_s_ddg 2.19552635839109 2.11735598339303 2.27369673338915
27C_s_ddg 1.93889757289779 1.80861361456768 2.09523832289392
27D_s_ddg 1.86355966685603 1.81144608352399 1.94173004185409
27E_s_ddg 2.94497755144679 2.63229605145453 3.46611338476722
27F_s_ddg 1.59644228151044 1.44010153151431 1.77883982317259
27G_s_ddg 2.49209729820784 2.4399837148758 2.54421088153988
27H_s_ddg 2.8915395961358 2.37040376281537 6.85217192937108
27I_s_ddg 0.449553196652726 0.449553196652726 0.449553196652726
27K_s_ddg 2.75888009155358 2.36802821656326 3.80115175819444
27L_s_ddg 0.439734481242025 0.387620897909982 0.491848064574068
27M_s_ddg 1.68233604001625 1.55205208168614 1.81261999834636
27N_s_ddg 2.63241098248561 2.29367269082733 3.38805794080024
27P_s_ddg 2.56784169990382 1.89036511658726 6.5284740331391
27Q_s_ddg 2.63030426287495 2.0831116378885 6.59093659611023
27R_s_ddg 2.54030043449118 2.35790289282903 2.82692514281742
27S_s_ddg 2.50359124432029 2.2690801193261 2.86838632764459
27T_s_ddg 2.72803750209437 2.285072043772 3.9787635020634
27W_s_ddg 2.3521478256801 2.11763670068591 2.69088611733838
27Y_s_ddg 1.86793363253093 1.60736571587071 2.25878550752125
28A_s_ddg 1.25951738180912 1.2334605901431 1.28557417347514
28C_s_ddg 0.930196074972712 0.930196074972712 0.930196074972712
28D_s_ddg 1.23556000871328 1.18344642538124 1.28767359204532
28E_s_ddg 0.221355841444128 0.221355841444128 0.221355841444128
28F_s_ddg 0.47599376496385 0.423880181631807 0.528107348295893
28G_s_ddg 2.00688435991065 2.00688435991065 2.00688435991065
28H_s_ddg 0.766820122625695 0.68864974762763 0.84499049762376
28I_s_ddg -0.08385414797126 -0.109910939637282 -0.0577973563052384
28K_s_ddg 0.551860853878355 0.551860853878355 0.551860853878355
28L_s_ddg -0.529839633972502 -0.529839633972502 -0.529839633972502
28N_s_ddg 1.33522090430643 1.30916411264041 1.36127769597245
28P_s_ddg 2.75760667531965 2.5752091336575 2.99211780031384
28Q_s_ddg 0.438376821942819 0.412320030276797 0.464433613608841
28R_s_ddg 0.970159844789115 0.970159844789115 0.970159844789115
28S_s_ddg 0.638456073519585 0.638456073519585 0.664512865185607
28T_s_ddg 0.0324998760749071 0.0324998760749071 0.0324998760749071
28V_s_ddg -0.00836465690090098 -0.00836465690090098 -0.00836465690090098
28W_s_ddg 0.671030796860802 0.671030796860802 0.671030796860802
28Y_s_ddg 1.50019956392722 1.44808598059518 1.55231314725926
29A_s_ddg 1.6451187181853 1.56694834318724 1.72328909318336
29C_s_ddg 1.8594806241379 1.57285591581166 2.27638929079425
29E_s_ddg 0.461914692536935 0.435857900870913 0.461914692536935
29F_s_ddg 4.05951635226724 2.75667676896616 8.02014868550252
29G_s_ddg 1.7661943294045 1.74013753773848 1.79225112107052
29H_s_ddg 2.81263985137 2.26544722638355 6.77327218460528
29I_s_ddg 2.79606817184798 2.11859158853142 6.75670050508326
29K_s_ddg 2.3630849790757 2.15463064574753 2.62365289573592
29L_s_ddg 2.70024854204911 2.49179420872094 3.03898683370739
29M_s_ddg 2.05084488985735 1.92056093152724 2.20718563985348
29N_s_ddg 1.39144983512108 1.33933625178904 1.44356341845312
29P_s_ddg 3.47812458661555 2.17528500331447 7.43875691985083
29Q_s_ddg 1.62731590317022 1.44491836150807 1.80971344483237
29R_s_ddg 2.4504388158345 2.32015485750439 2.60677956583063
29S_s_ddg 1.7852788818452 1.65499492351509 1.94161963184133
29T_s_ddg 2.34887256839871 1.90590711007634 6.30950490163399
29V_s_ddg 2.17202550979686 2.11991192646482 2.2241390931289
29W_s_ddg 2.1744494665412 2.09627909154314 2.25261984153926
29Y_s_ddg 2.1212495873414 1.93885204567925 2.35576071233559
2A_s_ddg 0.88953179883336 0.88953179883336 0.88953179883336
2C_s_ddg 0.27725506020894 0.27725506020894 0.27725506020894
2D_s_ddg 0.818324711808021 0.818324711808021 0.818324711808021
2E_s_ddg 0.393415468815253 0.393415468815253 0.419472260481275
2F_s_ddg 0.0475199480777376 0.0475199480777376 0.0735767397437592
2G_s_ddg 1.37022324049741 1.37022324049741 1.37022324049741
2H_s_ddg 0.487114539392814 0.487114539392814 0.513171331058836
2I_s_ddg -0.36262369744883 -0.388680489114852 -0.336566905782808
2K_s_ddg 0.0489186538184588 0.0489186538184588 0.0489186538184588
2L_s_ddg -0.293102163383265 -0.293102163383265 -0.293102163383265
2M_s_ddg -0.155178462796825 -0.181235254462847 -0.129121671130803
2N_s_ddg 0.678107675751134 0.652050884085112 0.704164467417156
2P_s_ddg 1.13610618653349 1.13610618653349 1.13610618653349
2Q_s_ddg 0.244173412632834 0.218116620966812 0.270230204298856
2R_s_ddg 0.112347756965009 0.112347756965009 0.112347756965009
2S_s_ddg 0.646597989546644 0.646597989546644 0.646597989546644
2T_s_ddg -0.155460620809485 -0.181517412475507 -0.155460620809485
2V_s_ddg -0.260952146377189 -0.260952146377189 -0.260952146377189
2W_s_ddg -0.163802586775332 -0.163802586775332 -0.163802586775332
30A_s_ddg 0.29745248212622 0.245338898794177 0.349566065458263
30C_s_ddg 0.336928201306486 0.258757826308421 0.415098576304551
30D_s_ddg -0.189075005973114 -0.241188589305157 -0.136961422641071
30E_s_ddg 1.24338604683684 1.13915888017275 1.34761321350093
30F_s_ddg 0.958901576363305 0.854674409699219 1.06312874302739
30G_s_ddg 0.700529593659032 0.700529593659032 0.726586385325054
30H_s_ddg 0.598833580613568 0.546719997281525 0.650947163945611
30I_s_ddg 0.79198812551678 0.765931333850758 0.79198812551678
30K_s_ddg 0.281312539578225 0.255255747912203 0.281312539578225
30L_s_ddg 1.74076525758662 1.63653809092253 1.84499242425071
30M_s_ddg -0.0189074954821073 -0.097077870480172 0.0592628795159574
30P_s_ddg 1.20063345867248 1.14851987534044 1.25274704200452
30Q_s_ddg 0.223525840627865 0.119298673963779 0.327753007291951
30R_s_ddg -0.0534954275756822 -0.105609010907725 -0.00138184424363907
30S_s_ddg 0.0780008831543544 0.0258872998223113 0.130114466486398
30T_s_ddg -0.0549061459650625 -0.107019729297106 -0.00279256263301937
30V_s_ddg 0.610763965567896 0.584707173901874 0.636820757233918
30W_s_ddg 0.6741884993769 0.569961332712814 0.778415666040986
30Y_s_ddg 0.966006960916243 0.887836585918178 1.04417733591431
31A_s_ddg 0.575337132584486 0.523223549252443 0.627450715916529
31C_s_ddg 1.3355353571701 1.20525139883999 1.49187610716623
31D_s_ddg 0.760143237578831 0.603802487582702 0.890427195908939
31E_s_ddg 0.999888715504371 0.947775132172328 1.05200229883641
31F_s_ddg 2.39754907376655 1.95458361544418 4.24758128205408
31G_s_ddg 1.25150790002089 1.19939431668885 1.30362148335293
31H_s_ddg 0.733520443018313 0.603236484688205 0.863804401348421
31I_s_ddg 1.67442520936089 1.46597087603272 1.93499312602111
31K_s_ddg 0.528414174438739 0.450243799440674 0.606584549436804
31L_s_ddg 1.83895581734796 1.81289902568194 1.86501260901398
31M_s_ddg 2.49571443416024 1.74006747584561 6.45634676739552
31N_s_ddg 0.712235917037572 0.581951958707464 0.84251987536768
31P_s_ddg 1.99837863372698 1.94626505039494 2.07654900872504
31Q_s_ddg 0.783150744264797 0.678923577600711 0.887377910928883
31R_s_ddg 0.723430906578682 0.671317323246639 0.775544489910725
31T_s_ddg 0.171409062120682 0.14535227045466 0.171409062120682
31V_s_ddg 1.68012436280513 1.65406757113911 1.68012436280513
31W_s_ddg 1.93870322808364 1.83447606141955 2.04293039474773
31Y_s_ddg 2.06281504409421 1.82830391910002 2.32338296075443
32A_s_ddg 1.0736016043047 1.04754481263868 1.09965839597072
32C_s_ddg 1.33995508571241 1.28784150238037 1.39206866904445
32E_s_ddg 1.1267268066723 1.10067001500628 1.15278359833832
32F_s_ddg 3.03954898340199 2.46629956674952 7.00018131663727
32G_s_ddg 0.639518274223169 0.613461482557147 0.665575065889191
32H_s_ddg 0.384721648180029 0.280494481515943 0.488948814844115
32I_s_ddg 2.966892984455 2.31547319280446 6.92752531769028
32K_s_ddg 1.00964284694134 0.983586055275319 1.06175643027338
32L_s_ddg 1.48123101744057 1.45517422577455 1.53334460077261
32M_s_ddg 1.48803640834615 1.43592282501411 1.56620678334421
32N_s_ddg 0.285559416428203 0.259502624762181 0.285559416428203
32P_s_ddg 2.10198325151904 2.02381287652098 2.1801536265171
32Q_s_ddg 0.961489026206697 0.883318651208632 1.03965940120476
32R_s_ddg 1.15998569277163 1.13392890110561 1.15998569277163
32S_s_ddg 0.694180676199266 0.642067092867223 0.746294259531309
32T_s_ddg 1.64297894789308 1.51269498956297 1.79931969788921
32V_s_ddg 2.2447936098447 2.16662323484664 2.32296398484276
32W_s_ddg 2.45131257522576 2.29497182522963 2.65976690855393
32Y_s_ddg 1.6060089739209 1.52783859892284 1.68417934891896
33A_s_ddg 0.226770652243113 0.200713860577091 0.252827443909135
33C_s_ddg 0.752145965667685 0.700032382335642 0.804259548999728
33D_s_ddg 0.384736266537832 0.332622683205789 0.436849849869875
33E_s_ddg -0.0483481473752209 -0.100461730707264 0.00376543595682223
33F_s_ddg 1.68101552070047 1.62890193736843 1.75918589569853
33G_s_ddg 0.764894710872649 0.738837919206627 0.817008294204692
33H_s_ddg 0.660323923593784 0.608210340261741 0.686380715259806
33I_s_ddg 0.97694951699502 0.924835933662977 1.02906310032706
33K_s_ddg 0.638482116220487 0.560311741222422 0.716652491218552
33L_s_ddg 0.888943837571023 0.862887045905001 0.888943837571023
33M_s_ddg 0.859995889087953 0.833939097421931 0.912109472419996
33N_s_ddg 0.777128053771446 0.725014470439403 0.829241637103489
33Q_s_ddg 0.495895328888173 0.44378174555613 0.548008912220216
33R_s_ddg 0.46607731148137 0.440020519815348 0.492134103147392
33S_s_ddg 0.547387223596595 0.521330431930573 0.573444015262617
33T_s_ddg 0.603150181459754 0.577093389793732 0.603150181459754
33V_s_ddg 0.764962995141163 0.738906203475141 0.791019786807185
33W_s_ddg 1.68588053990594 1.60771016490788 1.764050914904
33Y_s_ddg 1.49498554109284 1.36470158276273 1.62526949942295
34A_s_ddg 0.554293599332107 0.502180016000064 0.60640718266415
34C_s_ddg 0.614735792926081 0.536565417928016 0.692906167924146
34D_s_ddg 0.119081483071614 0.0930246914055924 0.145138274737636
34E_s_ddg -0.02100125878545 -0.125228425449536 0.0571691162126147
34F_s_ddg -0.196545965496735 -0.300773132160821 -0.0923187988326487
34G_s_ddg 0.847417207067456 0.821360415401434 0.847417207067456
34H_s_ddg -0.526757805789649 -0.683098555785778 -0.37041705579352
34I_s_ddg 0.168056921055606 0.168056921055606 0.194113712721628
34K_s_ddg -0.295417002261944 -0.321473793927966 -0.269360210595922
34L_s_ddg 0.115803137392822 0.0636895540607789 0.193973512390887
34M_s_ddg 0.326155014140697 0.221927847476611 0.430382180804783
34P_s_ddg 5.00062143894081 3.38510035564747 8.96125377217609
34Q_s_ddg 0.544057197044312 0.465886822046247 0.622227572042377
34R_s_ddg 0.344972415688758 0.318915624022736 0.37102920735478
34S_s_ddg 0.523204215806067 0.471090632474024 0.57531779913811
34T_s_ddg 0.139899829704836 0.0356726630407497 0.244126996368922
34V_s_ddg -0.284906272467474 -0.363076647465539 -0.206735897469409
34W_s_ddg 0.579946735619852 0.475719568955766 0.684173902283938
34Y_s_ddg -0.0667650490518271 -0.0667650490518271 -0.0407082573858055
35A_s_ddg 1.42019905541987 1.39414226375385 1.42019905541987
35C_s_ddg 0.85859640343131 0.832539611765288 0.85859640343131
35D_s_ddg 1.90167499390126 1.8235046189032 1.97984536889932
35E_s_ddg 1.1482776368477 1.1482776368477 1.1482776368477
35F_s_ddg 0.717003792911672 0.69094700124565 0.743060584577694
35G_s_ddg 2.25227719967212 2.2262204080061 2.27833399133814
35H_s_ddg 0.86341449484381 0.811300911511767 0.915528078175853
35I_s_ddg 0.399366633079959 0.347253049747916 0.451480216412002
35K_s_ddg 0.514060634354457 0.488003842688435 0.540117426020479
35L_s_ddg 0.68712942355353 0.68712942355353 0.713186215219552
35M_s_ddg 0.12062605695953 0.12062605695953 0.146682848625552
35N_s_ddg 0.872005485695316 0.793835110697251 0.950175860693381
35P_s_ddg 2.73027862386503 2.54788108220288 2.99084654052525
35Q_s_ddg 0.818827177476666 0.792770385810644 0.844883969142688
35R_s_ddg 0.182205709792906 0.182205709792906 0.208262501458928
35S_s_ddg 1.12826929337066 1.10221250170464 1.15432608503668
35T_s_ddg 0.474358111931023 0.474358111931023 0.500414903597045
35V_s_ddg 0.26857800170528 0.26857800170528 0.294634793371302
35Y_s_ddg 0.441635368490122 0.389521785158079 0.493748951822165
36A_s_ddg 1.8899472831219 1.83783369978986 1.94206086645394
36C_s_ddg 1.35762974959291 1.33157295792689 1.38368654125893
36D_s_ddg 4.2281837667206 3.00351455841759 8.18881609995588
36E_s_ddg 2.5529305219856 2.42264656365549 2.73532806364775
36F_s_ddg 1.44709813875923 1.39498455542719 1.49921172209127
36G_s_ddg 2.0341424624598 2.00808567079378 2.06019925412582
36H_s_ddg 2.7504709220056 2.30750546368323 4.62655992195915
36I_s_ddg 0.246968215342284 0.168797840344219 0.325138590340349
36K_s_ddg 2.71829321590174 2.45772529924152 3.05703150756002
36L_s_ddg 0.4534992308773 0.427442439211278 0.479556022543322
36M_s_ddg 0.497273629474547 0.471216837808525 0.54938721280659
36N_s_ddg 2.45766261168768 2.24920827835951 2.74428732001392
36P_s_ddg 1.78893185286817 1.68470468620408 1.89315901953226
36Q_s_ddg 2.1423178500315 1.93386351670333 2.40288576669172
36R_s_ddg 2.73246250077893 2.65429212578087 2.81063287577699
36S_s_ddg 2.19358283467625 2.14146925134421 2.24569641800829
36T_s_ddg 2.02463466365917 1.92040749699508 2.15491862198928
36V_s_ddg 0.78873026013474 0.78873026013474 0.78873026013474
36Y_s_ddg 0.823151487032931 0.744981112034866 0.901321862030996
37A_s_ddg 1.33457867941261 1.30852188774659 1.33457867941261
37C_s_ddg 0.693431253287884 0.641317669955841 0.719488044953906
37D_s_ddg 2.08790765438467 1.98368048772058 2.21819161271478
37E_s_ddg 0.48351306569332 0.457456274027298 0.48351306569332
37F_s_ddg 0.620543495094665 0.568429911762622 0.672657078426708
37G_s_ddg 1.66884918726619 1.64279239560017 1.69490597893221
37H_s_ddg 0.335559454706051 0.179218704709922 0.465843413036159
37I_s_ddg 0.32072850183663 0.294671710170608 0.346785293502652
37L_s_ddg 0.307513070781854 0.281456279115832 0.307513070781854
37M_s_ddg 0.259676858638489 0.233620066972467 0.285733650304511
37N_s_ddg 1.16319353837759 1.13713674671157 1.18925033004361
37P_s_ddg 2.63294737567007 2.4244930423419 2.94562887566233
37Q_s_ddg 0.474602414097871 0.474602414097871 0.474602414097871
37R_s_ddg 0.461433820021539 0.461433820021539 0.487490611687561
37S_s_ddg 0.900291631555402 0.87423483988938 0.900291631555402
37T_s_ddg 0.64227275734714 0.616215965681118 0.668329549013162
37V_s_ddg 0.195739962436284 0.169683170770262 0.221796754102306
37W_s_ddg 0.526839953919262 0.526839953919262 0.526839953919262
37Y_s_ddg 0.175813380936464 0.0976430059383993 0.253983755934529
38A_s_ddg 2.72007875288763 2.53768121122548 2.95458987788182
38C_s_ddg 2.78480954112684 2.4981848328006 3.25383179111523
38D_s_ddg 2.73675153714676 2.39801324548848 3.3881713287973
38E_s_ddg 2.59765615273015 2.46737219440004 2.7800536943923
38F_s_ddg 2.94472674769993 2.52781808104359 4.40390708099714
38H_s_ddg 3.93818702356297 2.71351781525996 7.89881935679825
38I_s_ddg 3.56508034643185 2.49675188812497 7.52571267966713
38K_s_ddg 2.81687155498889 2.53024684666265 3.25983701331126
38L_s_ddg 2.71314769871151 2.55680694871538 2.89554524037366
38M_s_ddg 4.9149027891019 3.32543849747458 8.87553512233718
38N_s_ddg 2.90901431327507 2.23153772995851 6.86964664651035
38P_s_ddg 3.64641348619012 2.78653936121141 7.6070458194254
38Q_s_ddg 4.54133039894867 3.34271798231168 8.50196273218395
38R_s_ddg 2.65800087938582 2.57983050438776 2.73617125438388
38S_s_ddg 3.04130718508073 2.70256889342245 3.79695414339536
38T_s_ddg 3.15025620908448 2.65517716743007 7.11088854231976
38V_s_ddg 2.86771578138571 2.76348861472162 2.99799973971582
38W_s_ddg 2.44428979174627 2.36611941674821 2.52246016674433
38Y_s_ddg 2.57687741904585 2.05574158572542 6.53750975228113
39C_s_ddg 0.211805567665104 0.133635192667039 0.289975942663169
39D_s_ddg 0.606358409580162 0.554244826248119 0.658471992912205
39E_s_ddg -0.547741344018134 -0.573798135684156 -0.521684552352112
39F_s_ddg 0.725132525939855 0.64696215094179 0.80330290093792
39G_s_ddg 0.682894378163759 0.682894378163759 0.682894378163759
39I_s_ddg 0.596749614125535 0.440408864129406 0.753090364121664
39K_s_ddg 0.0235739947266292 -0.0285395886054139 0.0496307863926508
39L_s_ddg 0.630793016891145 0.578679433559102 0.682906600223188
39M_s_ddg 0.133066576266471 0.0548962012684063 0.211236951264536
39N_s_ddg 0.379589787851124 0.301419412853059 0.457760162849189
39P_s_ddg 3.98149921843889 2.4180917184776 7.94213155167417
39Q_s_ddg -0.00190194018722917 -0.0800723151852939 0.050211643144814
39R_s_ddg -0.0258640858331388 -0.0519208774991604 0.000192705832882764
39S_s_ddg -0.0817070009103472 -0.107763792576369 -0.0556502092443256
39T_s_ddg -0.0852786846946865 -0.13739226802673 -0.0331651013626434
39V_s_ddg 0.169419875125586 0.143363083459564 0.169419875125586
39W_s_ddg 0.712639744398706 0.686582952732684 0.738696536064728
39Y_s_ddg 0.299932811835395 0.195705645171309 0.404159978499481
3A_s_ddg 0.364740783520521 0.364740783520521 0.364740783520521
3C_s_ddg 0.407266169416672 0.407266169416672 0.433322961082694
3D_s_ddg 1.93084138714866 1.93084138714866 1.95689817881468
3E_s_ddg 2.26360682252796 2.23755003086194 2.28966361419398
3F_s_ddg 0.560483512303271 0.534426720637249 0.560483512303271
3G_s_ddg 2.14631944854777 2.14631944854777 2.17237624021379
3H_s_ddg 0.824510095235574 0.824510095235574 0.850566886901596
3I_s_ddg 1.67782110983565 1.67782110983565 1.70387790150167
3K_s_ddg 2.14221006178102 2.116153270115 2.16826685344704
3L_s_ddg 1.79451307784877 1.76845628618275 1.79451307784877
3M_s_ddg 0.767750528205735 0.767750528205735 0.793807319871757
3N_s_ddg 2.18715992899912 2.13504634566708 2.23927351233116
3P_s_ddg 2.65961233716891 2.58144196217085 2.73778271216697
3Q_s_ddg 1.94598826050294 1.94598826050294 1.97204505216896
3R_s_ddg 2.33811160526408 2.31205481359806 2.3641683969301
3S_s_ddg 1.75177158159639 1.75177158159639 1.75177158159639
3T_s_ddg 1.77269095135949 1.77269095135949 1.79874774302551
3W_s_ddg 0.592662784973339 0.592662784973339 0.618719576639361
3Y_s_ddg -0.0139675525905156 -0.0400243442565372 0.012089239075506
40A_s_ddg 0.447188549781656 0.421131758115634 0.473245341447678
40D_s_ddg 2.73464041787217 2.47407250121195 3.12549229286249
40E_s_ddg 2.24940218282988 2.17123180783182 2.32757255782794
40F_s_ddg 1.4451920257232 1.39307844239116 1.49730560905524
40G_s_ddg 2.16672538051329 2.14066858884727 2.19278217217931
40H_s_ddg 1.06965606144318 0.991485686445115 1.14782643644124
40I_s_ddg 0.623750570862227 0.571636987530184 0.67586415419427
40K_s_ddg 1.01464511884494 0.988588327178918 1.04070191051096
40L_s_ddg 0.409721334238703 0.383664542572681 0.435778125904725
40M_s_ddg 1.11481945577176 1.06270587243972 1.1669330391038
40N_s_ddg 1.58558053866717 1.50741016366911 1.66375091366523
40P_s_ddg 3.34154923124887 2.82041339792844 7.30218156448415
40Q_s_ddg 1.95342963614028 1.82314567781017 2.10977038613641
40R_s_ddg 1.01983939437655 1.01983939437655 1.04589618604257
40S_s_ddg 1.13397413358773 1.13397413358773 1.16003092525375
40T_s_ddg 1.16515891380668 1.11304533047464 1.21727249713872
40V_s_ddg 0.276026390108309 0.249969598442287 0.276026390108309
40W_s_ddg 2.19696295481043 2.14484937147839 2.24907653814247
40Y_s_ddg 1.85711035954686 1.83105356788084 1.9092239428789
41A_s_ddg 0.866430272560012 0.866430272560012 0.892487064226034
41C_s_ddg 1.34056343451718 1.28844985118514 1.39267701784922
41D_s_ddg 0.880072218218374 0.801901843220309 0.958242593216439
41E_s_ddg 1.1214388753888 1.09538208372278 1.17355245872084
41F_s_ddg 1.57399301237082 1.44370905404071 1.70427697070093
41G_s_ddg 0.556010970790226 0.556010970790226 0.582067762456248
41I_s_ddg 3.0098062515427 2.14993212656399 6.97043858477798
41K_s_ddg 0.0932517667048518 0.0932517667048518 0.0932517667048518
41L_s_ddg 1.52282463672239 1.49676784505637 1.54888142838841
41M_s_ddg 1.20085574256871 1.14874215923667 1.27902611756677
41N_s_ddg -0.280164787767217 -0.306221579433239 -0.254107996101195
41P_s_ddg 2.89671192227983 2.53191683895553 3.91292679725467
41Q_s_ddg 0.532380328255849 0.506323536589827 0.558437119921871
41R_s_ddg 0.138299359494846 0.138299359494846 0.164356151160868
41S_s_ddg 0.94929321222245 0.897179628890407 1.00140679555449
41T_s_ddg 1.94682405490451 1.8165400965744 2.10316480490064
41V_s_ddg 2.48111832863937 2.29872078697722 2.71562945363356
41W_s_ddg 1.49613291595596 1.47007612428994 1.548246499288
41Y_s_ddg 1.32890480472551 1.27679122139347 1.38101838805755
42A_s_ddg 1.72220800426575 1.69615121259973 1.72220800426575
42C_s_ddg 2.11650235096048 1.96016160096435 2.29889989262263
42D_s_ddg 0.928497302339691 0.876383719007648 0.980610885671734
42E_s_ddg 0.941503183303495 0.915446391637473 0.941503183303495
42F_s_ddg 2.1363626469802 1.98002189698407 2.31876018864235
42H_s_ddg 1.29024603052914 1.18601886386505 1.39447319719323
42I_s_ddg 3.56680014284898 2.29001735121392 7.52743247608426
42K_s_ddg 1.03073511081121 1.00467831914519 1.03073511081121
42L_s_ddg 2.02290857085912 1.97079498752708 2.04896536252514
42M_s_ddg 1.48889240231229 1.43677881898025 1.48889240231229
42P_s_ddg 3.0076216146211 2.61676973963078 3.89355253126583
42Q_s_ddg 1.06782181165275 1.06782181165275 1.09387860331877
42R_s_ddg 1.40195409509332 1.3758973034273 1.42801088675934
42S_s_ddg 1.27631389222844 1.25025710056242 1.27631389222844
42T_s_ddg 2.46618697598011 2.28378943431796 2.7006981009743
42V_s_ddg 2.14724824413738 2.14724824413738 2.14724824413738
42W_s_ddg 1.89843866895471 1.89843866895471 1.92449546062073
42Y_s_ddg 1.92551702904946 1.69100590405527 2.2121417373757
43A_s_ddg 0.123090207000078 0.123090207000078 0.123090207000078
43C_s_ddg 0.109307877629237 0.109307877629237 0.109307877629237
43D_s_ddg 0.586762747718516 0.560705956052494 0.612819539384538
43E_s_ddg 0.201994179402023 0.175937387736001 0.228050971068045
43F_s_ddg 0.550018035581369 0.550018035581369 0.550018035581369
43G_s_ddg 1.08454179013564 1.08454179013564 1.08454179013564
43H_s_ddg 0.254200811319016 0.254200811319016 0.254200811319016
43I_s_ddg 0.742304297219955 0.742304297219955 0.768361088885977
43K_s_ddg -0.437430129805829 -0.437430129805829 -0.437430129805829
43L_s_ddg 0.397434184518949 0.397434184518949 0.397434184518949
43M_s_ddg 0.304763714652108 0.304763714652108 0.33082050631813
43N_s_ddg -0.10000549475702 -0.126062286423042 -0.0739487030909984
43P_s_ddg 2.59996973047036 2.54785614713832 2.67814010546842
43R_s_ddg -0.3056797135432 -0.3056797135432 -0.3056797135432
43S_s_ddg 0.347664758453804 0.347664758453804 0.347664758453804
43T_s_ddg 0.362502572256409 0.362502572256409 0.388559363922431
43V_s_ddg 0.093736785160839 0.093736785160839 0.093736785160839
43W_s_ddg 1.2624318471771 1.2624318471771 1.28848863884312
43Y_s_ddg 0.557697413285908 0.531640621619886 0.58375420495193
44A_s_ddg 0.589201773276332 0.589201773276332 0.589201773276332
44C_s_ddg 0.208873145975217 0.208873145975217 0.234929937641239
44D_s_ddg 1.34822345476399 1.34822345476399 1.37428024643001
44E_s_ddg -0.212778383555515 -0.212778383555515 -0.212778383555515
44F_s_ddg 0.700339729372479 0.700339729372479 0.726396521038501
44G_s_ddg 1.96133929652079 1.93528250485477 1.98739608818681
44H_s_ddg 0.643146148884125 0.617089357218103 0.669202940550147
44I_s_ddg -0.110960747655828 -0.110960747655828 -0.0849039559898064
44K_s_ddg 0.250415414982076 0.250415414982076 0.250415414982076
44L_s_ddg 0.538117449830062 0.538117449830062 0.538117449830062
44M_s_ddg 0.19891866061494 0.172861868948918 0.19891866061494
44N_s_ddg 0.879432002024872 0.879432002024872 0.879432002024872
44P_s_ddg 2.3715141468663 2.31940056353426 2.42362773019834
44Q_s_ddg 0.00775605779448492 0.00775605779448492 0.00775605779448492
44R_s_ddg 0.656977104362324 0.656977104362324 0.656977104362324
44S_s_ddg 0.33054393809088 0.33054393809088 0.33054393809088
44V_s_ddg -0.348478101785373 -0.348478101785373 -0.348478101785373
44W_s_ddg 1.23819507514699 1.23819507514699 1.26425186681301
44Y_s_ddg 0.375202631336643 0.375202631336643 0.401259423002665
45A_s_ddg 2.10058534143541 2.07452854976939 2.10058534143541
45C_s_ddg 2.06353887305243 2.03748208138641 2.06353887305243
45D_s_ddg 2.03789530672281 2.01183851505679 2.06395209838883
45E_s_ddg 2.32485694889323 2.29880015722721 2.35091374055925
45F_s_ddg 1.9679276302144 1.9679276302144 1.9679276302144
45H_s_ddg 2.40216358069449 2.2979364140304 2.50639074735858
45I_s_ddg 1.96835674850377 1.91624316517173 2.02047033183581
45K_s_ddg 2.43281756714278 2.38070398381074 2.48493115047482
45L_s_ddg 2.09661265478593 2.09661265478593 2.12266944645195
45M_s_ddg 2.26213092392605 2.21001734059401 2.31424450725809
45N_s_ddg 2.34987053605177 2.27170016105371 2.42804091104983
45P_s_ddg 2.70128771485601 2.54494696485988 2.88368525651816
45Q_s_ddg 2.53444976370091 2.48233618036887 2.58656334703295
45R_s_ddg 2.23754637409015 2.21148958242413 2.26360316575617
45S_s_ddg 2.07306648685183 2.04700969518581 2.07306648685183
45T_s_ddg 2.4653620235866 2.41324844025456 2.51747560691864
45V_s_ddg 1.91569204179963 1.88963525013361 1.91569204179963
45W_s_ddg 2.34706949834498 2.32101270667896 2.373126290011
45Y_s_ddg 2.5163191488249 2.43814877382684 2.59448952382296
46A_s_ddg 0.655028283547106 0.655028283547106 0.655028283547106
46C_s_ddg 0.477949541823125 0.477949541823125 0.477949541823125
46D_s_ddg 1.50982499904046 1.48376820737444 1.5619385823725
46E_s_ddg 0.965685558972628 0.939628767306606 0.965685558972628
46F_s_ddg 0.161565408641532 0.13550861697551 0.187622200307554
46G_s_ddg 0.793410322274052 0.793410322274052 0.793410322274052
46H_s_ddg 0.635747664202601 0.557577289204536 0.687861247534644
46I_s_ddg -0.18370999732676 -0.209766788992782 -0.18370999732676
46K_s_ddg -0.19386581916294 -0.19386581916294 -0.167809027496918
46L_s_ddg 0.0741756532308599 0.0741756532308599 0.0741756532308599
46N_s_ddg 0.738288493981793 0.68617491064975 0.790402077313836
46P_s_ddg 2.06204151346122 1.98387113846316 2.16626868012531
46Q_s_ddg 0.548303072948157 0.548303072948157 0.574359864614179
46R_s_ddg -0.50791055890692 -0.50791055890692 -0.481853767240899
46S_s_ddg 0.459019977186586 0.432963185520564 0.459019977186586
46T_s_ddg 0.347431005350551 0.347431005350551 0.347431005350551
46V_s_ddg -0.0950140428886096 -0.0950140428886096 -0.0950140428886096
46W_s_ddg -0.510820265570839 -0.510820265570839 -0.484763473904817
46Y_s_ddg 0.0719120600954361 0.0458552684294145 0.124025643427479
47A_s_ddg 2.29755499876285 2.21938462376479 2.40178216542694
47C_s_ddg 2.39802071560131 2.2677367572712 2.55436146559744
47D_s_ddg 2.45732913908645 2.09253405576215 3.08269213907097
47E_s_ddg 2.53372210963373 2.42949494296964 2.63794927629782
47G_s_ddg 2.3102012238466 2.28414443218058 2.33625801551262
47I_s_ddg 1.4679993089148 1.4679993089148 1.49405610058082
47K_s_ddg 2.32957159227134 2.22534442560725 2.43379875893543
47L_s_ddg 2.04285632250407 2.01679953083805 2.06891311417009
47M_s_ddg 2.27408819705673 2.22197461372469 2.35225857205479
47N_s_ddg 2.64473568324247 2.2017702249201 3.63489376655129
47P_s_ddg 2.68137922849671 2.16024339517628 6.64201156173199
47Q_s_ddg 2.37398364714148 2.21764289714535 2.55638118880363
47R_s_ddg 2.52943061101015 2.45126023601209 2.60760098600821
47S_s_ddg 2.34297035025635 2.26479997525829 2.42114072525441
47T_s_ddg 2.68190525889819 2.42133734223797 3.12487071722056
47V_s_ddg 1.77736816587481 1.75131137420879 1.77736816587481
47W_s_ddg 1.83798196252977 1.81192517086375 1.83798196252977
47Y_s_ddg 2.21059998582475 2.10637281916066 2.31482715248884
48A_s_ddg 1.44917482969007 1.44917482969007 1.47523162135609
48D_s_ddg 0.772359071646409 0.720245488314366 0.824472654978452
48E_s_ddg 1.73737105465176 1.68525747131972 1.7894846379838
48F_s_ddg 1.77214173461241 1.66791456794832 1.8763689012765
48G_s_ddg 1.9258542218599 1.9258542218599 1.9258542218599
48H_s_ddg 0.0200613537113186 -0.00599543795470297 0.0200613537113186
48I_s_ddg 2.4246355145191 2.19012438952491 2.73731701451136
48L_s_ddg 1.12616322407585 1.10010643240983 1.12616322407585
48M_s_ddg 0.98510330779963 0.932989724467587 1.03721689113167
48N_s_ddg 0.483231078599109 0.483231078599109 0.535344661931152
48Q_s_ddg 0.94207080395413 0.889957220622087 0.994184387286173
48R_s_ddg 0.58139322095031 0.58139322095031 0.607450012616332
48S_s_ddg 1.1059124906721 1.07985569900608 1.13196928233812
48T_s_ddg 2.30843605948981 2.20420889282572 2.43872001781992
48V_s_ddg 2.2568022070222 2.17863183202414 2.33497258202026
48W_s_ddg 1.43093966897217 1.40488287730615 1.45699646063819
48Y_s_ddg 1.23441450696836 1.18230092363632 1.2865280903004
49A_s_ddg -0.728547555718404 -0.754604347384426 -0.702490764052382
49C_s_ddg 0.110895133106236 0.110895133106236 0.110895133106236
49F_s_ddg 1.29988224112868 1.27382544946266 1.3259390327947
49G_s_ddg 0.713510157917074 0.713510157917074 0.713510157917074
49H_s_ddg 1.18954951801909 1.16349272635307 1.21560630968511
49K_s_ddg -0.235765569030619 -0.235765569030619 -0.209708777364597
49L_s_ddg 1.35143803046823 1.32538123880221 1.37749482213425
49N_s_ddg 0.904146534280326 0.852032950948283 0.956260117612369
49P_s_ddg 0.0186540829006596 -0.00740270876536196 0.0447108745666812
49Q_s_ddg 0.717259897023995 0.717259897023995 0.717259897023995
49S_s_ddg -0.657266221590682 -0.657266221590682 -0.63120942992466
49T_s_ddg 0.263400437220096 0.263400437220096 0.263400437220096
49V_s_ddg 0.0166897781275474 0.0166897781275474 0.0166897781275474
49Y_s_ddg 1.25277491545959 1.22671812379357 1.25277491545959
4A_s_ddg 1.0513686121756 1.0513686121756 1.0513686121756
4C_s_ddg 0.409886609197282 0.409886609197282 0.409886609197282
4D_s_ddg 2.67869460511829 2.49629706345614 2.91320573011248
4E_s_ddg 0.365541108954749 0.365541108954749 0.365541108954749
4F_s_ddg 1.13344106010541 1.10738426843939 1.15949785177143
4G_s_ddg 2.35658829359717 2.30447471026513 2.38264508526319
4H_s_ddg 1.13329113138965 1.13329113138965 1.15934792305567
4I_s_ddg 0.646250682541841 0.620193890875819 0.672307474207863
4K_s_ddg 0.033602583050097 0.033602583050097 0.033602583050097
4L_s_ddg 0.415971688468741 0.415971688468741 0.415971688468741
4M_s_ddg 0.428952255354777 0.428952255354777 0.455009047020799
4N_s_ddg 1.95017089496143 1.89805731162939 2.00228447829347
4P_s_ddg 2.44835666942806 2.39624308609602 2.5004702527601
4R_s_ddg 0.00109904869867073 0.00109904869867073 0.00109904869867073
4S_s_ddg 1.34163623783395 1.31557944616793 1.36769302949997
4T_s_ddg 0.549977661669139 0.549977661669139 0.576034453335161
4V_s_ddg 0.135100832721712 0.135100832721712 0.161157624387734
4W_s_ddg 1.27060334329578 1.27060334329578 1.2966601349618
4Y_s_ddg 0.852601121368292 0.82654432970227 0.878657913034314
50A_s_ddg -0.480178105972587 -0.480178105972587 -0.454121314306565
50C_s_ddg -0.281197055316024 -0.307253846982046 -0.281197055316024
50D_s_ddg -0.0601894908840675 -0.0862462825500891 -0.0341326992180459
50E_s_ddg -0.55618568259934 -0.55618568259934 -0.55618568259934
50F_s_ddg 0.565728357075331 0.539671565409309 0.591785148741353
50G_s_ddg -0.215602549775235 -0.215602549775235 -0.215602549775235
50H_s_ddg -0.102454460521745 -0.206681627185831 0.00177270614234125
50I_s_ddg 0.308128264909835 0.308128264909835 0.334185056575857
50K_s_ddg -0.5720169386934 -0.5720169386934 -0.5720169386934
50L_s_ddg 0.163947930647792 0.163947930647792 0.163947930647792
50M_s_ddg 0.209352957705073 0.209352957705073 0.209352957705073
50Q_s_ddg -0.1865304957187 -0.212587287384722 -0.1865304957187
50R_s_ddg -0.385587160950321 -0.385587160950321 -0.385587160950321
50S_s_ddg -0.605489698976675 -0.605489698976675 -0.579432907310653
50T_s_ddg -0.179080836282811 -0.179080836282811 -0.153024044616789
50V_s_ddg -0.0675179779797189 -0.0675179779797189 -0.0675179779797189
50W_s_ddg -0.176980996520339 -0.176980996520339 -0.176980996520339
50Y_s_ddg 0.327778567407199 0.327778567407199 0.327778567407199
51C_s_ddg 0.387716186250829 0.361659394584807 0.387716186250829
51E_s_ddg 2.25506060709976 2.1768902321017 2.33323098209782
51F_s_ddg 0.2170615433946 0.191004751728578 0.243118335060622
51G_s_ddg 1.59292746270424 1.56687067103822 1.61898425437026
51H_s_ddg 0.27044528866001 0.244388496993988 0.322558871992053
51L_s_ddg -0.290803305652845 -0.290803305652845 -0.290803305652845
51M_s_ddg 0.131437402292009 0.131437402292009 0.157494193958031
51N_s_ddg 1.2334813281274 1.18136774479536 1.28559491145944
51R_s_ddg 0.0393484983793709 0.0393484983793709 0.0393484983793709
51T_s_ddg 0.959895932930017 0.959895932930017 0.959895932930017
51V_s_ddg 0.458438198220256 0.458438198220256 0.458438198220256
51W_s_ddg 0.49656480751374 0.49656480751374 0.49656480751374
52A_s_ddg 1.03590417464543 1.00984738297941 1.06196096631145
52D_s_ddg 2.05903761525626 2.00692403192422 2.13720799025432
52F_s_ddg 2.15036211582966 2.04613494916557 2.28064607415977
52G_s_ddg 2.22196076702839 2.1177336003643 2.32618793369248
52I_s_ddg 1.04680542730593 1.04680542730593 1.04680542730593
52R_s_ddg 2.60879276565175 2.32216805732551 3.12992859897218
52W_s_ddg 2.16430926789125 1.90374135123103 2.52910435121555
53A_s_ddg 0.115176448195006 0.0891196565289844 0.141233239861028
53I_s_ddg 0.195781951394425 0.195781951394425 0.195781951394425
53S_s_ddg 0.311919691951507 0.311919691951507 0.337976483617529
54H_s_ddg 0.296179969539925 0.296179969539925 0.322236761205947
54S_s_ddg 0.0607640761959745 0.0347072845299529 0.0868208678619961
54T_s_ddg 0.276666235071412 0.25060944340539 0.302723026737434
55A_s_ddg 0.346173005144488 0.320116213478466 0.37222979681051
55E_s_ddg 0.341349192888826 0.315292401222804 0.367405984554848
55M_s_ddg -0.167249136268899 -0.193305927934921 -0.167249136268899
5C_s_ddg 2.29924182220465 2.22107144720659 2.37741219720271
5D_s_ddg 1.9563985697196 1.90428498638756 2.00851215305164
5E_s_ddg 2.55428478691027 2.50217120357823 2.60639837024231
5F_s_ddg 3.51852013939968 3.07555468107731 5.29038197268915
5G_s_ddg 1.43077381686983 1.43077381686983 1.45683060853585
5H_s_ddg 2.3680974666666 2.26387030000251 2.47232463333069
5I_s_ddg 2.90643289869706 2.64586498203684 3.27122798202136
5K_s_ddg 2.50894231869104 2.43077194369298 2.5871126936891
5L_s_ddg 2.61390133234191 2.53573095734385 2.69207170733997
5M_s_ddg 2.48358626659161 2.37935909992752 2.5878134332557
5N_s_ddg 2.5743463151089 2.47011914844481 2.67857348177299
5P_s_ddg 2.42590723226555 2.37379364893351 2.47802081559759
5Q_s_ddg 2.46072126252172 2.38255088752366 2.56494842918581
5R_s_ddg 2.65721216358179 2.60509858024975 2.70932574691383
5S_s_ddg 1.84549343248894 1.81943664082292 1.84549343248894
5T_s_ddg 2.14714492157456 2.14714492157456 2.17320171324058
5V_s_ddg 2.24830135588679 2.19618777255475 2.30041493921883
5W_s_ddg 2.65798162273773 2.57981124773967 2.73615199773579
5Y_s_ddg 2.59823218593221 2.41583464427006 2.8327433109264
6F_s_ddg 1.91206538583677 1.83389501083871 1.99023576083483
6H_s_ddg 1.13721706925146 1.11116027758544 1.1893306525835
6I_s_ddg 0.158501717385275 0.132444925719253 0.184558509051297
6P_s_ddg 1.95259504016463 1.58779995684033 2.55190124848313
6R_s_ddg 0.490665534329505 -3.46996679890577 4.45129786756478
6S_s_ddg 3.28047900070086 1.69101470907354 7.24111133393614
7A_s_ddg 0.156243446723779 0.130186655057757 0.182300238389801
7C_s_ddg -0.0562054686330657 -0.0822622602990873 -0.0301486769670441
7D_s_ddg 0.580236773214681 0.449952814884573 0.710520731544789
7E_s_ddg 0.202467075741458 0.176410284075436 0.22852386740748
7G_s_ddg 1.07875379731409 1.07875379731409 1.10481058898011
7H_s_ddg -0.433990352251797 -0.642444685579969 -0.251592810589646
7I_s_ddg 0.391427332514905 0.391427332514905 0.391427332514905
7K_s_ddg -0.184714440484094 -0.210771232150116 -0.158657648818072
7L_s_ddg 0.287855757766677 0.287855757766677 0.287855757766677
7M_s_ddg 0.135127783879498 0.0830142005474549 0.187241367211541
7N_s_ddg 0.424136938811898 0.345966563813833 0.502307313809963
7P_s_ddg 5.13062578815661 3.56721828819532 9.09125812139189
7Q_s_ddg -0.00931977886512372 -0.0614333621971668 0.0427938044669194
7R_s_ddg -0.148659989235728 -0.17471678090175 -0.122603197569706
7S_s_ddg 0.392931708716471 0.366874917050449 0.418988500382493
7T_s_ddg 0.448072994819944 0.422016203153922 0.500186578151987
7V_s_ddg 0.143212668818751 0.117155877152729 0.169269460484773
7W_s_ddg 0.501046946131006 0.474990154464984 0.527103737797028
7Y_s_ddg 0.193444909594957 0.193444909594957 0.219501701260979
8A_s_ddg 1.6100357680168 1.58397897635078 1.6100357680168
8C_s_ddg 2.20542120569669 2.12725083069863 2.28359158069475
8E_s_ddg 1.50379420698406 1.50379420698406 1.50379420698406
8F_s_ddg 2.50007503687967 2.34373428688354 2.70852937020784
8G_s_ddg 1.80896880652661 1.80896880652661 1.83502559819263
8H_s_ddg 1.52003385624353 1.44186348124547 1.59820423124159
8I_s_ddg 3.03004166825686 2.7173601682646 3.55117750157729
8K_s_ddg 1.97919118107003 1.92707759773799 2.05736155606809
8L_s_ddg 2.68154252417747 2.57731535751338 2.81182648250758
8M_s_ddg 2.60816921299451 2.4778852546644 2.79056675465666
8N_s_ddg 0.709837447484883 0.709837447484883 0.735894239150905
8P_s_ddg 2.09625858048115 1.93991783048502 2.2786561221433
8Q_s_ddg 1.74372096423959 1.66555058924153 1.82189133923765
8R_s_ddg 2.23584676217664 2.1837331788446 2.28796034550868
8S_s_ddg 1.29423935270247 1.29423935270247 1.32029614436849
8T_s_ddg 1.15752582773122 1.10541224439918 1.20963941106326
8V_s_ddg 2.18840732218494 2.1362937388529 2.21446411385096
8W_s_ddg 2.71912839515994 2.58884443682983 2.90152593682209
8Y_s_ddg 1.80878244000706 1.730612065009 1.88695281500512
9A_s_ddg 1.48474475717144 1.45868796550542 1.53685834050348
9C_s_ddg 0.957490150105713 0.90537656677367 1.00960373343776
9D_s_ddg 3.02064083497839 2.62978895998807 3.72417420996097
9E_s_ddg 2.70901726581672 2.37027897415844 3.38649384913328
9G_s_ddg 2.43034602857833 2.35217565358027 2.50851640357639
9H_s_ddg -0.266218234700809 -0.396502193030917 -0.135934276370701
9I_s_ddg 1.84215868099244 1.7900450976604 1.89427226432448
9K_s_ddg 1.09885147100596 1.0206810960079 1.17702184600402
9L_s_ddg 1.05733858892171 1.03128179725569 1.08339538058773
9M_s_ddg 1.43258621820918 1.35441584321112 1.51075659320724
9N_s_ddg 0.759325361141546 0.629041402811438 0.889609319471654
9P_s_ddg 3.06933974252488 2.60031749253649 7.02997207576016
9Q_s_ddg 1.26830142484739 1.19013104984933 1.34647179984545
9R_s_ddg -0.00948184506169664 -0.0355386367277182 0.0165749466043249
9S_s_ddg 1.12599767398164 1.09994088231562 1.12599767398164
9T_s_ddg 2.26781774403994 2.03330661904575 2.5804992440322
9V_s_ddg 0.554881942101633 0.528825150435611 0.580938733767655
9W_s_ddg 0.220545394132321 0.194488602466299 0.246602185798343
9Y_s_ddg -0.547907449415035 -0.573964241081057 -0.495793866082992
49W_s_ddg 1.65032384173904 1.62426705007302 1.65032384173904
51A_s_ddg 0.0889781338153533 0.0889781338153533 0.0889781338153533
51S_s_ddg 0.816841460941354 0.816841460941354 0.816841460941354
52S_s_ddg 2.4669043414369 2.31056359144077 2.70141546643109
53H_s_ddg 0.15667811373851 0.15667811373851 0.182734905404532
53R_s_ddg -0.323042779797214 -0.349099571463236 -0.323042779797214
54G_s_ddg 0.14706038048093 0.14706038048093 0.173117172146952
54L_s_ddg 0.282752849254571 0.282752849254571 0.308809640920593
54Q_s_ddg 0.169048178506222 0.116934595174179 0.221161761838265
54V_s_ddg 0.0568825418609619 0.0308257501949403 0.0829393335269835
48C_s_ddg 1.57509650552921 1.52298292219717 1.62721008886125
49E_s_ddg 1.33377372560863 1.30771693394261 1.35983051727465
53L_s_ddg 0.391365012816832 0.36530822115081 0.417421804482854
53P_s_ddg 2.49778849019061 2.39356132352652 2.62807244852072
54R_s_ddg 0.569225942529557 0.569225942529557 0.595282734195579
56G_s_ddg 0.430939694434612 0.40488290276859 0.456996486100634
56I_s_ddg 0.260708368552049 0.260708368552049 0.260708368552049
56M_s_ddg 0.535087328357641 0.482973745025598 0.587200911689684
56R_s_ddg 0.371840182689666 0.345783391023644 0.397896974355688
56Y_s_ddg 0.416523291187083 0.390466499521061 0.442580082853105
48K_s_ddg 0.716720644451345 0.690663852785323 0.716720644451345
49D_s_ddg 2.72453592297704 2.54213838131489 2.95904704797123
49M_s_ddg 0.495943984243491 0.495943984243491 0.522000775909513
50P_s_ddg 0.561404294573302 0.561404294573302 0.561404294573302
51D_s_ddg 2.74592866723516 2.38113358391086 3.52763241721581
51I_s_ddg 0.57610495814956 0.550048166483538 0.628218541481603
51K_s_ddg -0.0577235412344306 -0.0837803329004522 -0.0577235412344306
51P_s_ddg 2.69282968471019 2.51043214304804 2.92734080970438
51Q_s_ddg 1.23499984427908 1.20894305261306 1.28711342761112
52T_s_ddg 0.251639010254251 0.173468635256186 0.329809385252316
53D_s_ddg 1.15933029772095 1.10721671438891 1.21144388105299
53E_s_ddg 0.0663765129431639 0.0403197212771423 0.0924333046091855
53F_s_ddg 0.376086123354576 0.323972540022533 0.428199706686619
53G_s_ddg -0.0164434052190005 -0.0425001968850221 -0.0164434052190005
53K_s_ddg -0.610497655922056 -0.636554447588078 -0.610497655922056
53N_s_ddg 0.66345158360155 0.637394791935528 0.689508375267572
53V_s_ddg 0.0847208615256994 0.0586640698596778 0.110777653191721
53W_s_ddg 0.298267534686405 0.272210743020383 0.324324326352427
53Y_s_ddg 0.570002912791763 0.543946121125741 0.596059704457785
54A_s_ddg 0.145405215966626 0.145405215966626 0.171462007632648
54C_s_ddg 0.650988823008879 0.624932031342857 0.677045614674901
54E_s_ddg -0.114720462698455 -0.166834046030498 -0.0626068793664119
54F_s_ddg 0.31999568842515 0.293938896759128 0.346052480091172
54M_s_ddg 0.500865638865159 0.448752055533116 0.552979222197202
54W_s_ddg 0.458896917696037 0.458896917696037 0.484953709362059
54Y_s_ddg 0.407277182432384 0.355163599100341 0.433333974098406
55C_s_ddg 0.378935023016256 0.326821439684213 0.431048606348299
55L_s_ddg -0.328964955789803 -0.355021747455825 -0.302908164123781
55N_s_ddg -0.299685039381888 -0.403912206045974 -0.195457872717802
55R_s_ddg 0.162857940210438 0.136801148544416 0.18891473187646
55S_s_ddg 0.0726729292559505 0.0205593459239074 0.124786512587994
55T_s_ddg 0.12972250220842 0.0776089188763769 0.181836085540463
55W_s_ddg -0.217963905298032 -0.244020696964054 -0.19190711363201
55Y_s_ddg 0.110360504519172 0.0582469211871289 0.162474087851215
56K_s_ddg 0.361472907914336 0.335416116248314 0.387529699580358
56L_s_ddg 0.434100628568813 0.408043836902791 0.434100628568813
56P_s_ddg 0.205846647977649 0.127676272979584 0.284017022975714
56S_s_ddg 0.22852324138138 0.202466449715358 0.22852324138138
56T_s_ddg 0.108214230345524 0.0300438553474593 0.186384605343589
56V_s_ddg 0.18411075436072 0.158053962694698 0.18411075436072
55G_s_ddg 0.0213310714691431 -0.00472572019687846 0.0473878631351647
55I_s_ddg -0.176529412332423 -0.228642995664466 -0.12441582900038
54I_s_ddg 0.0299863497369301 -0.022127233595113 0.0820999330689732
52M_s_ddg 2.66791316810716 2.27706129311684 3.52778729308587
53Q_s_ddg -0.0496479347862898 -0.101761518118333 0.00246564854575333
56W_s_ddg 0.45632719448745 0.430270402821428 0.482383986153472
52C_s_ddg 0.575739836072361 0.497569461074296 0.653910211070426
55Q_s_ddg 0.12961456325413 0.0514441882560653 0.181728146586173
49I_s_ddg 1.18759260720094 1.1354790238689 1.23970619053298
54N_s_ddg -0.162286010140208 -0.214399593472251 -0.110172426808165
52L_s_ddg 2.31826488097964 2.13586733931749 2.52671921430781
56A_s_ddg 0.303507364646046 0.277450572980024 0.355620947978089
56F_s_ddg 0.82413134369008 0.772017760358037 0.876244927022123
52N_s_ddg 2.26362290176199 1.97699819343575 2.70658836008436
52Y_s_ddg 2.4698666023069 2.18324189398066 3.01705922729335
53C_s_ddg 0.374172251051401 0.348115459385379 0.400229042717423
56Q_s_ddg 0.708931249222514 0.630760874224449 0.761044832554557
47H_s_ddg 2.79407159509548 2.0905382201129 6.75470392833076
56D_s_ddg -0.284264563747984 -0.336378147080027 -0.232150980415941
56H_s_ddg 0.241974822863757 0.189861239531714 0.2940884061958
55P_s_ddg 0.0884135444941264 0.0102431694960617 0.166583919492191
52E_s_ddg 2.54723899760922 2.18244391428492 3.30288595592385
39H_s_ddg 0.254572573244741 0.0461182399165685 0.41091332324087
52K_s_ddg 2.37467150878464 2.03593321712636 2.92186413377109
53M_s_ddg -0.0274678824278656 -0.0535246740938872 -0.00141109076184404
55H_s_ddg 0.548476491857851 0.418192533527743 0.678760450187959
55D_s_ddg 0.075851037179984 -0.0283761294841023 0.18007820384407
52P_s_ddg 3.583558770918 3.19270689592768 4.5476600625608
54K_s_ddg 0.594129492182604 0.568072700516582 0.646243075514647
56E_s_ddg -0.28482129196613 -0.336934875298173 -0.232707708634087
54D_s_ddg -0.283012492400547 -0.33512607573259 -0.230898909068504
56C_s_ddg 0.638339474988271 0.586225891656228 0.664396266654293
52H_s_ddg 2.64911059720787 1.94557722222529 6.60974293044315
55F_s_ddg 0.247347708634525 0.117063750304417 0.377631666964633
42N_s_ddg 0.61158954451986 0.481305586189752 0.741873502849968
55K_s_ddg 0.0907243947847933 0.0125540197867286 0.168894769782858
52Q_s_ddg 3.60892640584168 2.43637078087071 7.56955873907696
12N_s_ddg 1.7773656216481 -0.255064128301582 5.73799795488338
10E_b_ddg 0.462281412041197 0.0490905208892208 1.16152753552916
10G_b_ddg -0.0598217678855106 -0.0598217678855106 -0.0280378531815124
10N_b_ddg -0.136146240795254 -0.19971407020325 -0.0725784113872577
10V_b_ddg 0.195823047834705 0.164039133130707 0.227606962538703
11A_b_ddg 0.0166417995231942 -0.015142115180804 0.0484257142271924
11H_b_ddg -0.00886302311363597 -0.231350426041623 0.181840465110353
11L_b_ddg 0.0327849816828932 -0.0943506771330995 0.159920640498886
11R_b_ddg 0.158865330783972 0.127081416079974 0.19064924548797
11S_b_ddg -0.0616830043348913 -0.125250833742888 0.00188482507310504
11T_b_ddg 0.0498829421041712 -0.0136848873038251 0.113450771512168
12E_b_ddg 0.418557097580442 0.354989268172446 0.482124926988438
12H_b_ddg 0.653575781843954 0.590007952435958 0.71714361125195
12K_b_ddg -0.604878201773439 -1.04985300762941 0.221503580530513
12L_b_ddg 0.437232061243167 0.437232061243167 0.469015975947165
12R_b_ddg -0.143713029034809 -0.175496943738807 -0.111929114330811
13D_b_ddg -0.389263213146812 -0.42104712785081 -0.357479298442814
13G_b_ddg -0.701212074182618 -0.955483391814603 -0.446940756550633
13K_b_ddg 0.564986516997659 0.533202602293661 0.596770431701657
13Q_b_ddg 0.54342235360712 0.511638438903122 0.54342235360712
13V_b_ddg 1.2497032364345 1.15435149232251 1.34505498054649
14E_b_ddg 2.23185975584564 2.07294018232565 2.45434715877363
14G_b_ddg 1.53658194206544 1.40944628324945 1.66371760088143
14N_b_ddg 1.058702526362 1.026918611658 1.090486441066
14V_b_ddg 0.0670587312530551 0.0352748165490569 0.0988426459570533
14Y_b_ddg 0.153907172264854 0.0903393428568577 0.21747500167285
15A_b_ddg 0.0493554529615361 -0.0142123764464602 0.112923282369532
15E_b_ddg 0.21010580769246 0.21010580769246 0.21010580769246
15R_b_ddg -0.00456622571610122 -0.0363501404200994 0.0272176889878969
15V_b_ddg 1.23606124629388 0.918222099253898 1.77638779626185
16A_b_ddg 0.115866573185543 0.0522987437775467 0.179434402593539
16D_b_ddg 1.34680784141026 1.21967218259427 1.47394350022625
16G_b_ddg 1.71991446554206 1.59277880672607 1.84705012435805
16K_b_ddg 2.23737669484224 0.0442865802663666 7.06853172984996
16V_b_ddg 1.68939779001334 1.56226213119735 1.84831736353333
17M_b_ddg 2.42355435550408 2.16928303787209 2.86852916136005
17P_b_ddg 2.27395804839069 1.95611890135071 2.84606851306266
17Q_b_ddg 2.13311102972078 1.97419145620079 2.35559843264877
17R_b_ddg 0.35118645724503 0.319402542541032 0.414754286653026
17V_b_ddg 0.993030609163067 0.897678865051072 1.12016626797906
18A_b_ddg 1.30300039095561 1.11229690273162 1.5572717085876
18C_b_ddg 2.76753287250203 0.606226672630154 7.59868790750975
18D_b_ddg -0.251449388588374 -0.346801132700368 -0.187881559180378
18S_b_ddg 4.42463161485066 2.19975758557079 9.25578664985838
18V_b_ddg 0.25893767683038 0.25893767683038 0.25893767683038
19I_b_ddg -0.132053858635368 -0.163837773339366 -0.10026994393137
19L_b_ddg 0.243187994694335 0.243187994694335 0.243187994694335
19S_b_ddg 0.199931713051852 0.168147798347854 0.199931713051852
19Y_b_ddg -0.0720060262110528 -0.135573855619049 -0.00843819680305646
1A_b_ddg -0.0632039916247889 -0.0632039916247889 -0.0314200769207907
1I_b_ddg 1.12660898074587 0.904121577817883 1.44444812778585
1K_b_ddg 0.681858251030301 0.554722592214308 0.808993909846294
1P_b_ddg 0.0249192656804526 -0.00686464902354557 0.0567031803844508
1R_b_ddg 0.0784285599724102 0.0784285599724102 0.0784285599724102
1S_b_ddg 0.0624538159191553 -0.0964657576008355 0.189589474735148
20C_b_ddg 0.0801491299160535 -0.0469865288999392 0.207284788732046
20G_b_ddg 0.167939269434525 0.104371440026529 0.231507098842521
20H_b_ddg 0.015933330002693 0.015933330002693 0.015933330002693
20L_b_ddg -0.215203120362674 -0.27877094977067 -0.151635290954678
20S_b_ddg 1.20254834797535 0.725789627415377 2.1242818743913
21G_b_ddg -0.110059199252246 -0.110059199252246 -0.110059199252246
21L_b_ddg -0.182836678245241 -0.309972337061234 -0.0557010194292483
21P_b_ddg -0.102414428942549 -0.102414428942549 -0.0706305142385508
21Q_b_ddg -0.0125483701476922 -0.203251858371681 0.209939032780295
21W_b_ddg -0.240965784916486 -0.272749699620484 -0.209181870212488
22E_b_ddg 0.0360380583831303 -0.027529771024866 0.0996058877911266
22R_b_ddg 0.0693774365878207 0.0693774365878207 0.101161351291819
22V_b_ddg -0.56485288416203 -0.596636798866028 -0.501285054754034
23A_b_ddg -0.620662995270234 -0.68423082467823 -0.557095165862238
23E_b_ddg -0.250144589206789 -0.313712418614785 -0.186576759798793
23G_b_ddg 1.43810888016095 -1.86741824905486 6.26926391516867
23H_b_ddg 1.50092731431159 -1.39140892375224 6.33208234931931
23N_b_ddg -0.0864183483604551 -0.0864183483604551 -0.0864183483604551
23V_b_ddg 0.411560702352463 0.28442504353647 0.570480275872454
23Y_b_ddg 2.18826178657706 0.503714307265157 7.01941682158478
24C_b_ddg -0.661704277806449 -0.788839936622442 -0.566352533694454
24I_b_ddg -0.301466450198091 -0.396818194310085 -0.206114706086096
24L_b_ddg -0.866471636889075 -1.08895903981706 -0.675768148665086
24S_b_ddg -0.0158304457656588 -0.33366959280564 0.206656957162328
24V_b_ddg 0.0307529370028204 0.0307529370028204 0.0625368517068186
24Y_b_ddg 0.057198682536981 0.0254147678329828 0.0889825972409792
25F_b_ddg -0.275570342759784 -0.307354257463782 -0.243786428055786
25M_b_ddg 0.027809536565122 -0.0357582928428743 0.0913773659731183
25N_b_ddg -0.0653361148698828 -0.0653361148698828 -0.0653361148698828
25T_b_ddg 0.559269133554273 0.336781730626286 0.749972621778262
25V_b_ddg 0.188041538979399 -0.288717181580574 0.537664600723379
26D_b_ddg 1.13709463385494 1.00995897503895 1.29601420737493
26L_b_ddg 0.705364576747728 0.578228917931735 0.832500235563721
26N_b_ddg -0.356428574103929 -0.388212488807927 -0.324644659399931
26Q_b_ddg 1.70843236473366 0.15102054423775 6.53958739974138
26R_b_ddg 0.0489771554223556 0.0489771554223556 0.0489771554223556
26Y_b_ddg -0.100423889623743 -0.132207804327741 -0.0686399749197448
27A_b_ddg 1.75610039916071 -1.42229107123911 6.58725543416843
27D_b_ddg 0.0582934585705016 0.0582934585705016 0.0582934585705016
27G_b_ddg -0.0372242320468014 -0.0690081467507996 -0.00544031734280323
27I_b_ddg 0.0402687797656798 -0.0232990496423165 0.103836609173676
27L_b_ddg 0.141519511066214 0.0461677669542195 0.236871255178209
28I_b_ddg 0.984138188677471 0.888786444565477 1.07948993278947
28K_b_ddg 4.00265101771121 1.49172175609535 8.83380605271893
28L_b_ddg -0.0225475448202474 -0.0543314595242456 0.00923636988375077
28T_b_ddg 0.035834558406697 -0.0595171857052975 0.131186302518692
28V_b_ddg 0.0589916254434084 0.0589916254434084 0.0589916254434084
29A_b_ddg 0.0325240777859538 0.0325240777859538 0.064307992489952
29E_b_ddg 0.103150427427191 0.103150427427191 0.103150427427191
29G_b_ddg -0.257587091842523 -0.511858409474508 -0.00331577421053764
29H_b_ddg -0.191932911440267 -0.223716826144265 -0.160148996736269
29N_b_ddg -0.000688465189005315 -0.0324723798930035 0.0310954495149929
29V_b_ddg 0.24658759174393 0.183019762335934 0.310155421151926
29Y_b_ddg -0.022780777062538 -0.0545646917665362 -0.022780777062538
2C_b_ddg 0.102011849120932 0.0702279344169338 0.102011849120932
2F_b_ddg -0.805602053585924 -5.63675708859365 -0.265275503617955
2H_b_ddg -0.220044411405524 -0.28361224081352 -0.156476581997528
2N_b_ddg -0.436642301493458 -0.500210130901454 -0.373074472085462
30D_b_ddg -0.0602820540273395 -0.282769456955327 0.0986375194926513
30H_b_ddg -0.504523319010364 -0.599875063122358 -0.409171574898369
30I_b_ddg 0.0717671893476208 0.0399832746436226 0.103551104051619
30K_b_ddg -0.0939141219713038 -0.125698036675302 -0.0621302072673056
30S_b_ddg -0.043390484575797 -0.0751743992797952 -0.0116065698717988
30Y_b_ddg 0.0908592094460626 0.0272913800380663 0.154427038854059
31L_b_ddg 2.14128918149861 0.0117668963307325 6.97244421650633
31P_b_ddg 0.147697763131031 0.147697763131031 0.179481677835029
31T_b_ddg 0.0384648748961704 -0.0251029545118259 0.102032704304167
32E_b_ddg -0.00155395788029793 -0.0651217872882943 0.0620138715276984
32G_b_ddg 0.297174958674911 0.201823214562916 0.392526702786905
32N_b_ddg -0.1803319988647 -0.275683742976695 -0.0849802547527055
32V_b_ddg -0.404670881995601 -0.436454796699599 -0.372886967291603
32Y_b_ddg 0.458584184058234 0.395016354650238 0.52215201346623
33H_b_ddg 0.0140711568675975 0.0140711568675975 0.0140711568675975
33L_b_ddg 1.0884693640757 0.929549790555709 1.31095676700369
33R_b_ddg 1.23327631109082 1.10614065227483 1.36041196990681
33S_b_ddg 0.263599423324977 0.231815508620979 0.295383338028975
33T_b_ddg 0.844168172095788 0.717032513279795 0.971303830911781
34D_b_ddg 0.691704180001671 0.596352435889676 0.787055924113666
34I_b_ddg 2.10368689894265 -0.439026277377204 6.93484193395037
34K_b_ddg 0.0899162993869009 0.0581323846829027 0.121700214090899
34S_b_ddg -0.190458955099278 -0.222242869803276 -0.15867504039528
34Y_b_ddg 2.73384164808667 0.890374595254776 7.56499668309439
35C_b_ddg 0.100838717393929 0.0690548026899308 0.132622632097927
35G_b_ddg 0.0963802163587187 0.0645963016547205 0.128164131062717
35L_b_ddg 0.0431268320649952 0.011342917360997 0.0749107467689934
35R_b_ddg -0.0226153467134162 -0.149751005529409 0.104520312102576
35S_b_ddg 0.722036354763255 0.690252440059257 0.722036354763255
36C_b_ddg 1.44091806749163 1.34556632337964 1.53626981160362
36L_b_ddg 0.573730493571421 0.541946578867423 0.637298322979417
36R_b_ddg 0.305715656993225 0.273931742289227 0.337499571697223
36S_b_ddg 2.95404403742415 1.30128047281625 7.78519907243187
37E_b_ddg 2.68770497403283 0.748886177088942 7.51886000904055
37I_b_ddg 1.55726230048374 1.46191055637175 1.65261404459573
37N_b_ddg 1.90957324336938 1.84600541396138 1.97314107277738
37Q_b_ddg 1.60145025256748 1.02933978789551 2.80923901131941
37R_b_ddg 0.530091787504396 0.4665239580964 0.593659616912392
37T_b_ddg 0.645854634679534 0.518718975863541 0.804774208199525
38E_b_ddg 0.724627100634705 0.692843185930707 0.788194930042701
38R_b_ddg 0.875718991544538 0.716799418024547 1.03463856506453
39D_b_ddg 1.35540246331277 -0.519848504223122 6.18655749832049
39S_b_ddg -0.633207821814422 -0.66499173651842 -0.601423907110424
39T_b_ddg -0.495284763170822 -0.52706867787482 -0.463500848466824
39V_b_ddg -0.511900354003446 -0.543684268707444 -0.480116439299448
3A_b_ddg 1.06618046769112 0.811909150059135 1.3522357000271
3D_b_ddg -0.17072634167018 -0.202510256374178 -0.138942426966182
3F_b_ddg -0.0799404694094268 -0.143508298817423 -0.0163726400014305
3G_b_ddg 1.20664698382823 0.698104348564259 2.22373225435617
3I_b_ddg 4.12776146399569 1.90288743471582 8.95891649900341
3L_b_ddg 0.0745191490611402 -0.211536083274843 0.392358296101122
40F_b_ddg -0.171047725048983 -0.202831639752981 -0.139263810344985
40R_b_ddg -0.628149809446764 -0.977772871190744 -0.310310662406782
40S_b_ddg 1.55217094405947 -3.27898409094825 6.38332597906719
40W_b_ddg -0.00187890420105217 -0.0336628189050503 0.029905010502946
40Y_b_ddg 0.158179130667719 0.126395215963721 0.189963045371717
41L_b_ddg 0.0923839553606804 0.0923839553606804 0.0923839553606804
41N_b_ddg 0.0694491631555623 0.0376652484515641 0.0694491631555623
41R_b_ddg 1.24218265655996 1.08326308303997 1.43288614478395
41Y_b_ddg 0.0716165253797961 0.00804869597179976 0.135184354787792
42A_b_ddg 0.376894609420446 0.217975035900455 0.535814182940437
42E_b_ddg 0.264716412842226 0.232932498138228 0.296500327546224
42R_b_ddg 2.55505553782717 0.393749337955295 7.38621057283489
42V_b_ddg -0.0347527541254493 -0.0983205835334456 0.028815075282547
42W_b_ddg -0.154875346634264 -0.186659261338262 -0.123091431930266
43H_b_ddg -0.255467060069297 -0.287250974773295 -0.223683145365299
43K_b_ddg -0.509872529096831 -0.668792102616822 -0.35095295557684
43L_b_ddg -0.428734499918799 -0.460518414622797 -0.396950585214801
43R_b_ddg -0.362818630019849 -0.394602544723847 -0.331034715315851
44A_b_ddg -0.00230349941065473 -0.0340874141146529 0.0294804152933434
44I_b_ddg 1.65486918544096 -3.17628584956676 6.48602422044868
44P_b_ddg -0.167448176480286 -0.262799920592281 -0.0720964323682915
44S_b_ddg 0.213460402735481 0.181676488031483 0.245244317439479
45A_b_ddg -0.391711229563505 -0.455279058971501 -0.328143400155509
45C_b_ddg 0.780009513046758 0.684657768934763 0.907145171862751
45D_b_ddg -0.108160787598903 -0.139944702302901 -0.0763768728949048
45S_b_ddg -0.13959213183402 -0.13959213183402 -0.107808217130022
45V_b_ddg -0.110640320467097 -0.142424235171095 -0.0788564057630988
46I_b_ddg -0.204105116043594 -0.204105116043594 -0.172321201339596
46K_b_ddg -0.0761460236891152 -0.362201256025099 0.146341379238872
46L_b_ddg -0.026398916107654 -0.0581828308116522 0.00538499859634417
46T_b_ddg 0.124401525047281 0.0608336956392847 0.187969354455277
46V_b_ddg -0.0422972304320083 -0.0422972304320083 -0.0105133157280101
47C_b_ddg 0.820700729143574 0.0896706909516161 5.6518557641513
47I_b_ddg 0.250219175371651 0.218435260667653 0.250219175371651
47L_b_ddg 0.0953255284443948 0.0635416137403966 0.127109443148393
47S_b_ddg 0.0562501841349769 0.0562501841349769 0.0562501841349769
47Y_b_ddg 0.0128852658135428 -0.146034307706448 0.140020924629535
48H_b_ddg -0.120540279428741 -0.343027682356728 0.197298867611241
48L_b_ddg -0.0625291958545873 -0.0625291958545873 -0.0307452811505891
48S_b_ddg 0.609118067023761 0.418414578799772 0.831605469951748
48T_b_ddg 1.10235136287776 1.00699961876577 1.19770310698975
49C_b_ddg 1.16046271489725 1.03332705608126 1.28759837371324
49H_b_ddg 0.910634854103272 0.815283109991278 1.00598659821527
49L_b_ddg 0.568860872552424 0.409941299032433 0.759564360776413
49S_b_ddg 0.256656623440735 0.224872708736737 0.288440538144733
4E_b_ddg 1.94144581241166 1.81431015359567 2.10036538593165
4H_b_ddg -0.378050198446654 -0.409834113150652 -0.346266283742656
4K_b_ddg 0.1388323931997 0.107048478495702 0.1388323931997
4L_b_ddg 0.161655101472299 0.161655101472299 0.193439016176297
4P_b_ddg 5.04934154044798 2.57019619353612 9.8804965754557
4R_b_ddg 0.274451039993589 0.242667125289591 0.306234954697587
50D_b_ddg -0.238124351511414 -0.269908266215412 -0.238124351511414
50I_b_ddg 0.643078809858997 0.515943151043004 0.77021446867499
50K_b_ddg -0.221755756911374 -0.317107501023368 -0.126404012799379
50S_b_ddg 1.96410339914624 1.86875165503425 2.05945514325823
50Y_b_ddg 5.04177255358942 2.46727546256557 9.87292758859714
51C_b_ddg 1.66989140256435 -3.16126363244337 6.50104643757207
51F_b_ddg 1.29955523109537 1.17241957227938 1.45847480461536
51H_b_ddg 0.441214903503064 0.250511415279075 0.663702306431051
51N_b_ddg -0.167335524126599 -0.167335524126599 -0.167335524126599
52A_b_ddg -0.248794810387548 -0.407714383907539 -0.0898752368675572
52D_b_ddg -0.291762195864125 -0.323546110568123 -0.259978281160127
52I_b_ddg -0.438639918634201 -0.470423833338199 -0.406856003930203
53A_b_ddg 0.924475212089665 0.82912346797767 1.01982695620166
53I_b_ddg -0.202689704087931 -0.202689704087931 -0.170905789383933
53S_b_ddg -0.257265784277679 -0.447969272501668 -0.0983462107576882
54H_b_ddg -0.196373999568169 -0.228157914272167 -0.164590084864171
54S_b_ddg 0.132450854925695 0.100666940221697 0.164234769629693
54T_b_ddg 0.222918394154804 0.222918394154804 0.222918394154804
55A_b_ddg 0.200882509865516 -0.434795784214447 3.41105789496933
55E_b_ddg -0.00188177996044642 -0.0336656946644446 0.0299021347435517
5D_b_ddg 0.116494342655467 0.0847104279514688 0.116494342655467
5G_b_ddg 0.315566258527983 0.18843059971199 0.442701917343976
5P_b_ddg 0.769929394959625 0.738145480255627 0.801713309663623
5S_b_ddg 1.06181326295115 1.03002934824715 1.09359717765515
5T_b_ddg 0.340885113716826 0.309101199012828 0.340885113716826
5V_b_ddg 0.102910422417073 0.00755867830507849 0.198262166529068
6F_b_ddg 0.72729241054389 0.695508495839892 0.759076325247888
6H_b_ddg 1.75802015878978 1.4401810117498 2.36191453816575
6I_b_ddg 0.354040650338236 0.354040650338236 0.385824565042234
6P_b_ddg -0.306635813815486 -0.338419728519484 -0.274851899111488
6R_b_ddg 2.1356203948514 1.84956516251542 2.61237911541137
7C_b_ddg -0.0436878263013982 -0.0436878263013982 -0.0436878263013982
7I_b_ddg 1.29164314678177 1.16450748796578 1.45056272030176
7L_b_ddg 1.39795725792453 0.984766366772554 2.25612295493248
7S_b_ddg -0.13369400314118 -0.13369400314118 -0.101910088437182
7V_b_ddg 0.0756200655072734 0.0438361508032752 0.107403980211272
7Y_b_ddg 0.326865652801389 0.326865652801389 0.358649567505387
8E_b_ddg -0.00208828903995562 -0.0338722037439538 0.0296956256640425
8G_b_ddg -0.0548383662016893 -0.0866222809056875 -0.0230544514976911
8H_b_ddg 0.0873083748700946 0.0555244601660964 0.119092289574093
8N_b_ddg 0.0604234058632663 0.0286394911592681 0.0922073205672645
8V_b_ddg 0.3327846338924 0.3327846338924 0.364568548596398
8Y_b_ddg 0.111915243216376 0.111915243216376 0.111915243216376
9C_b_ddg 0.237368426397337 0.237368426397337 0.237368426397337
9I_b_ddg 1.10111696332376 0.624358242763787 2.2135539779637
9L_b_ddg -0.381024417979859 -0.603511820907846 -0.19032092975587
9S_b_ddg 0.209008469771268 0.018304981547279 0.463279787403253
9V_b_ddg -0.378204350642252 -0.441772180050248 -0.282852606530257
9Y_b_ddg -0.00837702310733232 -0.0401609378113305 0.0234068915966658
49G_b_ddg 0.890258040218586 0.763122381402593 1.04917761373858
55M_b_ddg 0.011377388234564 -0.0839743558774305 0.106729132346559
56I_b_ddg 0.328987639761544 0.297203725057546 0.360771554465542
56Y_b_ddg 0.23249021161511 0.200706296911112 0.264274126319108
12P_b_ddg 1.41897462639125 0.37010544115931 6.25012966139897
56H_b_ddg 0.218178067889222 -4.6129769671185 1.04455985019317
55L_b_ddg 4.36217406910247 2.0419482957106 9.19332910411019
56K_b_ddg 2.34488230121788 2.21774664240189 2.47201796003387
56D_b_ddg 1.89820782448273 1.83463999507473 1.96177565389073
36G_b_ddg 1.7287823335417 1.6652145041337 1.82413407765369
53P_b_ddg 3.43234654896665 1.68423124024675 8.26350158397437
39G_b_ddg -0.0430253088179924 -0.0430253088179924 -0.0430253088179924
56S_b_ddg -0.294636977914895 -0.326420892618893 -0.262853063210897
54L_b_ddg -0.251582826613419 -0.283366741317417 -0.219798911909421
39P_b_ddg -0.199767381998475 -0.358686955518466 -0.0408478084784842
44N_b_ddg -0.00889339066657027 -0.0406773053705684 0.0546744387414261
56T_b_ddg 0.445885954550796 0.3823181251428 0.509453783958792
28R_b_ddg 0.361884089862202 0.202964516342211 0.520803663382193
52F_b_ddg 3.75619877835189 1.62667649318401 8.58735381335961
51S_b_ddg 1.46741340521271 1.30849383169272 1.6581168934367
38V_b_ddg 1.58954467957616 1.52597685016816 1.65311250898416
30T_b_ddg 1.65045567786311 1.55510393375112 1.7458074219751
52L_b_ddg 5.64833629184966 3.2009748596418 10.4794913268574
34H_b_ddg 2.22090876153244 2.12555701742045 2.31626050564443
43E_b_ddg 4.15442679638807 2.15204017003619 8.98558183139579
41Q_b_ddg -0.0925642987518116 -0.156132128159808 -0.0289964693438153
33A_b_ddg 2.92127232900445 0.537478726204587 7.75242736401217
53N_b_ddg 0.0606137057467989 0.0288297910428007 0.0606137057467989
50T_b_ddg -0.0636495088284884 -0.0636495088284884 -0.0636495088284884
43P_b_ddg -0.207681479108963 -0.366601052628954 -0.0805458202929703
41P_b_ddg 2.47569865995598 0.409744204196099 7.3068536949637
48R_b_ddg 0.232163781737299 0.168595952329303 0.295731611145295
10A_b_ddg -0.140469525485396 -0.235821269597391 -0.0451177813734015
50H_b_ddg 0.140642582265621 0.0770747528576247 0.204210411673617
54A_b_ddg 0.0409399484794897 -0.181547454448497 0.231643436703479
49P_b_ddg 0.61618387318887 0.234776896740892 0.997590849636848
10Y_b_ddg 0.167048756020385 0.135264841316387 0.198832670724383
26P_b_ddg 0.22071409322819 0.0935784344121973 0.347849752044183
b_dgwt -1.01621907743288 -1.04800299213688 -0.984435162728882
b_fwt 0.999239989046897 0.992989989046897 1.0054899890469
b_f0 0.180046602994432 0.180046602994432 0.180046602994432
s_dgwt -1.02934517533176 -1.05540196699778 -1.00328838366574
s_fwt 1.00219679446378 0.99594679446378 1.00844679446378
s_f0 0.0518452758784181 0.0518452758784181 0.0518452758784181
