par value lower upper
10A_s_ddg 0.389739938198368 0.389739938198368 0.389739938198368
10C_s_ddg 0.407815090948267 0.381347029580976 0.460751213682849
10E_s_ddg -0.17936134766801 -0.205829409035301 -0.152893286300719
10F_s_ddg 0.393227696204863 0.340291573470281 0.446163818939445
10G_s_ddg 1.37843854442326 1.35197048305597 1.40490660579055
10H_s_ddg -0.00596629877944502 -0.0589024215140268 0.0469698239551368
10I_s_ddg -0.0499003582794265 -0.102836481014008 0.00303576445515527
10K_s_ddg 0.22911582804453 0.202647766677239 0.255583889411821
10L_s_ddg 0.641689647474564 0.615221586107273 0.668157708841855
10M_s_ddg 0.394522246868458 0.368054185501167 0.420990308235749
10N_s_ddg 0.242383116830262 0.215915055462971 0.295319239564844
10P_s_ddg 1.65408005117934 1.60114392844476 1.70701617391392
10Q_s_ddg 0.11860873791122 0.0921406765439291 0.11860873791122
10R_s_ddg 0.589413104337184 0.589413104337184 0.615881165704475
10S_s_ddg 0.411761107321103 0.385293045953812 0.438229168688394
10T_s_ddg 0.149466431848269 0.122998370480978 0.17593449321556
10V_s_ddg 0.0226854418508152 -0.00378261951647569 0.0226854418508152
10W_s_ddg 0.65169813854909 0.625230077181799 0.65169813854909
10Y_s_ddg 0.0809933576318678 0.028057234897286 0.0809933576318678
11A_s_ddg 0.0509207963385779 -0.00201532639600387 0.0773888577058688
11C_s_ddg 1.29465224862743 1.21524806452556 1.3740564327293
11D_s_ddg 1.85020030874125 1.77079612463938 1.92960449284312
11E_s_ddg 1.7323740644471 1.62650181897794 1.83824630991626
11F_s_ddg 2.76146645744703 2.31150941420308 4.21720983264803
11G_s_ddg -0.207532213752658 -0.234000275119949 -0.181064152385367
11H_s_ddg 1.48309373895533 1.45662567758804 1.50956180032262
11I_s_ddg 2.17780998245489 1.93959743014927 2.54836284159696
11K_s_ddg 0.964885024099165 0.885480839997292 1.04428920820104
11L_s_ddg 1.96964547893029 1.91670935619571 1.99611354029758
11M_s_ddg 1.79507613755672 1.68920389208756 1.90094838302588
11N_s_ddg 1.38848208593818 1.30907790183631 1.46788627004005
11Q_s_ddg 1.45592223595444 1.37651805185257 1.53532642005631
11R_s_ddg 1.19120551287746 1.19120551287746 1.21767357424475
11S_s_ddg 0.611207911166759 0.584739849799468 0.63767597253405
11T_s_ddg 0.687347841821989 0.660879780454698 0.71381590318928
11V_s_ddg 1.3893242801321 1.33638815739752 1.44226040286668
11W_s_ddg 2.52401964798855 2.3652112797848 2.76223220029417
11Y_s_ddg 2.98320876119688 2.26857110428003 7.00635408902509
12A_s_ddg 0.327066158718476 0.300598097351185 0.353534220085767
12C_s_ddg 0.41445721248442 0.308584967015257 0.520329457953584
12D_s_ddg 0.417901226175361 0.338497042073488 0.497305410277234
12E_s_ddg 0.198233719477674 0.171765658110383 0.224701780844965
12F_s_ddg 1.21258287757215 1.0802425707357 1.3449231844086
12G_s_ddg 0.606511386929093 0.606511386929093 0.632979448296384
12H_s_ddg 0.609272481189026 0.609272481189026 0.635740542556317
12K_s_ddg 0.0467669291151572 0.0202988677478663 0.0467669291151572
12L_s_ddg 0.49242171607112 0.49242171607112 0.518889777438411
12M_s_ddg 0.396221164637539 0.316816980535666 0.475625348739412
12P_s_ddg 1.47688799351771 1.37101574804855 1.58276023898687
12R_s_ddg 0.166920381067724 0.166920381067724 0.193388442435015
12S_s_ddg 0.200494220434381 0.147558097699799 0.253430343168963
12T_s_ddg 0.0745700701565503 -0.0313021753126132 0.153974254258423
12V_s_ddg 0.24532840102151 0.192392278286928 0.298264523756092
12W_s_ddg 1.20659965721234 1.20659965721234 1.23306771857963
12Y_s_ddg 1.45730400677393 1.35143176130477 1.56317625224309
13A_s_ddg 0.233799731765985 0.180863609031403 0.286735854500567
13C_s_ddg 0.435901349955428 0.356497165853555 0.515305534057301
13D_s_ddg 0.310386436942347 0.283918375575056 0.336854498309638
13F_s_ddg 0.56487729034363 0.406068922139885 0.723685658547375
13G_s_ddg 0.140733280574249 0.114265219206958 0.193669403308831
13H_s_ddg -0.374051021798149 -0.506391328634603 -0.241710714961695
13I_s_ddg 0.704333146936371 0.492588655998044 0.916077637874698
13K_s_ddg -0.347956351280961 -0.374424412648252 -0.32148828991367
13L_s_ddg 0.609439646101413 0.556503523366831 0.662375768835995
13M_s_ddg 0.286404130260491 0.206999946158618 0.365808314362364
13N_s_ddg -0.367154562739172 -0.473026808208336 -0.261282317270009
13P_s_ddg 1.84010988069554 1.62836538975721 2.13125855573574
13Q_s_ddg 1.77794894278738 1.69854475868551 1.85735312688925
13R_s_ddg -0.110199073932088 -0.16313519666667 -0.0572629511975062
13S_s_ddg 0.0647156802389935 0.0117795575044117 0.117651802973575
13T_s_ddg 0.193173112293935 0.113768928192062 0.272577296395808
13V_s_ddg 0.596888988310153 0.570420926942862 0.623357049677444
13W_s_ddg 1.08418258147132 1.08418258147132 1.11065064283861
13Y_s_ddg 0.295031479366079 0.162691172529625 0.427371786202533
14A_s_ddg 0.170097523138771 0.0906933390368983 0.249501707240644
14C_s_ddg 0.755612492667173 0.649740247198009 0.887952799503627
14E_s_ddg -0.168831443346946 -0.195299504714237 -0.168831443346946
14F_s_ddg 1.17760708275479 0.965862591816463 1.36288351232583
14G_s_ddg 0.953776995166284 0.953776995166284 0.953776995166284
14H_s_ddg 1.0182980749437 -0.225700809318972 5.04144340277191
14I_s_ddg 1.09524773472679 0.115929464137027 5.118393062555
14K_s_ddg 0.233827374070513 0.101487067234059 0.339699619539677
14L_s_ddg 0.868082031854515 0.762209786385352 0.973954277323679
14M_s_ddg 0.65396889128667 0.521628584450216 0.786309198123124
14N_s_ddg 0.588441537138163 0.50903735303629 0.641377659872745
14P_s_ddg 0.0400187075700591 -0.0393854765318136 0.119422891671932
14Q_s_ddg 0.409416347750983 0.197671856812656 0.62116083868931
14R_s_ddg 0.688885646126257 0.583013400657094 0.794757891595421
14S_s_ddg 0.507535962222906 0.428131778121033 0.586940146324779
14T_s_ddg 0.539641079143523 0.486704956408941 0.592577201878105
14V_s_ddg 0.407553642120128 0.407553642120128 0.434021703487419
14W_s_ddg 1.66051989595063 0.919414177666485 5.68366522377884
14Y_s_ddg 0.275124535425482 0.248656474058191 0.275124535425482
15A_s_ddg 0.910861119823704 0.857924997089122 0.963797242558286
15C_s_ddg 0.413147118317102 0.148466504644193 0.65135967062272
15D_s_ddg 0.52241552620357 0.416543280734406 0.628287771672734
15E_s_ddg 0.833127425697745 0.806659364330454 0.886063548432327
15F_s_ddg 1.31912903366836 1.05444841999545 1.71614995417772
15H_s_ddg 0.196499433368169 -0.121117303039322 0.461180047041078
15I_s_ddg 1.29556466992237 1.13675630171862 1.45437303812612
15K_s_ddg 0.923981716812842 0.844577532710969 1.00338590091471
15L_s_ddg 1.61880441365157 1.56586829091699 1.69820859775344
15M_s_ddg 1.366607070289 1.28720288618713 1.44601125439087
15N_s_ddg 0.188003907151012 0.0556636003145576 0.320344213987466
15P_s_ddg 2.95209474761368 2.13158484522766 6.97524007544189
15Q_s_ddg 1.67767011841183 1.33358532063705 2.18056328439036
15R_s_ddg 1.04535053802814 1.01888247666085 1.09828666076272
15S_s_ddg 0.884334407136095 0.804930223034222 0.963738591237968
15T_s_ddg 0.419781799283989 0.340377615182116 0.499185983385862
15V_s_ddg 1.79514416237233 1.74220803963775 1.84808028510691
15W_s_ddg 0.34818917203464 0.295253049300058 0.401125294769222
15Y_s_ddg 0.476295785917848 0.343955479081394 0.608636092754302
16A_s_ddg 0.464501050216184 0.438032988848893 0.490969111583475
16C_s_ddg 0.103582684718321 0.0506465619837392 0.156518807452903
16D_s_ddg 1.12021936850672 1.06728324577214 1.1731554912413
16F_s_ddg -0.432710243584034 -0.565050550420488 -0.30036993674758
16G_s_ddg 0.45217575363646 0.45217575363646 0.478643815003751
16H_s_ddg -0.436567347695231 -0.489503470429813 -0.383631224960649
16I_s_ddg 0.36213131936236 0.256259073893196 0.468003564831523
16K_s_ddg -0.0827724341877397 -0.135708556922321 -0.0298363114531579
16L_s_ddg -0.398810213093693 -0.425278274460984 -0.372342151726402
16M_s_ddg -0.96594694431228 -1.04535112841415 -0.886542760210407
16N_s_ddg 0.660103708750722 0.60716758601614 0.713039831485304
16P_s_ddg 2.58658309693434 2.42777472873059 2.79832758787267
16Q_s_ddg -0.660758061079123 -0.740162245180996 -0.58135387697725
16R_s_ddg 0.194733148013987 0.168265086646696 0.194733148013987
16S_s_ddg 0.775969175826895 0.775969175826895 0.802437237194186
16T_s_ddg 0.590066060428731 0.537129937694149 0.643002183163313
16V_s_ddg 0.417343514353665 0.390875452986374 0.443811575720956
16W_s_ddg -0.511200203844332 -0.564136326578914 -0.45826408110975
16Y_s_ddg -0.362191604657317 -0.573936095595644 -0.176915175086281
17A_s_ddg 2.40094533081205 2.08332859440456 3.03617880362703
17C_s_ddg 2.2064430518209 1.73001794720966 6.22958837964912
17D_s_ddg 2.92229231085522 1.91650597889817 6.94543763868344
17E_s_ddg 3.71919144605465 2.92514960503592 7.74233677388287
17F_s_ddg 0.928256619831788 0.822384374362624 1.00766080393366
17G_s_ddg 2.64494244054901 2.51260213371256 2.80375080875276
17H_s_ddg 2.94656994195612 2.25840034640656 6.96971526978433
17I_s_ddg 2.13642928392622 1.15711101333646 6.15957461175443
17K_s_ddg 2.76441633054041 2.4997357168675 3.29377755788623
17M_s_ddg 1.10384231486074 1.07737425349345 1.13031037622803
17N_s_ddg 2.61675241566989 2.2991356792624 3.19904976575029
17P_s_ddg 2.39409858070382 2.34116245796924 2.4470347034384
17Q_s_ddg 2.66774343492316 2.561871189454 2.80008374175961
17R_s_ddg 2.6992937406932 2.56695343385675 2.85810210889695
17S_s_ddg 3.20367358406427 2.64784429535116 7.22681891189248
17T_s_ddg 3.94012411180804 3.06667808668744 7.96326943963625
17V_s_ddg 1.81644534183272 1.78997728046543 1.84291340320001
17W_s_ddg 2.03157156981436 1.95216738571249 2.11097575391623
17Y_s_ddg 3.31715987052357 2.3643096613011 7.34030519835178
18A_s_ddg -0.156541386672675 -0.183009448039966 -0.156541386672675
18C_s_ddg 0.213638944300626 0.187170882933335 0.240107005667917
18D_s_ddg 1.05233280161726 1.02586474024997 1.07880086298455
18E_s_ddg 0.240023993782598 0.213555932415307 0.240023993782598
18F_s_ddg -0.0125289734188449 -0.0654650961534267 0.0404071493157369
18H_s_ddg 0.36412215049414 0.258249905024976 0.496462457330594
18I_s_ddg 1.20353850501085 1.15060238227627 1.25647462774543
18K_s_ddg -0.0416119725774917 -0.0945480953120735 0.0113241501570901
18L_s_ddg 0.792124632482554 0.765656571115263 0.818592693849845
18M_s_ddg 0.220245009663559 0.167308886928977 0.273181132398141
18N_s_ddg 0.877549465821635 0.798145281719762 0.956953649923508
18P_s_ddg 0.321601449861013 0.24219726575914 0.401005633962886
18Q_s_ddg 0.200616130828523 0.147680008093941 0.253552253563105
18R_s_ddg 0.133048542513113 0.133048542513113 0.159516603880404
18S_s_ddg -0.0347722545561387 -0.0612403159234296 -0.0347722545561387
18T_s_ddg 0.245685349188256 0.166281165086383 0.298621471922838
18V_s_ddg 0.753161665560915 0.726693604193624 0.753161665560915
18W_s_ddg 0.0116173466432806 -0.0148507147240103 0.0380854080105715
18Y_s_ddg 0.166786904155481 0.14031884278819 0.193254965522772
19A_s_ddg 1.91557183304819 1.91557183304819 1.91557183304819
19C_s_ddg 2.12335483224567 2.01748258677651 2.22922707771483
19D_s_ddg 2.769941185008 2.58466475543696 3.03462179868091
19E_s_ddg 2.68583653560008 2.57996429013092 2.81817684243653
19G_s_ddg 2.655746849306 2.655746849306 2.70868297204058
19H_s_ddg 2.63516440334625 2.4763560351425 2.84690889428458
19I_s_ddg 1.6063970183342 1.57992895696691 1.63286507970149
19K_s_ddg 2.47118227178896 2.39177808768709 2.57705451725812
19L_s_ddg 1.33824139189792 1.33824139189792 1.36470945326521
19M_s_ddg 1.89355541161708 1.8406192888825 1.94649153435166
19N_s_ddg 2.73160073711014 2.57279236890639 2.94334522804847
19P_s_ddg 3.15409140020585 2.75707047969649 3.97460130259187
19Q_s_ddg 3.10811464969011 2.89637015875178 3.50513557019947
19R_s_ddg 2.64842378337652 2.56901959927465 2.72782796747839
19S_s_ddg 2.58190136397761 2.50249717987574 2.66130554807948
19T_s_ddg 2.6584354881469 2.49962711994315 2.87017997908523
19V_s_ddg 2.38889165219589 2.33595552946131 2.44182777493047
19W_s_ddg 2.66391670585522 2.58451252175335 2.74332088995709
19Y_s_ddg 2.19863337990124 2.14569725716666 2.25156950263582
1A_s_ddg 0.383975292942688 0.357507231575397 0.410443354309979
1C_s_ddg 0.0677626056787837 0.0677626056787837 0.0677626056787837
1D_s_ddg 0.166196601527349 0.113260478792767 0.219132724261931
1E_s_ddg 0.0783196458581547 0.0518515844908638 0.0783196458581547
1F_s_ddg -0.223584298772385 -0.250052360139676 -0.197116237405094
1G_s_ddg 0.264904731484911 0.23843667011762 0.264904731484911
1H_s_ddg 0.106479876488783 0.0535437537542012 0.159415999223365
1I_s_ddg 0.128765844768365 0.102297783401074 0.128765844768365
1K_s_ddg 0.0584072606021844 0.0319391992348935 0.0848753219694753
1L_s_ddg -0.0893477241761811 -0.142283846910763 -0.0628796628088902
1M_s_ddg -0.0630618300466305 -0.0895298914139214 -0.0365937686793396
1N_s_ddg -0.00889949323060748 -0.0353675545978984 0.0175685681366834
1P_s_ddg 0.440822358244873 0.361418174143 0.520226542346746
1Q_s_ddg 0.0966325819355467 0.0701645205682558 0.123100643302838
1R_s_ddg 0.327145298916572 0.300677237549281 0.353613360283863
1S_s_ddg 0.00205557482616105 -0.0244124865411298 0.0285236361934519
1V_s_ddg 0.038031131308365 0.038031131308365 0.0644991926756559
1W_s_ddg 0.47644914372323 0.449981082355939 0.502917205090521
1Y_s_ddg 0.0828335433942899 0.056365482026999 0.109301604761581
20A_s_ddg 0.61205870542463 0.61205870542463 0.61205870542463
20C_s_ddg 0.855961067192965 0.829493005825674 0.855961067192965
20D_s_ddg 1.28237399308744 1.22943787035286 1.33531011582202
20E_s_ddg 0.548889317628992 0.548889317628992 0.575357378996283
20F_s_ddg 1.1018333862679 1.1018333862679 1.1018333862679
20G_s_ddg 1.02990747260756 1.02990747260756 1.02990747260756
20H_s_ddg 0.167114389823151 0.14064632845586 0.193582451190442
20I_s_ddg 1.2305838179484 1.17764769521382 1.28351994068298
20K_s_ddg -0.401228603964662 -0.427696665331953 -0.374760542597371
20L_s_ddg 0.946645949580653 0.946645949580653 0.973114010947944
20M_s_ddg 0.713261611487593 0.686793550120302 0.739729672854884
20N_s_ddg 0.667069455984332 0.640601394617041 0.667069455984332
20P_s_ddg 2.06130166196286 1.98189747786099 2.14070584606473
20Q_s_ddg 0.275181160883656 0.275181160883656 0.301649222250947
20S_s_ddg 0.345221325639096 0.318753264271805 0.345221325639096
20T_s_ddg 0.752050448477379 0.752050448477379 0.77851850984467
20V_s_ddg 0.795674391113945 0.769206329746654 0.822142452481236
20W_s_ddg 1.50418688996912 1.47771882860183 1.53065495133641
20Y_s_ddg 1.21102635121125 1.15809022847667 1.26396247394583
21A_s_ddg -0.2536770063634 -0.2536770063634 -0.2536770063634
21C_s_ddg 0.788687742190124 0.762219680822833 0.788687742190124
21D_s_ddg 1.72600865487231 1.62013640940315 1.83188090034147
21E_s_ddg -0.0228968849530608 -0.0228968849530608 0.00357117641423009
21F_s_ddg 1.54510406358377 1.49216794084919 1.59804018631835
21G_s_ddg 1.22471940677879 1.22471940677879 1.22471940677879
21H_s_ddg 0.833758382972252 0.78082226023767 0.886694505706834
21I_s_ddg 1.11116990247651 1.05823377974193 1.16410602521109
21K_s_ddg -0.4947663588776 -0.4947663588776 -0.468298297510309
21L_s_ddg 1.22900724130374 1.20253917993645 1.22900724130374
21M_s_ddg 0.465258097012455 0.438790035645164 0.465258097012455
21N_s_ddg 1.37895528621317 1.35248722484588 1.43189140894775
21P_s_ddg 1.98519821374931 1.95873015238202 2.03813433648389
21Q_s_ddg 0.0892359505410693 0.0627678891737784 0.0892359505410693
21S_s_ddg 0.431934403672807 0.405466342305516 0.458402465040098
21T_s_ddg 0.383006943774519 0.383006943774519 0.40947500514181
21V_s_ddg 0.227006099262547 0.227006099262547 0.227006099262547
21W_s_ddg 2.05804965725903 2.03158159589174 2.08451771862632
21Y_s_ddg 1.59256811669958 1.539631993965 1.64550423943416
22A_s_ddg 2.17339760330245 2.12046148056787 2.22633372603703
22C_s_ddg 2.30752658441213 2.17518627757568 2.46633495261588
22D_s_ddg 1.48689615374561 1.40749196964374 1.56630033784748
22E_s_ddg 1.7267520113116 1.70028394994431 1.75322007267889
22F_s_ddg 1.68874027876601 1.63580415603143 1.76814446286788
22H_s_ddg 1.72239887533034 1.56359050712659 1.90767530490138
22I_s_ddg 3.17040651604646 2.61457722733335 7.19355184387467
22K_s_ddg 2.10634446306769 1.84166384939478 2.50336538357705
22L_s_ddg 2.12869861444752 2.10223055308023 2.1816347371821
22M_s_ddg 2.4382260615731 2.22648157063477 2.7293747366133
22N_s_ddg 1.45092726285529 1.39799114012071 1.50386338558987
22P_s_ddg 3.21405518337026 2.73763007875902 7.23720051119848
22Q_s_ddg 1.94909798039072 1.76382155081968 2.16084247132905
22R_s_ddg 2.02347576385677 2.02347576385677 2.04994382522406
22S_s_ddg 2.21000960137853 2.15707347864395 2.2894137854804
22T_s_ddg 2.52423913250502 2.36543076430127 2.70951556207606
22V_s_ddg 2.66348310375678 2.58407891965491 2.76935534922594
22W_s_ddg 2.10979548945684 2.05685936672226 2.16273161219142
22Y_s_ddg 1.80795025363903 1.70207800816987 1.94029056047548
23A_s_ddg 1.73001947784851 1.70355141648122 1.78295560058309
23C_s_ddg 2.73360426426103 2.49539171195541 3.07768906203581
23E_s_ddg 0.493453428310823 0.466985366943532 0.519921489678114
23F_s_ddg 2.87358518526394 2.52950038748916 3.61469090354808
23G_s_ddg 2.59407772389848 2.5411416011639 2.64701384663306
23H_s_ddg 2.17334239037285 2.0410020835364 2.3321507585766
23I_s_ddg 2.83999814129516 2.49591334352038 3.50169967547743
23K_s_ddg 3.2118252177986 2.9206765427584 3.87352675198087
23L_s_ddg 2.53085959847074 2.42498735300158 2.66319990530719
23M_s_ddg 2.02937409681835 1.97643797408377 2.08231021955293
23N_s_ddg 1.32709942482832 1.30063136346103 1.32709942482832
23P_s_ddg 3.88510851031055 3.03813054655724 7.90825383813876
23Q_s_ddg 1.49932036055717 1.44638423782259 1.55225648329175
23R_s_ddg 2.77654782383148 2.64420751699503 2.93535619203523
23S_s_ddg 1.91349802427037 1.8340938401685 2.01937026973953
23T_s_ddg 1.55002984467083 1.49709372193625 1.60296596740541
23V_s_ddg 2.16775334660165 2.14128528523436 2.22068946933623
23W_s_ddg 1.54193841638514 1.51547035501785 1.56840647775243
23Y_s_ddg 1.9189036736606 1.86596755092602 1.97183979639518
24A_s_ddg 1.15167716812617 1.04580492265701 1.25754941359533
24C_s_ddg 0.943942179108715 0.891006056374133 0.996878301843297
24D_s_ddg 0.274693329868391 -0.175263713375554 1.86277701190584
24E_s_ddg 0.907494822513772 0.775154515677318 1.03983512935023
24G_s_ddg 1.96195501743968 1.88255083333781 2.06782726290884
24H_s_ddg 0.74273228392779 0.372179424785718 1.08681708170257
24I_s_ddg -0.53857182679021 -0.565039888157501 -0.512103765422919
24K_s_ddg 0.0774708783770586 -0.0284013670921049 0.183343123846222
24L_s_ddg -0.087184932527195 -0.113652993894486 -0.0607168711599041
24M_s_ddg -0.157954151710833 -0.263826397179997 -0.0785499676089603
24N_s_ddg 1.60410521817939 1.41882878860835 1.81584970911772
24P_s_ddg 1.74030861154913 1.07860707736686 5.76345393937734
24Q_s_ddg 0.798453568291963 0.480836831884472 1.06313418196487
24R_s_ddg -0.298983562480491 -0.351919685215073 -0.246047439745909
24S_s_ddg 0.891568136138976 0.865100074771685 0.918036197506267
24T_s_ddg 0.685599461396761 0.447386909091143 0.923812013702379
24V_s_ddg -0.124690213520741 -0.151158274888032 -0.124690213520741
24W_s_ddg 0.0708671942212678 -0.00853698988060486 0.15027137832314
24Y_s_ddg 0.193511044317492 0.167042982950201 0.219979105684783
25A_s_ddg 2.80949497323058 2.57128242092496 3.12711170963807
25C_s_ddg 2.48266146780264 1.87389605635495 6.50580679563086
25D_s_ddg 2.42327843870946 2.10566170230197 2.97910772742257
25E_s_ddg 2.2677024472374 2.10889407903365 2.47944693817573
25F_s_ddg 2.67995341008795 2.60054922598608 2.75935759418982
25G_s_ddg 2.19452857152199 2.14159244878741 2.24746469425657
25H_s_ddg 3.11694665496781 2.2699686912145 7.14009198279602
25K_s_ddg 3.14012191677601 2.24020783028812 7.16326724460422
25L_s_ddg 1.80355663578481 1.77708857441752 1.8300246971521
25M_s_ddg 2.01552478895896 1.88318448212251 2.14786509579541
25N_s_ddg 3.51225752404631 3.37991721720986 3.72400201498464
25P_s_ddg 2.33445736673292 2.14918093716188 2.54620185767125
25Q_s_ddg 3.59568802142116 2.72224199630056 7.61883334924937
25R_s_ddg 2.90287358080745 2.66466102850183 3.22049031721494
25S_s_ddg 2.59942537564315 2.41414894607211 2.86410598931606
25T_s_ddg 2.63213363320625 2.55272944910438 2.71153781730812
25V_s_ddg 1.00413851473514 0.977670453367849 1.00413851473514
25W_s_ddg 1.92714457041602 1.79480426357957 2.08595293861977
25Y_s_ddg 2.37312287381792 1.97610195330856 3.22010083757123
26A_s_ddg 0.308840039396577 0.229435855294704 0.38824422349845
26C_s_ddg 0.111640358207583 0.00576811273841946 0.217512603676747
26D_s_ddg 1.07178600412914 0.886509574558104 1.25706243370018
26E_s_ddg -0.672943305522899 -0.805283612359353 -0.567071060053736
26F_s_ddg -0.392693208133723 -0.525033514970177 -0.286820962664559
26G_s_ddg 1.13337853768812 1.08044241495354 1.15984659905541
26K_s_ddg -0.252404569353509 -0.384744876189963 -0.146532323884345
26L_s_ddg -0.278857232008141 -0.305325293375432 -0.278857232008141
26M_s_ddg 0.0245432396634709 -0.107797067172984 0.156883546499925
26N_s_ddg 0.368769328899149 0.342301267531858 0.39523739026644
26P_s_ddg 3.11251612226716 2.29200621988114 7.13566145009538
26Q_s_ddg -0.163154529285704 -0.163154529285704 -0.136686467918413
26R_s_ddg -0.136792096287378 -0.163260157654669 -0.136792096287378
26S_s_ddg 0.316088295885263 0.23668411178339 0.395492479987136
26T_s_ddg 0.280199381014335 0.0684548900760079 0.491943871952662
26V_s_ddg -0.012420299459064 -0.0653564221936458 0.0405158232755178
26W_s_ddg 0.135954687407936 0.0300824419387725 0.2418269328771
26Y_s_ddg 0.107468521674217 0.0545323989396352 0.160404644408799
27A_s_ddg 2.24895661088982 2.19602048815524 2.3018927336244
27C_s_ddg 1.9821405423783 1.84980023554185 2.14094891058205
27D_s_ddg 2.61944713250367 2.5400429484018 2.69885131660554
27E_s_ddg 3.03591474158974 2.71829800518225 3.85642464397576
27F_s_ddg 1.68713519372796 1.50185876415692 1.89887968466629
27G_s_ddg 2.64788979331123 2.59495367057665 2.70082591604581
27H_s_ddg 3.23068598102729 2.46311220137585 7.2538313088555
27I_s_ddg 0.491445637810834 0.464977576443543 0.517913699178125
27K_s_ddg 2.81023603918591 2.38674705730926 4.18657523028504
27L_s_ddg 0.512172305049658 0.459236182315076 0.56510842778424
27M_s_ddg 1.71580649117406 1.58346618433761 1.84814679801051
27N_s_ddg 2.84698250752367 2.39702546427972 4.24978975999009
27P_s_ddg 2.64337677403459 1.84933493301586 6.6665221018628
27Q_s_ddg 2.82335261114908 2.13518301559952 6.8464979389773
27R_s_ddg 2.72236701535658 2.48415446305096 3.11938793586594
27S_s_ddg 2.53032849459949 2.26564788092658 2.92734941510885
27T_s_ddg 2.86738121844302 2.36448805246449 6.89052654627123
27W_s_ddg 2.52921746194245 2.26453684826954 2.9791745051864
27Y_s_ddg 1.85229796376248 1.58761735008957 2.27578694563913
28A_s_ddg 1.29771047620038 1.27124241483309 1.32417853756767
28C_s_ddg 0.949914683687918 0.923446622320627 0.949914683687918
28D_s_ddg 1.27423774629949 1.22130162356491 1.32717386903407
28E_s_ddg 0.248198236100875 0.248198236100875 0.274666297468166
28F_s_ddg 0.519308275887253 0.466372153152671 0.572244398621835
28G_s_ddg 2.05713820122666 2.03067013985937 2.08360626259395
28H_s_ddg 0.797882949345896 0.718478765244023 0.877287133447769
28I_s_ddg -0.134471668402526 -0.160939729769817 -0.134471668402526
28K_s_ddg 0.568473192100171 0.568473192100171 0.568473192100171
28L_s_ddg -0.505065105000795 -0.505065105000795 -0.478597043633504
28N_s_ddg 1.3735786166241 1.3735786166241 1.42651473935868
28P_s_ddg 2.9305740064463 2.71882951550797 3.27465880422108
28Q_s_ddg 0.474665489028344 0.448197427661053 0.501133550395635
28R_s_ddg 1.005587792761 1.005587792761 1.005587792761
28S_s_ddg 0.669580915246073 0.643112853878782 0.669580915246073
28T_s_ddg -0.00525538051287799 -0.0317234418801689 0.0212126808544129
28V_s_ddg 0.00965029113983083 0.00965029113983083 0.00965029113983083
28W_s_ddg 0.704918218895563 0.704918218895563 0.731386280262854
28Y_s_ddg 1.5403003645489 1.48736424181432 1.59323648728348
29A_s_ddg 1.85248189146204 1.85248189146204 1.90541801419662
29C_s_ddg 1.92020697955011 1.60259024314262 2.39663208416135
29E_s_ddg 0.456995767348202 0.456995767348202 0.483463828715493
29F_s_ddg 3.70048902074622 2.82704299562562 7.72363434857443
29G_s_ddg 1.81485003231128 1.78838197094399 1.84131809367857
29H_s_ddg 1.47446477511706 1.28918834554602 1.63327314332081
29I_s_ddg 2.99453701911895 2.20049517810022 7.01768234694716
29K_s_ddg 2.44180118727718 2.20358863497156 2.81235404641925
29L_s_ddg 2.84874752722573 2.58406691355282 3.27223650910238
29M_s_ddg 2.08835744627185 1.9560171394354 2.2471658144756
29N_s_ddg 1.13473708156235 1.13473708156235 1.18767320429693
29P_s_ddg 3.37057392124843 2.41772371202596 7.39371924907664
29Q_s_ddg 1.65421038278309 1.49540201457934 1.83948681235413
29R_s_ddg 2.54629719213261 2.38748882392886 2.73157362170365
29S_s_ddg 2.02218861008334 1.8369121805123 2.26040116238896
29T_s_ddg 2.87239419067265 2.07835234965392 6.89553951850086
29V_s_ddg 1.73145262901828 1.70498456765099 1.75792069038557
29W_s_ddg 2.2460218232366 2.16661763913473 2.32542600733847
29Y_s_ddg 1.9065203386906 1.85358421595602 1.95945646142518
2A_s_ddg 0.929615379895476 0.903147318528185 0.956083441262767
2C_s_ddg 0.292362323320914 0.292362323320914 0.318830384688205
2D_s_ddg 0.878807287473427 0.852339226106136 0.905275348840718
2E_s_ddg 0.419637964830453 0.393169903463162 0.419637964830453
2F_s_ddg 0.106821095100905 0.0803530337336141 0.133289156468196
2G_s_ddg 1.4083620787617 1.4083620787617 1.43483014012899
2H_s_ddg 0.507281755623469 0.507281755623469 0.53374981699076
2I_s_ddg -0.343352289472487 -0.343352289472487 -0.316884228105196
2K_s_ddg 0.0717802156357298 0.0453121542684389 0.0982482770030207
2L_s_ddg -0.258517297401053 -0.284985358768344 -0.232049236033762
2M_s_ddg -0.12334563386742 -0.149813695234711 -0.0968775725001291
2N_s_ddg 0.684883814871289 0.658415753503998 0.71135187623858
2P_s_ddg 1.18665703605752 1.16018897469023 1.21312509742481
2Q_s_ddg 0.273905370421406 0.247437309054115 0.273905370421406
2R_s_ddg 0.136224776308771 0.136224776308771 0.136224776308771
2S_s_ddg 0.676131735669846 0.676131735669846 0.702599797037137
2T_s_ddg -0.127589449179809 -0.127589449179809 -0.101121387812518
2V_s_ddg -0.23480507348207 -0.261273134849361 -0.23480507348207
2W_s_ddg -0.138448806143201 -0.138448806143201 -0.11198074477591
30A_s_ddg 0.332697291435702 0.27976116870112 0.385633414170284
30C_s_ddg 0.369444695977674 0.26357245050851 0.448848880079547
30D_s_ddg -0.177898923063381 -0.230835045797963 -0.124962800328799
30E_s_ddg 1.28568365255947 1.17981140709031 1.41802395939592
30F_s_ddg 0.99588799169689 0.890015746227727 1.10176023716605
30G_s_ddg 0.729457502994092 0.702989441626801 0.729457502994092
30H_s_ddg 0.61334783102989 0.560411708295308 0.666283953764472
30I_s_ddg 0.809347136507507 0.809347136507507 0.809347136507507
30K_s_ddg 0.262521665161648 0.236053603794357 0.288989726528939
30L_s_ddg 1.78100912909274 1.70160494499087 1.8868813745619
30M_s_ddg -0.0127774640993708 -0.0921816482012435 0.0666267200025019
30P_s_ddg 1.22618878801168 1.1732526652771 1.30559297211355
30Q_s_ddg 0.242369851050112 0.136497605580948 0.348242096519276
30R_s_ddg -0.0316951587739348 -0.0846312815085166 0.021240963960647
30S_s_ddg 0.0655538929770325 0.0126177702424507 0.0920219543443234
30T_s_ddg -0.0197522281003051 -0.0726883508348869 0.0331838946342767
30V_s_ddg 0.733467280197788 0.680531157463206 0.733467280197788
30W_s_ddg 0.646986135488366 0.541113890019203 0.75285838095753
30Y_s_ddg 0.825032616902591 0.772096494168009 0.877968739637173
31A_s_ddg 0.611817731476415 0.558881608741833 0.664753854210997
31C_s_ddg 1.39660808357121 1.26426777673476 1.55541645177496
31D_s_ddg 0.801812608159222 0.643004239955477 0.934152914995676
31E_s_ddg 1.03760035630688 1.01113229493959 1.09053647904146
31F_s_ddg 2.40213712371938 1.95218008047543 4.06962498985871
31G_s_ddg 1.29070496347961 1.23776884074503 1.34364108621419
31H_s_ddg 0.568064275963773 0.409255907760028 0.726872644167518
31I_s_ddg 1.68677597565102 1.47503148471269 1.95145658932393
31K_s_ddg 0.57439158503283 0.494987400930957 0.653795769134703
31L_s_ddg 1.47652321694161 1.45005515557432 1.47652321694161
31M_s_ddg 2.66873437008842 1.8482244677024 6.69187969791663
31N_s_ddg 0.734910430802291 0.602570123965837 0.867250737638745
31P_s_ddg 2.28718152024826 2.23424539751368 2.34011764298284
31Q_s_ddg 0.825569875213221 0.719697629744057 0.931442120682385
31R_s_ddg 0.750543640075301 0.697607517340719 0.803479762809883
31T_s_ddg 0.0938858535346594 0.0674177921673685 0.12035391490195
31V_s_ddg 1.71440348899244 1.71440348899244 1.74087155035973
31W_s_ddg 1.96861314722357 1.86274090175441 2.07448539269273
31Y_s_ddg 2.13070712982353 1.89249457751791 2.44832386623102
32A_s_ddg 1.12178387331441 1.09531581194712 1.1482519346817
32C_s_ddg 1.34512788819153 1.29219176545695 1.39806401092611
32E_s_ddg 1.24231856576647 1.21585050439918 1.29525468850105
32F_s_ddg 3.38649209286698 2.59245025184825 7.40963742069519
32G_s_ddg 0.698940534193716 0.672472472826425 0.698940534193716
32H_s_ddg 0.357411529767538 0.225071222931084 0.463283775236702
32I_s_ddg 3.15345829513287 2.41235257684873 7.17660362296108
32K_s_ddg 1.0380776645376 1.01160960317031 1.09101378727218
32L_s_ddg 1.51618770844678 1.48971964707949 1.54265576981407
32M_s_ddg 1.53847211344672 1.48553599071214 1.5914082361813
32N_s_ddg 0.3050981947201 0.3050981947201 0.3050981947201
32P_s_ddg 2.13095181370181 2.05154762959994 2.21035599780368
32Q_s_ddg 1.0216392229752 0.942235038873327 1.10104340707707
32R_s_ddg 1.2323901598394 1.2323901598394 1.25885822120669
32S_s_ddg 0.726337996865407 0.699869935498116 0.779274119599989
32T_s_ddg 1.68312937564737 1.55078906881092 1.84193774385112
32V_s_ddg 2.61539573466012 2.53599155055825 2.69479991876199
32W_s_ddg 2.42531663815856 2.26650826995481 2.63706112909689
32Y_s_ddg 2.00404771737888 1.92464353327701 2.08345190148075
33A_s_ddg 0.240725118491364 0.240725118491364 0.240725118491364
33C_s_ddg 0.786364215677019 0.733428092942437 0.839300338411601
33D_s_ddg 0.400412204542368 0.321008020440495 0.479816388644241
33E_s_ddg 1.07130992264943e-05 -0.0529254096353553 0.0529468358338083
33F_s_ddg 1.7244604124204 1.67152428968582 1.80386459652227
33G_s_ddg 0.799846232303313 0.773378170936022 0.852782355037895
33H_s_ddg 0.647790639919057 0.647790639919057 0.647790639919057
33I_s_ddg 1.02323611783943 0.970299995104848 1.07617224057401
33K_s_ddg 0.662439337433356 0.583035153331483 0.741843521535229
33L_s_ddg 0.668861540047981 0.668861540047981 0.695329601415272
33M_s_ddg 0.897432798120353 0.844496675385771 0.950368920854935
33N_s_ddg 0.798973468054533 0.746037345319951 0.851909590789115
33Q_s_ddg 0.523445174071166 0.470509051336584 0.576381296805748
33R_s_ddg 0.504941223468961 0.504941223468961 0.504941223468961
33S_s_ddg 0.551942490379474 0.525474429012183 0.578410551746765
33T_s_ddg 0.595313667782664 0.595313667782664 0.595313667782664
33V_s_ddg 0.796148619225383 0.769680557858092 0.822616680592674
33W_s_ddg 1.73701929043507 1.6576151063332 1.81642347453694
33Y_s_ddg 1.54625366429564 1.41391335745919 1.67859397113209
34A_s_ddg 0.659431432150769 0.606495309416187 0.712367554885351
34C_s_ddg 0.640155219673913 0.56075103557204 0.719559403775786
34D_s_ddg 0.23352425919936 0.23352425919936 0.23352425919936
34E_s_ddg -0.00691788469187846 -0.112790130161042 0.0724862994099942
34F_s_ddg -0.163485210901891 -0.269357456371055 -0.0576129654327275
34G_s_ddg 0.879888222265154 0.853420160897863 0.906356283632445
34H_s_ddg -0.631290895373354 -0.790099263577099 -0.472482527169609
34I_s_ddg 0.686197498121543 0.686197498121543 0.712665559488834
34K_s_ddg -0.196346655063721 -0.196346655063721 -0.16987859369643
34L_s_ddg 0.134150178203322 0.0547459941014493 0.213554362305195
34M_s_ddg 0.389993226442762 0.257652919606308 0.522333533279216
34P_s_ddg 4.42252028386403 3.41673395190698 8.44566561169225
34Q_s_ddg 0.575100716336352 0.495696532234479 0.654504900438225
34R_s_ddg 0.379138750042935 0.352670688675644 0.405606811410226
34S_s_ddg 0.717460808914178 0.664524686179596 0.743928870281469
34T_s_ddg 0.147768561619319 0.0154282547828646 0.280108868455773
34V_s_ddg -0.249545406890466 -0.328949590992339 -0.170141222788593
34W_s_ddg 0.601310502267646 0.495438256798483 0.70718274773681
34Y_s_ddg 0.188049525062704 0.161581463695413 0.214517586429995
35A_s_ddg 1.46306210958398 1.46306210958398 1.48953017095127
35C_s_ddg 0.904474872289511 0.904474872289511 0.930942933656802
35D_s_ddg 1.95109829268782 1.87169410858595 2.03050247678969
35E_s_ddg 1.18613931060546 1.15967124923817 1.18613931060546
35F_s_ddg 0.745605525446261 0.71913746407897 0.745605525446261
35G_s_ddg 2.33054813896042 2.27761201622584 2.35701620032771
35H_s_ddg 0.904953701849045 0.852017579114463 0.957889824583627
35I_s_ddg 0.414996132021604 0.362060009287022 0.467932254756186
35K_s_ddg 0.549159132597103 0.496223009862521 0.549159132597103
35L_s_ddg 0.779802342765779 0.753334281398488 0.80627040413307
35M_s_ddg 0.132124184852462 0.105656123485171 0.158592246219753
35N_s_ddg 0.911187036834245 0.831782852732372 0.990591220936118
35P_s_ddg 2.91547997265205 2.67726742034643 3.25956477042683
35Q_s_ddg 0.872994655502241 0.872994655502241 0.872994655502241
35R_s_ddg 0.306725769958944 0.280257708591653 0.333193831326235
35S_s_ddg 1.1705236020666 1.1705236020666 1.19699166343389
35T_s_ddg 0.509175055731517 0.482706994364226 0.509175055731517
35V_s_ddg 0.298555447354503 0.298555447354503 0.298555447354503
35Y_s_ddg 0.474120651015805 0.421184528281223 0.527056773750387
36A_s_ddg 1.93469622802867 1.88176010529409 1.98763235076325
36C_s_ddg 1.54075947954182 1.48782335680724 1.56722754090911
36D_s_ddg 4.14049520362241 3.13470887166536 8.16364053145062
36E_s_ddg 2.65867545553978 2.49986708733603 2.87041994647811
36F_s_ddg 1.48589947794039 1.43296335520581 1.53883560067497
36G_s_ddg 2.19066840859822 2.19066840859822 2.21713646996551
36H_s_ddg 2.87644156939297 2.37354840341444 6.89958689722118
36I_s_ddg 0.218935860967962 0.139531676866089 0.298340045069835
36K_s_ddg 2.81944462000865 2.55476400633574 3.29586972461989
36L_s_ddg 0.548845814105181 0.548845814105181 0.575313875472472
36M_s_ddg 0.496248896085366 0.443312773350784 0.549185018819948
36N_s_ddg 2.5413648955925 2.30315234328688 2.85898163199999
36P_s_ddg 1.81630614159532 1.71043389612616 1.92217838706448
36Q_s_ddg 2.21454984160403 1.97633728929841 2.50569851664423
36R_s_ddg 3.10251220605505 3.02310802195318 3.18191639015692
36S_s_ddg 2.23049325700474 2.17755713427016 2.28342937973932
36T_s_ddg 2.0764120052256 1.97053975975644 2.20875231206205
36V_s_ddg 0.824072268673403 0.824072268673403 0.850540330040694
36Y_s_ddg 0.858403469858644 0.778999285756771 0.937807653960517
37A_s_ddg 1.3727121087515 1.34624404738421 1.3727121087515
37C_s_ddg 0.732557507962935 0.706089446595644 0.759025569330226
37D_s_ddg 2.13700750986964 2.03113526440048 2.26934781670609
37E_s_ddg 0.342563803371118 0.316095742003827 0.369031864738409
37F_s_ddg 0.648491085339379 0.595554962604797 0.701427208073961
37G_s_ddg 1.71345023659432 1.68698217522703 1.73991829796161
37H_s_ddg 0.375050839423795 0.242710532587341 0.507391146260249
37I_s_ddg -0.24261094240665 -0.269079003773941 -0.216142881039359
37L_s_ddg 0.33910514127723 0.312637079909939 0.365573202644521
37M_s_ddg 0.295481779382985 0.295481779382985 0.321949840750276
37N_s_ddg 0.741076713989125 0.741076713989125 0.767544775356416
37P_s_ddg 2.7534468706526 2.48876625697969 3.12399972979467
37Q_s_ddg 0.507242943673053 0.480774882305762 0.533711005040344
37R_s_ddg 0.480273374479968 0.480273374479968 0.506741435847259
37S_s_ddg 0.946418924416012 0.919950863048721 0.972886985783303
37T_s_ddg 0.703330819945587 0.703330819945587 0.703330819945587
37V_s_ddg 0.223958699143171 0.19749063777588 0.223958699143171
37W_s_ddg 0.556054670843883 0.556054670843883 0.582522732211174
37Y_s_ddg 0.205633952617197 0.126229768515324 0.28503813671907
38A_s_ddg 2.85450138459872 2.64275689366039 3.17211812100621
38C_s_ddg 2.87199918133472 2.58085050629452 3.58663683825157
38D_s_ddg 2.80216942191801 2.43161656277594 3.86089187660965
38E_s_ddg 2.92558989638903 2.76678152818528 3.13733438732736
38F_s_ddg 3.36354759947056 2.72831412665558 7.38669292729877
38H_s_ddg 3.63870507775219 2.7387909912643 7.6618504055804
38I_s_ddg 3.35580318127015 2.48235715614955 7.37894850909836
38K_s_ddg 3.04370121560648 2.67314835646441 3.75833887252333
38L_s_ddg 2.87331620183189 2.68803977226085 3.11152875413751
38M_s_ddg 4.37199139681214 3.36620506485509 8.39513672464036
38N_s_ddg 2.95573000620373 2.26756041065417 6.97887533403194
38P_s_ddg 3.73152194030415 2.88454397655084 7.75466726813236
38Q_s_ddg 4.20974790370456 3.38923800131854 8.23289323153277
38R_s_ddg 3.13351541375975 3.02764316829059 3.2658557205962
38S_s_ddg 3.25116975762941 2.80121271438546 7.27431508545762
38T_s_ddg 3.30667779529229 2.72438044521189 7.32982312312051
38V_s_ddg 2.96785137974811 2.83551107291166 3.07372362521727
38W_s_ddg 2.50946941984854 2.43006523574667 2.58887360395041
38Y_s_ddg 2.53544348882285 2.03255032284432 6.55858881665107
39C_s_ddg 0.264912846788999 0.185508662687126 0.344317030890872
39D_s_ddg 0.483183072052964 0.430246949318382 0.483183072052964
39E_s_ddg -0.524658048210941 -0.551126109578232 -0.49818998684365
39F_s_ddg 0.76150007412074 0.682095890018867 0.840904258222613
39G_s_ddg 0.710992658528322 0.684524597161031 0.737460719895613
39I_s_ddg 0.628787331288463 0.469978963084718 0.787595699492208
39K_s_ddg 0.0574437715533736 0.00450764881879183 0.110379894287955
39L_s_ddg 0.65675240250352 0.630284341136229 0.709688525238102
39M_s_ddg 0.164175246706532 0.0847710626046593 0.243579430808405
39N_s_ddg 0.386735273961903 0.30733108986003 0.466139458063776
39P_s_ddg 3.17712499966058 2.19780672907082 7.20027032748879
39Q_s_ddg 0.00477857124765852 -0.0746256128542142 0.0577146939822403
39R_s_ddg 0.0213657378615938 -0.00510232350569709 0.0478337992288847
39S_s_ddg -0.0483602439283705 -0.0483602439283705 -0.0218921825610796
39T_s_ddg 0.27542786993038 0.248959808563089 0.301895931297671
39V_s_ddg 0.261028654368628 0.261028654368628 0.287496715735919
39W_s_ddg 0.776884439319094 0.750416377951803 0.776884439319094
39Y_s_ddg 0.338471354978056 0.232599109508892 0.417875539079929
3A_s_ddg 0.387960448715389 0.361492387348098 0.41442851008268
3C_s_ddg 0.43795589172653 0.411487830359239 0.43795589172653
3D_s_ddg 2.26115353472494 2.20821741199036 2.31408965745952
3E_s_ddg 2.31859324560776 2.26565712287318 2.34506130697505
3F_s_ddg 0.604178716558812 0.604178716558812 0.604178716558812
3G_s_ddg 2.18529657332056 2.15882851195327 2.21176463468785
3H_s_ddg 0.854807807970514 0.828339746603223 0.854807807970514
3I_s_ddg 1.79690682896494 1.77043876759765 1.82337489033223
3K_s_ddg 2.19695781698952 2.17048975562223 2.22342587835681
3L_s_ddg 1.84332291640178 1.84332291640178 1.86979097776907
3M_s_ddg 0.803123592377161 0.803123592377161 0.829591653744452
3N_s_ddg 2.25259923283387 2.19966311009929 2.30553535556845
3P_s_ddg 2.78150814238391 2.70210395828204 2.86091232648578
3Q_s_ddg 1.98635816602631 1.98635816602631 2.03929428876089
3R_s_ddg 2.41709935912468 2.3641632363901 2.44356742049197
3S_s_ddg 1.79864008965245 1.79864008965245 1.82510815101974
3T_s_ddg 1.83096095230693 1.80449289093964 1.85742901367422
3W_s_ddg 0.628669219835951 0.60220115846866 0.655137281203242
3Y_s_ddg 0.0124944400122391 -0.0139736213550518 0.0124944400122391
40A_s_ddg 0.472779312135722 0.446311250768431 0.499247373503013
40D_s_ddg 2.85032703670073 2.55917836166053 3.32675214131197
40E_s_ddg 2.29273446850623 2.21333028440436 2.39860671397539
40F_s_ddg 1.37429984176704 1.34783178039975 1.37429984176704
40G_s_ddg 2.21469237625782 2.18822431489053 2.21469237625782
40H_s_ddg 1.20626710245316 1.12686291835129 1.28567128655503
40I_s_ddg 0.689461076216346 0.636524953481764 0.742397198950928
40K_s_ddg 1.04328208413611 1.01681402276882 1.04328208413611
40L_s_ddg 0.440152900496259 0.440152900496259 0.46662096186355
40M_s_ddg 1.15039415489967 1.09745803216509 1.20333027763425
40N_s_ddg 1.63337636416114 1.55397218005927 1.71278054826301
40P_s_ddg 3.63860089518452 2.89749517690038 7.66174622301273
40Q_s_ddg 2.01271822160173 1.88037791476528 2.17152658980548
40R_s_ddg 0.971236277312005 0.944768215944714 0.997704338679296
40S_s_ddg 1.08220053994356 1.05573247857627 1.10866860131085
40T_s_ddg 1.22101882523099 1.16808270249641 1.27395494796557
40V_s_ddg 0.298515129219714 0.298515129219714 0.298515129219714
40W_s_ddg 2.20664756797566 2.15371144524108 2.25958369071024
40Y_s_ddg 1.35547524850394 1.35547524850394 1.35547524850394
41A_s_ddg 0.896423287267575 0.869955225900284 0.922891348634866
41C_s_ddg 1.387499252529 1.33456312979442 1.46690343663087
41D_s_ddg 0.90919732134737 0.829793137245497 0.988601505449243
41E_s_ddg 1.16116375124341 1.10822762850883 1.21409987397799
41F_s_ddg 1.53713692111787 1.40479661428142 1.66947722795432
41G_s_ddg 0.588491731523038 0.562023670155747 0.588491731523038
41I_s_ddg 2.86103538935563 2.09346160970419 6.88418071718385
41K_s_ddg 0.129961961307012 0.103493899939721 0.156430022674303
41L_s_ddg 1.1340524997484 1.10758443838111 1.16052056111569
41M_s_ddg 1.23806066151111 1.18512453877653 1.31746484561298
41N_s_ddg -0.0709008116709186 -0.0973688730382095 -0.0444327503036277
41P_s_ddg 3.34524607820102 2.71001260538604 7.36839140602923
41Q_s_ddg 0.516027716738533 0.489559655371242 0.516027716738533
41R_s_ddg 0.152403042256442 0.152403042256442 0.152403042256442
41S_s_ddg 0.986835153269326 0.933899030534744 1.03977127600391
41T_s_ddg 1.95699712243914 1.82465681560269 2.11580549064289
41V_s_ddg 2.49585602894782 2.31057959937678 2.76053664262073
41W_s_ddg 1.54051351941406 1.48757739667948 1.59344964214864
41Y_s_ddg 0.914421208186683 0.887953146819392 0.914421208186683
42A_s_ddg 1.83693967304505 1.81047161167776 1.83693967304505
42C_s_ddg 2.18840810181448 2.02959973361073 2.40015259275281
42D_s_ddg 0.962171979644643 0.909235856910061 1.01510810237922
42E_s_ddg 0.937971180751201 0.937971180751201 0.964439242118492
42F_s_ddg 2.17507900058166 2.01627063237791 2.3603554301527
42H_s_ddg 1.3039985838663 1.19812633839714 1.40987082933546
42I_s_ddg 3.29115845211957 2.39124436563168 7.31430377994779
42K_s_ddg 1.06382539135778 1.03735732999049 1.09029345272507
42L_s_ddg 2.08152258326537 2.02858646053079 2.10799064463266
42M_s_ddg 1.53046679205733 1.47753066932275 1.55693485342462
42P_s_ddg 3.23476863033041 2.73187546435188 7.25791395815862
42Q_s_ddg 1.09962980279245 1.07316174142516 1.09962980279245
42R_s_ddg 1.37957265176687 1.35310459039958 1.40604071313416
42S_s_ddg 1.30968505177011 1.28321699040282 1.3361531131374
42T_s_ddg 2.5113738997625 2.32609747019146 2.77605451343541
42V_s_ddg 2.03457377748201 2.00810571611472 2.0610418388493
42W_s_ddg 1.6486009683683 1.6486009683683 1.67506902973559
42Y_s_ddg 1.93590431083915 1.69769175853353 2.22705298587935
43A_s_ddg 0.145946083277065 0.145946083277065 0.145946083277065
43C_s_ddg 0.139384593451741 0.11291653208445 0.165852654819032
43D_s_ddg 0.611170104880161 0.58470204351287 0.637638166247452
43E_s_ddg 0.234782510719904 0.234782510719904 0.261250572087195
43F_s_ddg 0.578825483847258 0.552357422479967 0.578825483847258
43G_s_ddg 1.12149619304726 1.12149619304726 1.14796425441455
43H_s_ddg 0.245795728139821 0.245795728139821 0.272263789507112
43I_s_ddg 0.773350601547334 0.746882540180043 0.773350601547334
43K_s_ddg -0.422006207637244 -0.422006207637244 -0.395538146269953
43L_s_ddg 0.423507880830892 0.423507880830892 0.423507880830892
43M_s_ddg 0.343824583882397 0.343824583882397 0.343824583882397
43N_s_ddg -0.0843428813969313 -0.110810942764222 -0.0578748200296404
43P_s_ddg 2.7082829826812 2.62887879857933 2.78768716678307
43R_s_ddg -0.268156526662169 -0.29462458802946 -0.268156526662169
43S_s_ddg 0.375966962065489 0.375966962065489 0.40243502343278
43T_s_ddg 0.388173165105412 0.361705103738121 0.414641226472703
43V_s_ddg 0.120595041723905 0.120595041723905 0.147063103091196
43W_s_ddg 1.29918456819393 1.27271650682664 1.32565262956122
43Y_s_ddg 0.592018106276284 0.565550044908993 0.618486167643575
44A_s_ddg 0.648440116715525 0.648440116715525 0.674908178082816
44C_s_ddg 0.242678455400132 0.216210394032841 0.242678455400132
44D_s_ddg 1.39248336265427 1.39248336265427 1.44541948538885
44E_s_ddg -0.197146217545751 -0.197146217545751 -0.197146217545751
44F_s_ddg 0.732995695809862 0.706527634442571 0.759463757177153
44G_s_ddg 2.00287742476898 2.00287742476898 2.02934548613627
44H_s_ddg 0.686225452328554 0.659757390961263 0.712693513695845
44I_s_ddg -0.100057439743868 -0.126525501111159 -0.0735893783765771
44K_s_ddg 0.276196973944559 0.276196973944559 0.30266503531185
44L_s_ddg 0.570397114204588 0.570397114204588 0.570397114204588
44M_s_ddg 0.230320837877028 0.203852776509737 0.230320837877028
44N_s_ddg 0.900690414254305 0.874222352887014 0.927158475621596
44P_s_ddg 2.44082441249741 2.38788828976283 2.49376053523199
44Q_s_ddg 0.0292752037401818 0.00280714237289091 0.0557432651074727
44R_s_ddg 0.684677519633814 0.684677519633814 0.684677519633814
44S_s_ddg 0.307272688468797 0.307272688468797 0.333740749836088
44V_s_ddg -0.327089198886229 -0.327089198886229 -0.327089198886229
44W_s_ddg 1.27776137891571 1.25129331754842 1.304229440283
44Y_s_ddg 0.393809136159924 0.367341074792633 0.420277197527215
45A_s_ddg 2.18079011721762 2.15432205585033 2.20725817858491
45C_s_ddg 2.43555045682784 2.40908239546055 2.46201851819513
45D_s_ddg 2.4629634108146 2.41002728808002 2.51589953354918
45E_s_ddg 2.39122288821456 2.33828676547998 2.41769094958185
45F_s_ddg 2.02294534365947 1.99647728229218 2.02294534365947
45H_s_ddg 2.48785810431371 2.38198585884455 2.62019841115016
45I_s_ddg 2.01942128247772 1.96648515974314 2.0723574052123
45K_s_ddg 2.50728206236636 2.45434593963178 2.56021818510094
45L_s_ddg 2.14683128251231 2.12036322114502 2.14683128251231
45M_s_ddg 2.3287973524779 2.30232929111061 2.38173347521248
45N_s_ddg 2.44580015847384 2.36639597437197 2.52520434257571
45P_s_ddg 2.85899260653577 2.67371617696473 3.09720515884139
45Q_s_ddg 2.62441093734031 2.57147481460573 2.70381512144218
45R_s_ddg 2.28521028984074 2.25874222847345 2.31167835120803
45S_s_ddg 2.29371168199612 2.24077555926154 2.32017974336341
45T_s_ddg 2.55331396817022 2.50037784543564 2.63271815227209
45V_s_ddg 1.96600227680551 1.93953421543822 1.9924703381728
45W_s_ddg 2.41225632046095 2.38578825909366 2.43872438182824
45Y_s_ddg 2.60773010977045 2.52832592566858 2.71360235523961
46A_s_ddg 0.682707949465867 0.656239888098576 0.709176010833158
46C_s_ddg 0.495044662097756 0.468576600730465 0.521512723465047
46D_s_ddg 1.5299135485854 1.47697742585082 1.55638160995269
46E_s_ddg 1.00019212693906 0.973724065571769 1.02666018830635
46F_s_ddg 0.186344929841587 0.133408807107005 0.212812991208878
46G_s_ddg 0.818475541990368 0.818475541990368 0.844943603357659
46H_s_ddg 0.663360206948749 0.610424084214167 0.716296329683331
46I_s_ddg -0.212006291370325 -0.212006291370325 -0.212006291370325
46K_s_ddg -0.157894448682377 -0.184362510049668 -0.131426387315086
46L_s_ddg 0.0164099865922138 -0.0100580747750771 0.0428780479595047
46N_s_ddg 0.778402197495735 0.725466074761153 0.831338320230317
46P_s_ddg 2.1025949391346 2.02319075503273 2.20846718460376
46Q_s_ddg 0.602853057389664 0.576384996022373 0.629321118756955
46R_s_ddg -0.485238058365909 -0.485238058365909 -0.485238058365909
46S_s_ddg 0.486672387280482 0.460204325913191 0.513140448647773
46T_s_ddg 0.432099801051521 0.40563173968423 0.432099801051521
46V_s_ddg -0.0469587394704696 -0.0469587394704696 -0.0204906781031787
46W_s_ddg -0.486672689847786 -0.513140751215077 -0.460204628480495
46Y_s_ddg 0.0871481207700108 0.034211998035429 0.140084243504593
47A_s_ddg 2.4082217068684 2.30234946139924 2.54056201370485
47C_s_ddg 5.2174876755301 4.15876522083846 9.24063300335832
47D_s_ddg 2.57055652052542 2.14706753864877 3.44400254564602
47E_s_ddg 2.62908279651136 2.5232105510422 2.76142310334781
47G_s_ddg 2.36976107185618 2.3168249491216 2.39622913322347
47I_s_ddg 1.60218976786538 1.57572170649809 1.60218976786538
47K_s_ddg 2.42444126682754 2.31856902135838 2.55678157366399
47L_s_ddg 1.8142351509473 1.78776708958001 1.84070321231459
47M_s_ddg 2.36589521567814 2.31295909294356 2.44529939978001
47N_s_ddg 2.82829373789114 2.29893251054532 6.85143906571935
47P_s_ddg 3.04916549211432 2.30805977383018 7.07231081994254
47Q_s_ddg 2.49838827534801 2.31311184577697 2.73660082765363
47R_s_ddg 2.62960546543924 2.55020128133737 2.70900964954111
47S_s_ddg 2.666079002404 2.58667481830213 2.77195124787316
47T_s_ddg 2.84422373445304 2.52660699804555 3.45298914590073
47V_s_ddg 1.80273608609376 1.77626802472647 1.82920414746105
47W_s_ddg 1.88081540060444 1.85434733923715 1.90728346197173
47Y_s_ddg 1.9175461481063 1.89107808673901 1.9175461481063
48A_s_ddg 1.48334105918415 1.43040493644957 1.50980912055144
48D_s_ddg 0.810012654085309 0.757076531350727 0.862948776819891
48E_s_ddg 1.78071182850789 1.72777570577331 1.83364795124247
48F_s_ddg 1.83694365105066 1.7310714055815 1.96928395788711
48G_s_ddg 1.98050288858907 1.95403482722178 2.03343901132365
48H_s_ddg 0.225895340788225 0.225895340788225 0.225895340788225
48I_s_ddg 2.54897081662869 2.28429020295578 2.97245979850534
48L_s_ddg 1.39970340232601 1.37323534095872 1.39970340232601
48M_s_ddg 1.02738814859868 0.974452025864098 1.08032427133326
48N_s_ddg 0.523483401343839 0.470547278609257 0.54995146271113
48Q_s_ddg 0.983837314383817 0.930901191649235 1.0367734371184
48R_s_ddg 0.641975725690486 0.615507664323195 0.641975725690486
48S_s_ddg 1.24880111471819 1.2223330533509 1.27526917608548
48T_s_ddg 2.48940406760247 2.38353182213331 2.59527631307163
48V_s_ddg 2.29261710097363 2.21321291687176 2.3720212850755
48W_s_ddg 1.47869062559717 1.45222256422988 1.53162674833175
48Y_s_ddg 1.2765120465329 1.22357592379832 1.32944816926748
49A_s_ddg -0.737474490700152 -0.763942552067443 -0.711006429332861
49C_s_ddg 0.0853051775248247 0.0853051775248247 0.111773238892116
49F_s_ddg 1.34739233613231 1.34739233613231 1.34739233613231
49G_s_ddg 0.743933123826693 0.743933123826693 0.743933123826693
49H_s_ddg 0.824417029923405 0.797948968556114 0.850885091290696
49K_s_ddg -0.216999777276015 -0.243467838643306 -0.216999777276015
49L_s_ddg 1.24785307490018 1.22138501353289 1.27432113626747
49N_s_ddg 0.944766525608613 0.891830402874031 0.997702648343195
49P_s_ddg 0.0478410937422011 -0.00509502899238067 0.074309155109492
49Q_s_ddg 0.755061015723731 0.72859295435644 0.781529077091022
49S_s_ddg -0.649130570341024 -0.675598631708315 -0.622662508973733
49T_s_ddg 0.283872947362795 0.257404885995504 0.283872947362795
49V_s_ddg 0.0465856817045163 0.0201176203372254 0.0465856817045163
49Y_s_ddg 1.29842226143473 1.29842226143473 1.35135838416931
4A_s_ddg 1.09297386137869 1.0665058000114 1.09297386137869
4C_s_ddg 0.432242904028412 0.432242904028412 0.458710965395703
4D_s_ddg 2.75053232456902 2.56525589499798 3.06814906097651
4E_s_ddg 0.391919173804218 0.365451112436927 0.418387235171509
4F_s_ddg 1.18020507681847 1.15373701545118 1.18020507681847
4G_s_ddg 2.42754943047344 2.42754943047344 2.45401749184073
4H_s_ddg 0.956803957143327 0.930335895776036 0.983272018510618
4I_s_ddg 0.678929708633545 0.652461647266254 0.705397770000836
4K_s_ddg 0.0633403486135979 0.036872287246307 0.0633403486135979
4L_s_ddg 0.477005491940249 0.477005491940249 0.477005491940249
4M_s_ddg 0.460035597655048 0.433567536287757 0.486503659022339
4N_s_ddg 2.00558638490303 1.95265026216845 2.05852250763761
4P_s_ddg 2.53019473743476 2.45079055333289 2.60959892153663
4R_s_ddg 0.0280860677289476 0.0280860677289476 0.0545541290962385
4S_s_ddg 1.3883460460814 1.36187798471411 1.41481410744869
4T_s_ddg 0.588034375582321 0.588034375582321 0.614502436949612
4V_s_ddg 0.170782927063674 0.144314865696383 0.170782927063674
4W_s_ddg 1.31419621711232 1.28772815574503 1.34066427847961
4Y_s_ddg 0.892519144034596 0.866051082667305 0.892519144034596
50A_s_ddg -0.456474743479744 -0.456474743479744 -0.456474743479744
50C_s_ddg -0.247013884966441 -0.273481946333732 -0.22054582359915
50D_s_ddg -0.0119326019916948 -0.0119326019916948 -0.0119326019916948
50E_s_ddg -0.534279032608754 -0.534279032608754 -0.507810971241463
50F_s_ddg 0.60023810845924 0.573770047091949 0.626706169826531
50G_s_ddg -0.185108441922809 -0.185108441922809 -0.185108441922809
50H_s_ddg -0.0620029212554344 -0.167875166724598 0.0438693242137291
50I_s_ddg 0.792703753954439 0.792703753954439 0.792703753954439
50K_s_ddg -0.525059053901297 -0.525059053901297 -0.498590992534006
50L_s_ddg 0.195636354024632 0.169168292657341 0.222104415391923
50M_s_ddg 0.238861571342317 0.212393509975026 0.265329632709608
50Q_s_ddg -0.164956162232583 -0.191424223599874 -0.164956162232583
50R_s_ddg -0.365536692655323 -0.365536692655323 -0.365536692655323
50S_s_ddg -0.57194055123352 -0.57194055123352 -0.545472489866229
50T_s_ddg -0.158229889643805 -0.184697951011096 -0.131761828276514
50V_s_ddg -0.0358378362089262 -0.0358378362089262 -0.0358378362089262
50W_s_ddg -0.148034600418746 -0.148034600418746 -0.121566539051455
50Y_s_ddg 0.904707021766077 0.904707021766077 0.904707021766077
51C_s_ddg 0.426956611864258 0.400488550496967 0.453424673231549
51E_s_ddg 2.30459238710594 2.22518820300407 2.4104646325751
51F_s_ddg 0.325577343309114 0.325577343309114 0.352045404676405
51G_s_ddg 1.64439486562847 1.61792680426118 1.67086292699576
51H_s_ddg 0.0783371289558387 0.0254010062212569 0.0783371289558387
51L_s_ddg -0.266537567558062 -0.266537567558062 -0.240069506190771
51M_s_ddg 0.161758076064855 0.135290014697564 0.188226137432146
51N_s_ddg 2.14120490657809 2.06180072247622 2.22060909067996
51R_s_ddg 0.0654857171941821 0.0654857171941821 0.091953778561473
51T_s_ddg 0.984852209452719 0.958384148085428 1.01132027082001
51V_s_ddg 0.484805016131649 0.484805016131649 0.51127307749894
51W_s_ddg 0.525545045505943 0.499076984138652 0.552013106873234
52A_s_ddg 0.936228823974044 0.909760762606753 0.962696885341335
52D_s_ddg 2.97191284672197 2.8925086626201 3.07778509219113
52F_s_ddg 2.67152444275232 2.48624801318128 2.90973699505794
52G_s_ddg 2.33758289289857 2.23171064742941 2.46992319973502
52I_s_ddg 0.983331740385967 0.956863679018676 1.00979980175326
52R_s_ddg 2.8588299939046 2.46180907339524 3.7322760190252
52W_s_ddg 2.22583251471819 1.93468383967799 2.64932149659484
53A_s_ddg 0.181664628353073 0.155196566985782 0.181664628353073
53I_s_ddg 0.333551980875023 0.307083919507732 0.360020042242314
53S_s_ddg 0.297230567340851 0.27076250597356 0.323698628708142
54H_s_ddg 0.3623038135747 0.335835752207409 0.388771874941991
54S_s_ddg 0.092316199738028 0.0658481383707371 0.118784261105319
54T_s_ddg 0.359330256984969 0.359330256984969 0.359330256984969
55A_s_ddg 0.492394515740236 0.465926454372945 0.518862577107527
55E_s_ddg 0.330048964350498 0.303580902983207 0.356517025717789
55M_s_ddg -0.0539744907152879 -0.0539744907152879 -0.027506429347997
5C_s_ddg 2.38082911204434 2.30142492794247 2.46023329614621
5D_s_ddg 2.03610816257458 1.98317203984 2.08904428530916
5E_s_ddg 2.64357445893959 2.59063833620501 2.69651058167417
5F_s_ddg 3.94913493008226 3.23449727316541 7.97228025791047
5G_s_ddg 1.46668886728756 1.44022080592027 1.49315692865485
5H_s_ddg 2.51207594013627 2.40620369466711 2.64441624697272
5I_s_ddg 3.10744062622457 2.81629195118437 3.74267409903955
5K_s_ddg 2.57355584170406 2.49415165760219 2.65296002580593
5L_s_ddg 2.73533499569585 2.65593081159398 2.84120724116501
5M_s_ddg 2.57767428034621 2.47180203487705 2.71001458718266
5N_s_ddg 2.65406440229462 2.54819215682546 2.78640470913107
5P_s_ddg 2.48592271173625 2.43298658900167 2.53885883447083
5Q_s_ddg 2.54408220761968 2.43820996215052 2.64995445308884
5R_s_ddg 2.76201371637053 2.70907759363595 2.81494983910511
5S_s_ddg 1.84946229435558 1.82299423298829 1.84946229435558
5T_s_ddg 2.08276565093489 2.0562975895676 2.10923371230218
5V_s_ddg 2.45664108894031 2.45664108894031 2.50957721167489
5W_s_ddg 2.74833071617984 2.66892653207797 2.854202961649
5Y_s_ddg 2.69821507122599 2.48647058028766 2.98936374626619
6F_s_ddg 1.85837871294858 1.83191065158129 1.91131483568316
6H_s_ddg 1.26069959653711 1.23423153516982 1.26069959653711
6I_s_ddg 0.339692271401525 0.313224210034234 0.339692271401525
6P_s_ddg 2.45955011929558 2.14193338288809 2.90950716253953
6R_s_ddg 0.073992766934197 -0.13775172400413 0.259269196505233
6S_s_ddg 2.65522243779549 1.67590416720573 6.6783677656237
7A_s_ddg 0.179377761873571 0.15290970050628 0.179377761873571
7C_s_ddg 0.0343483855627359 0.00788032419544502 0.0608164469300268
7D_s_ddg 0.58563258846712 0.453292281630666 0.691504833936283
7E_s_ddg 0.241875358018709 0.215407296651418 0.241875358018709
7G_s_ddg 1.11556487266268 1.08909681129539 1.14203293402997
7H_s_ddg -0.438935198988945 -0.650679689927272 -0.253658769417909
7I_s_ddg 0.773749691460135 0.747281630092844 0.800217752827426
7K_s_ddg -0.168879359208264 -0.195347420575555 -0.115943236473682
7L_s_ddg 0.482750115686139 0.482750115686139 0.50921817705343
7M_s_ddg 0.142905684955328 0.0899695622207462 0.19584180768991
7N_s_ddg 0.372422736840936 0.293018552739063 0.451826920942809
7P_s_ddg 4.48917777486299 3.53632756564052 8.51232310269121
7Q_s_ddg 0.0231673205094924 -0.0297688022250894 0.0761034432440742
7R_s_ddg -0.116900406595904 -0.143368467963195 -0.116900406595904
7S_s_ddg 0.630815756863547 0.604347695496256 0.657283818230838
7T_s_ddg 0.477305528365834 0.424369405631252 0.503773589733125
7V_s_ddg 0.173709519980542 0.147241458613251 0.173709519980542
7W_s_ddg 0.536115896290986 0.536115896290986 0.562583957658277
7Y_s_ddg 0.101292879542415 0.101292879542415 0.101292879542415
8A_s_ddg 1.66033911550869 1.66033911550869 1.68680717687598
8C_s_ddg 2.27203527666387 2.192631092562 2.35143946076574
8E_s_ddg 1.34515633511134 1.31868827374405 1.37162439647863
8F_s_ddg 2.5460205587227 2.36074412915166 2.78423311102832
8G_s_ddg 1.7563399381878 1.72987187682051 1.78280799955509
8H_s_ddg 1.49721448246369 1.44427835972911 1.57661866656556
8I_s_ddg 3.20498393763902 2.83443107849695 4.07842996275962
8K_s_ddg 2.01808262711535 1.93867844301348 2.09748681121722
8L_s_ddg 2.82671852428139 2.69437821744494 2.98552689248514
8M_s_ddg 2.72962379156786 2.57081542336411 2.94136828250619
8N_s_ddg 0.716756044548628 0.690287983181337 0.716756044548628
8P_s_ddg 2.12225822363017 1.96344985542642 2.30753465320121
8Q_s_ddg 2.01364127823435 1.8813009713979 2.1724496464381
8R_s_ddg 2.30184675227478 2.2489106295402 2.35478287500936
8S_s_ddg 1.34189423524876 1.31542617388147 1.36836229661605
8T_s_ddg 1.17774575638164 1.12480963364706 1.23068187911622
8V_s_ddg 2.37743960247891 2.35097154111162 2.43037572521349
8W_s_ddg 2.83876977047813 2.67996140227438 3.05051426141646
8Y_s_ddg 1.91737024368635 1.83796605958448 1.99677442778822
9A_s_ddg 1.53857573217242 1.51210767080513 1.591511854907
9C_s_ddg 1.00978540603138 0.956849283296798 1.06272152876596
9D_s_ddg 3.20095031883287 2.75099327558892 4.8419701236049
9E_s_ddg 2.87040593338181 2.47338501287245 3.98206451080803
9G_s_ddg 2.522547033037 2.44314284893513 2.62841927850616
9H_s_ddg -0.200617458091125 -0.332957764927579 -0.0682771512546706
9I_s_ddg 2.9913275561363 2.88545531066714 3.09719980160546
9K_s_ddg 1.12017210127412 1.04076791717225 1.19957628537599
9L_s_ddg 1.72827345637824 1.70180539501095 1.72827345637824
9M_s_ddg 1.47842919433155 1.39902501022968 1.55783337843342
9N_s_ddg 0.823708673637746 0.691368366801292 0.956048980474201
9P_s_ddg 3.41470125015943 2.75299971597716 7.43784657798764
9Q_s_ddg 1.32254079303945 1.24313660893758 1.40194497714132
9R_s_ddg 0.0144619380221428 0.0144619380221428 0.0409299993894337
9S_s_ddg 1.62371427708124 1.59724621571395 1.65018233844853
9T_s_ddg 2.35984251679733 2.09516190312442 2.70392731457211
9V_s_ddg 0.700763962098582 0.674295900731291 0.727232023465873
9W_s_ddg 0.246696770161582 0.220228708794291 0.273164831528873
9Y_s_ddg 0.436472400580401 0.436472400580401 0.462940461947692
49W_s_ddg 1.69646150483953 1.66999344347224 1.72292956620682
51A_s_ddg 0.118805923980029 0.118805923980029 0.14527398534732
51S_s_ddg 0.868298546805631 0.868298546805631 0.894766608172922
52S_s_ddg 2.5726429249551 2.38736649538406 2.89025966136259
53H_s_ddg 0.193984095253824 0.167516033886533 0.193984095253824
53R_s_ddg -0.30006788762233 -0.326535948989621 -0.30006788762233
54G_s_ddg 0.185650689685976 0.185650689685976 0.212118751053267
54L_s_ddg 0.297888196120498 0.297888196120498 0.324356257487789
54Q_s_ddg 0.206641550790672 0.15370542805609 0.259577673525254
54V_s_ddg 0.0856821888281609 0.0856821888281609 0.0856821888281609
48C_s_ddg 1.69513302583476 1.64219690310018 1.74806914856934
49E_s_ddg 1.38189635098789 1.3554282896206 1.43483247372247
53L_s_ddg 0.426331889781995 0.426331889781995 0.452799951149286
53P_s_ddg 2.54219781145016 2.436325565981 2.67453811828661
54R_s_ddg 0.605390906676413 0.578922845309122 0.631858968043704
56G_s_ddg 0.46480728668818 0.438339225320889 0.491275348055471
56I_s_ddg 0.200436817515708 0.173968756148417 0.226904878882999
56M_s_ddg 0.571037201958744 0.518101079224162 0.597505263326035
56R_s_ddg 0.407168415176925 0.407168415176925 0.407168415176925
56Y_s_ddg 0.273491909864893 0.247023848497602 0.273491909864893
48K_s_ddg 0.754079046148859 0.754079046148859 0.78054710751615
49D_s_ddg 2.84521532807135 2.63347083713302 3.13636400311155
49M_s_ddg 0.510302060699314 0.483833999332023 0.536770122066605
50P_s_ddg 0.573613765805175 0.547145704437884 0.573613765805175
51D_s_ddg 2.92182701088873 2.49833802901208 5.14514416574116
51I_s_ddg 0.629339054742879 0.576402932008297 0.682275177477461
51K_s_ddg -0.027695453814362 -0.0541635151816529 -0.00122739244707111
51P_s_ddg 2.87760909666987 2.63939654436425 3.22169389444465
51Q_s_ddg 1.26821906716523 1.21528294443065 1.32115518989981
52T_s_ddg 0.295775750216919 0.216371566115046 0.375179934318792
53D_s_ddg 1.17606690645368 1.09666272235181 1.25547109055555
53E_s_ddg 0.106891159848126 0.0804230984808351 0.106891159848126
53F_s_ddg 0.383594252908983 0.330658130174401 0.436530375643565
53G_s_ddg 0.0161234752291132 -0.0103445861381777 0.0161234752291132
53K_s_ddg -0.585658378850264 -0.612126440217555 -0.559190317482973
53N_s_ddg 0.698051072512734 0.671583011145443 0.724519133880025
53V_s_ddg 0.112840614511432 0.112840614511432 0.139308675878723
53W_s_ddg 0.341163313157814 0.314695251790523 0.367631374525105
53Y_s_ddg 0.60917451395825 0.582706452590959 0.635642575325541
54A_s_ddg 0.196626223479412 0.196626223479412 0.223094284846703
54C_s_ddg 0.660556473934418 0.607620351199836 0.713492596669
54E_s_ddg -0.0860918440128734 -0.139027966747455 -0.0331557212782916
54F_s_ddg 0.355066463182683 0.328598401815392 0.408002585917265
54M_s_ddg 0.557412029480353 0.504475906745771 0.610348152214935
54W_s_ddg 0.489899540510737 0.489899540510737 0.516367601878028
54Y_s_ddg 0.429582606624907 0.403114545257616 0.482518729359489
55C_s_ddg 0.410173210873212 0.35723708813863 0.463109333607794
55L_s_ddg -0.262101327367651 -0.288569388734942 -0.262101327367651
55N_s_ddg -0.114539385075901 -0.220411630545065 -0.00866713960673746
55R_s_ddg 0.193743259473754 0.167275198106463 0.220211320841045
55S_s_ddg 0.123269979858993 0.0703338571244112 0.149738041226284
55T_s_ddg 0.171130777362532 0.11819465462795 0.224066900097114
55W_s_ddg -0.17828812917923 -0.204756190546521 -0.125352006444648
55Y_s_ddg 0.144226751996671 0.0912906292620892 0.197162874731253
56K_s_ddg 0.422496972901587 0.369560850167005 0.448965034268878
56L_s_ddg 0.467859368255175 0.441391306887884 0.494327429622466
56P_s_ddg 0.236176727750159 0.156772543648286 0.315580911852032
56T_s_ddg 0.163795847632139 0.0843916635302663 0.243200031734012
56V_s_ddg 0.233343299911113 0.206875238543822 0.233343299911113
55G_s_ddg 0.0465598922124226 0.0200918308451317 0.0730279535797135
55I_s_ddg -0.15498582057466 -0.207921943309242 -0.102049697840078
54I_s_ddg 0.083541205566107 0.0306050828315252 0.136477328300689
56S_s_ddg 0.239635715009066 0.213167653641775 0.266103776376357
52M_s_ddg 2.76537544026353 2.31541839701958 3.95643820179162
53Q_s_ddg -0.0359573041678947 -0.0888934269024765 0.0169788185666871
56W_s_ddg 0.464050335265671 0.43758227389838 0.516986458000253
52C_s_ddg 0.605774140842812 0.526369956740939 0.685178324944685
55Q_s_ddg 0.118598793745457 0.0391946096435843 0.19800297784733
49I_s_ddg 1.2224384646651 1.16950234193052 1.27537458739968
54N_s_ddg -0.101302753980058 -0.15423887671464 -0.0483666312454762
52L_s_ddg 2.58623655957763 2.40096013000659 2.77151298914867
56A_s_ddg 0.328781334541939 0.275845211807357 0.35524939590923
56F_s_ddg 0.850021587550163 0.797085464815581 0.902957710284745
52N_s_ddg 2.34550552215425 2.00142072437947 2.82193062676549
52Y_s_ddg 2.62558407726916 2.25503121812709 3.3666897955533
53C_s_ddg 0.415120812897659 0.388652751530368 0.44158887426495
56Q_s_ddg 0.730468472574159 0.651064288472286 0.783404595308741
47H_s_ddg 2.50196835770577 1.91967100762537 6.52511368553398
56D_s_ddg -0.280227710749867 -0.333163833484449 -0.227291588015285
56H_s_ddg 0.31734961059872 0.264413487864138 0.370285733333302
55P_s_ddg 0.137313207345201 0.0579090232433283 0.216717391447074
52E_s_ddg 2.79739491549891 2.29450174952038 6.82054024332712
39H_s_ddg 0.243583957416141 0.00537140511052303 0.428860386987177
52K_s_ddg 2.57419801550985 2.1242409722659 3.47411210199774
53M_s_ddg 0.00238859897180497 -0.0240794623954859 0.0288566603390959
55H_s_ddg 0.554604142622188 0.422263835785734 0.686944449458643
55D_s_ddg 0.0808471381543782 -0.0250251073147853 0.186719383623542
52P_s_ddg 3.58703452162674 3.21648166248467 4.64575697631838
54K_s_ddg 0.613582873669144 0.560646750934562 0.666518996403726
56E_s_ddg -0.203253304348476 -0.256189427083058 -0.150317181613894
54D_s_ddg -0.264688334474223 -0.317624457208805 -0.211752211739641
56C_s_ddg 0.609977167304458 0.557041044569876 0.66291329003904
52H_s_ddg 2.47751116735051 1.89521381727011 6.50065649517872
55F_s_ddg 0.263905474837382 0.131565168000928 0.396245781673836
42N_s_ddg 0.643604639611396 0.511264332774942 0.775944946447851
55K_s_ddg 0.0345821283869892 -0.0448220557148835 0.113986312488862
52Q_s_ddg 3.55290363516606 2.5735853645763 7.57604896299427
12N_s_ddg 0.98608825282573 -0.363782876906105 5.00923358065394
10E_b_ddg 0.371581015224386 -0.0449413762562453 1.09102878232729
10G_b_ddg -0.106711213566784 -0.125644049543176 -0.0877783775903917
10N_b_ddg -0.25377198762939 -0.310570495558567 -0.196973479700213
10V_b_ddg 0.0728860335952154 0.0350203616424307 0.0918188695716077
11A_b_ddg -0.0231518983617717 -0.042084734338164 -0.00421906238537937
11H_b_ddg -0.0771734638717637 -0.285434659612079 0.11215489589216
11L_b_ddg -0.038731153220094 -0.152328169078448 0.07486586263826
11R_b_ddg 0.0126240284476573 -0.00630880752873503 0.0315568644240496
11S_b_ddg -0.055482390502297 -0.0933480624550817 -0.0176167185495123
11T_b_ddg -0.0206981157584738 -0.0774966236876508 0.0361003921707032
12E_b_ddg 0.32548667586905 0.268688167939873 0.382285183798227
12H_b_ddg 0.451794100320218 0.376062756414649 0.527525444225787
12K_b_ddg -0.744944883745116 -1.12360160327296 0.27742825898007
12L_b_ddg 0.216494742724451 0.197561906748059 0.235427578700843
12R_b_ddg -0.0563115203073028 -0.0941771922600875 -0.0184458483545181
13D_b_ddg -0.313324355347443 -0.332257191323835 -0.294391519371051
13G_b_ddg -0.713709205387936 -0.940903237104644 -0.486515173671228
13K_b_ddg 0.428968518903112 0.391102846950327 0.466834190855897
13Q_b_ddg 0.374858873761187 0.355926037784795 0.393791709737579
13V_b_ddg 1.02378059725366 0.929116417371698 1.11844477713562
14E_b_ddg 1.98079497132904 1.8293322835179 2.17012333109296
14G_b_ddg 0.360636857620485 0.247039841762131 0.474233873478839
14N_b_ddg 0.834969795744923 0.797104123792138 0.872835467697708
14V_b_ddg 0.0230773621846344 0.00414452620824207 0.0420101981610267
14Y_b_ddg 0.00838881590043426 -0.0484096920287427 0.0651873238296113
15A_b_ddg -0.00740385123532197 -0.064202359164499 0.049394656693855
15E_b_ddg 0.105951612859111 0.0870187768827187 0.124884448835503
15R_b_ddg 0.178367455310066 0.140501783357281 0.216233127262851
15V_b_ddg 1.02297400979691 0.738981470151025 1.42056356530115
16A_b_ddg 0.0251553232139062 -0.0316431847152708 0.0819538311430832
16D_b_ddg 1.08950603656349 0.975909020705136 1.22203588839824
16G_b_ddg 1.15878113569774 1.04518411983939 1.29131098753249
16K_b_ddg 1.07306773162258 -0.176499442819314 3.95085880003422
16V_b_ddg 1.22793691170838 1.07647422389724 1.39833243549591
17M_b_ddg 2.16595383623135 1.93875980451464 2.5446105557592
17P_b_ddg 1.99322467871648 1.65243363114142 2.52334408605547
17Q_b_ddg 1.92197510329449 1.71371390755417 2.13023629903481
17R_b_ddg 0.216564691643515 0.17869901969073 0.2544303635963
17V_b_ddg 0.422551387314599 0.308954371456245 0.555081239149345
18A_b_ddg 0.521991866866903 0.313730671126587 0.787051570536396
18C_b_ddg 1.40574553983336 0.326573889178997 4.28353660824499
18D_b_ddg -0.336735325918843 -0.412466669824412 -0.261003982013274
18S_b_ddg 2.81906315607592 1.77775717737434 5.69685422448755
18V_b_ddg 0.153493878777602 0.13456104280121 0.172426714753994
19I_b_ddg -0.116456470498662 -0.135389306475054 -0.0975236345222697
19L_b_ddg 0.154135023980705 0.135202188004313 0.173067859957097
19S_b_ddg 0.0859831307919241 0.0481174588391394 0.123848802744709
19Y_b_ddg -0.0229307995925843 -0.0418636355689766 -0.00399796361619197
1A_b_ddg -0.155171000094438 -0.17410383607083 -0.136238164118046
1I_b_ddg 0.642496906366762 0.415302874650054 0.945422281989039
1K_b_ddg 0.385618228912369 0.253088377077623 0.518148080747115
1P_b_ddg -0.0511426241179462 -0.0700754600943385 -0.0322097881415539
1R_b_ddg -0.0245390277543947 -0.0245390277543947 -0.0245390277543947
1S_b_ddg -0.123001361948248 -0.236598377806602 -0.0283371820662863
20C_b_ddg -0.00511411636912647 -0.11871113222748 0.108482899489228
20G_b_ddg 0.0763857896271218 0.00065444572155246 0.152117133532691
20H_b_ddg -0.0403312205684739 -0.0403312205684739 -0.0403312205684739
20L_b_ddg -0.255665664078795 -0.29353133603158 -0.21779999212601
20S_b_ddg 1.08675117741196 0.651295949954936 1.99552730427879
21G_b_ddg -0.118443167848057 -0.137376003824449 -0.0995103318716647
21L_b_ddg -0.26578727459557 -0.398317126430316 -0.152190258737216
21P_b_ddg -0.150748786103015 -0.169681622079407 -0.131815950126623
21Q_b_ddg -0.179790299545691 -0.388051495286007 0.0284708961946247
21W_b_ddg -0.289944505264067 -0.308877341240459 -0.271011669287675
22E_b_ddg -0.0628594649833113 -0.119657972912488 -0.0060609570541343
22R_b_ddg -0.0165869540915966 -0.0355197900679889 -0.0165869540915966
22V_b_ddg -0.594592844587338 -0.632458516540123 -0.556727172634553
23A_b_ddg -0.228503170509419 -0.247436006485811 -0.209570334533027
23E_b_ddg -0.212692698097703 -0.26949120602688 -0.155894190168526
23G_b_ddg 0.69177491296281 -0.19806837792763 3.56956598137444
23H_b_ddg 0.677477152502479 -1.48086614880625 3.55526822091411
23N_b_ddg -0.11998215597839 -0.11998215597839 -0.11998215597839
23V_b_ddg 0.206477691509519 0.0739478396747727 0.357940379320658
23Y_b_ddg 0.578754402316589 0.143299174859565 1.71472456090013
24C_b_ddg -0.0979529954208453 -0.116885831397238 -0.079020159444453
24I_b_ddg -0.153865042923924 -0.210663550853101 -0.097066534994747
24L_b_ddg -0.370668920527493 -0.446400264433062 -0.294937576621924
24S_b_ddg -0.10291572078736 -0.34904258848046 0.0864126389765633
24V_b_ddg -0.0197662340494044 -0.0197662340494044 -0.0197662340494044
24Y_b_ddg -0.039060707288874 -0.0769263792416587 -0.00119503533608933
25F_b_ddg -0.187097369277961 -0.206030205254353 -0.168164533301569
25M_b_ddg -0.0660983052068748 -0.141829649112444 0.00963303869869453
25N_b_ddg -0.0974683484561927 -0.0974683484561927 -0.0974683484561927
25T_b_ddg -0.0161229555918271 -0.110787135473789 0.0785412242901346
25V_b_ddg 0.116568053750373 -0.053827470037158 0.286963577537904
26D_b_ddg -0.440544231373818 -0.667738263090526 -0.232283035633502
26L_b_ddg 0.197464342522426 0.0649344906876797 0.329994194357172
26N_b_ddg -0.335772910798129 -0.373638582750914 -0.297907238845344
26Q_b_ddg 0.642321766803958 -0.0581931643225583 3.52011283521559
26R_b_ddg -0.0518551121007406 -0.0707879480771329 -0.0518551121007406
26Y_b_ddg -0.134283506081539 -0.153216342057931 -0.115350670105147
27A_b_ddg 0.753725841996339 -2.1240652264153 3.63151691040797
27D_b_ddg -0.0111938541444156 -0.0301266901208079 0.00773898183197673
27G_b_ddg -0.078905301106784 -0.0978381370831763 -0.0599724651303917
27I_b_ddg -0.0517905004648775 -0.0896561724176622 -0.0139248285120928
27L_b_ddg 0.00525806152332546 -0.0894061183586362 0.0999222414052871
28I_b_ddg 0.200856203601808 0.087259187743454 0.314453219460162
28K_b_ddg 2.12942727828792 1.06918846360995 5.00721834669955
28L_b_ddg -0.110189696702483 -0.129122532678875 -0.0912568607260907
28T_b_ddg -0.0546539671564382 -0.1493181470384 0.0210773767491311
28V_b_ddg 0.0187986708988508 -0.000134165077541534 0.0377315068752431
29A_b_ddg -0.0539327127198236 -0.0728655486962159 -0.0349998767434313
29E_b_ddg 0.0266768817503321 0.00774404577393977 0.0266768817503321
29G_b_ddg -0.247081134809797 -0.493208002502897 0.0179785688596957
29H_b_ddg -0.222157934933369 -0.241090770909761 -0.203225098956977
29N_b_ddg -0.0736613744224856 -0.0925942103988779 -0.0547285384460933
29V_b_ddg -0.122049001816516 -0.178847509745693 -0.065250493887339
29Y_b_ddg -0.0866678321850834 -0.105600668161476 -0.0677349962086911
2C_b_ddg -0.0370646976444737 -0.0749303695972584 0.00080097430831097
2F_b_ddg 0.215383450771852 0.0260550910079287 0.404711810535775
2H_b_ddg -0.11715837815301 -0.155024050105795 -0.0792927062002253
2N_b_ddg -0.160425114744456 -0.179357950720848 -0.141492278768064
30D_b_ddg 0.0473393149321234 -0.0283920289734459 0.123070658837693
30H_b_ddg -0.553873362028131 -0.6296047059337 -0.478142018122562
30I_b_ddg -0.012110397555879 -0.0499760695086637 0.0257552743969057
30K_b_ddg -0.164223221905053 -0.183156057881445 -0.145290385928661
30S_b_ddg -0.117584672621393 -0.136517508597785 -0.0986518366450007
30Y_b_ddg -0.0243887220275269 -0.0811872299567039 0.0324097859016501
31L_b_ddg 0.751566523983454 -0.232940946788947 3.62935759239509
31P_b_ddg 0.0499329007224041 0.0310000647460118 0.0688657366987964
31T_b_ddg 0.0290507804497515 -0.0277477274794255 0.0858492883789285
32E_b_ddg -0.0635739185947911 -0.101439590547576 -0.0257082466420064
32G_b_ddg 0.197845438244203 0.103181258362241 0.292509618126165
32N_b_ddg -0.159321886725794 -0.216120394654971 -0.102523378796617
32V_b_ddg -0.271963823306883 -0.290896659283275 -0.253030987330491
32Y_b_ddg 0.0985731285294319 0.0417746206002549 0.155371636458609
33H_b_ddg -0.0205818705420931 -0.0205818705420931 -0.0205818705420931
33L_b_ddg 0.892523449157345 0.722127925369814 1.10078464489766
33R_b_ddg 1.06923338117897 0.955636365320616 1.20176323301372
33S_b_ddg 0.163097220634819 0.125231548682034 0.200962892587604
33T_b_ddg 0.377391734213892 0.244861882379146 0.490988750072246
34D_b_ddg 0.326773520154303 0.213176504295949 0.440370536012657
34I_b_ddg 0.826123083916355 -0.991429169817309 3.70391415232799
34K_b_ddg 0.00966143087254201 -0.00927140510385032 0.0285942668489343
34S_b_ddg -0.140756483928192 -0.159689319904584 -0.1218236479518
34Y_b_ddg 1.38346181570167 0.682946884575154 4.26125288411331
35C_b_ddg 0.019684128505471 0.000751292529078667 0.0386169644818633
35G_b_ddg 0.0188279737834691 -0.000104862192923234 0.0377608097598614
35L_b_ddg -0.0692434737869358 -0.0881763097633281 -0.0503106378105435
35R_b_ddg -0.125698642312807 -0.220362822194769 -0.0310344624308453
35S_b_ddg 0.391329195777352 0.37239635980096 0.410262031753744
36C_b_ddg 1.25606488145448 1.16140070157252 1.35072906133644
36L_b_ddg 0.354738541410431 0.297940033481254 0.392604213363216
36R_b_ddg 0.12865259996226 0.109719763985868 0.147585435938652
36S_b_ddg 1.6812385790483 1.05645499182735 4.55902964745994
37E_b_ddg 1.41269275414246 0.579647971181197 4.2904838225541
37I_b_ddg 1.34529103168218 1.25062685180022 1.43995521156414
37N_b_ddg 1.68929078250262 1.63249227457344 1.76502212640819
37Q_b_ddg 1.3891651360463 0.877978564683707 2.90379201415769
37R_b_ddg 0.305879395347307 0.24908088741813 0.362677903276484
37T_b_ddg 0.280462962329735 0.166865946471381 0.394059978188089
38E_b_ddg 0.567420895845555 0.52955522389277 0.60528656779834
38R_b_ddg 0.376052098052748 0.224589410241609 0.546447621840279
39D_b_ddg 0.39996024689146 -0.773875583644865 3.27775131530309
39S_b_ddg -0.561797477007195 -0.59966314895998 -0.52393180505441
39T_b_ddg -0.267642542674266 -0.286575378650658 -0.248709706697874
39V_b_ddg -0.304970909854894 -0.323903745831286 -0.286038073878502
3A_b_ddg 0.922356035963141 0.676229168270041 1.20634857560903
3D_b_ddg -0.223859220415694 -0.242792056392086 -0.204926384439302
3F_b_ddg -0.174663714624917 -0.231462222554094 -0.11786520669574
3G_b_ddg 0.712372281342322 0.276917053885298 1.69687975211472
3I_b_ddg 1.94469686032674 0.922323717601554 4.82248792873837
3L_b_ddg -0.158787164569386 -0.461712540191663 0.182003883005676
40F_b_ddg -0.179555149771482 -0.217420821724267 -0.141689477818697
40R_b_ddg -0.577498904121284 -0.918289951696346 -0.331372036428184
40S_b_ddg 0.598658609352583 -2.27913245905905 3.47644967776422
40W_b_ddg -0.0808679735506966 -0.0998008095270889 -0.0619351375743043
40Y_b_ddg -0.0596941358283135 -0.0786269718047058 -0.0407612998519212
41L_b_ddg -0.022940771655467 -0.0418736076318593 -0.00400793567907467
41N_b_ddg -0.013673396975553 -0.0326062329519453 0.00525943900083933
41R_b_ddg 0.840272331493841 0.688809643682702 1.02960069125776
41Y_b_ddg -0.0253368759080232 -0.0821353838372002 0.0314616320211538
42A_b_ddg 0.193752657869853 0.0422899700587143 0.364148181657384
42E_b_ddg 0.0594688489366384 0.0405360129602461 0.0784016849130307
42R_b_ddg 0.352016173568161 -0.38636442951114 3.2298072419798
42V_b_ddg -0.0154000723924311 -0.0532657443452158 0.0224655995603536
42W_b_ddg -0.168966561901043 -0.187899397877435 -0.150033725924651
43H_b_ddg -0.28983380687736 -0.327699478830145 -0.251968134924575
43K_b_ddg -0.582426865600567 -0.733889553411706 -0.430964177789428
43L_b_ddg -0.12190971503877 -0.140842551015162 -0.102976879062378
43R_b_ddg -0.173565366038519 -0.192498202014911 -0.173565366038519
44A_b_ddg -0.100848611548864 -0.119781447525256 -0.0819157755724717
44I_b_ddg 0.730171317537203 -2.14761975087443 3.60796238594884
44P_b_ddg -0.214901140551958 -0.290632484457527 -0.139169796646389
44S_b_ddg 0.122404567699824 0.103471731723432 0.141337403676216
45A_b_ddg -0.193584361826278 -0.231450033779063 -0.155718689873493
45C_b_ddg 0.560221229709982 0.446624213851628 0.673818245568336
45D_b_ddg -0.201624760243382 -0.220557596219774 -0.18269192426699
45S_b_ddg -0.2073921430775 -0.226324979053892 -0.188459307101108
45V_b_ddg -0.107313713221113 -0.126246549197505 -0.0883808772447207
46I_b_ddg -0.0818431768585151 -0.100776012834907 -0.0629103408821228
46K_b_ddg -0.134819733352095 -0.380946601045195 0.0545086264118284
46L_b_ddg -0.0857181800062562 -0.104651015982649 -0.0667853440298639
46T_b_ddg 0.0124720143321423 -0.063259329573427 0.0882033582377116
46V_b_ddg -0.118561885784873 -0.137494721761265 -0.0996290498084807
47C_b_ddg 0.158983049175491 -0.238606506328748 1.74934127119245
47I_b_ddg 0.152231116762261 0.133298280785869 0.171163952738653
47L_b_ddg -0.00484267779956313 -0.0427083497523478 0.0330229941532215
47S_b_ddg -0.0207709996038318 -0.0397038355802241 -0.00183816362743947
47Y_b_ddg -0.0846679427743186 -0.236130630585457 0.0478619090604277
48H_b_ddg -0.371685211034516 -0.598879242751224 -0.087692671388631
48L_b_ddg -0.120834375706846 -0.139767211683238 -0.101901539730454
48S_b_ddg 0.870442082156148 0.662180886415832 1.15443462180203
48T_b_ddg 0.529765647156865 0.454034303251296 0.605496991062434
49C_b_ddg 0.628408261807737 0.514811245949383 0.742005277666091
49H_b_ddg 0.574582279830471 0.479918099948509 0.688179295688825
49L_b_ddg 0.428217482166607 0.257821958379076 0.636478677906923
49S_b_ddg 0.171086998698912 0.133221326746127 0.208952670651697
4E_b_ddg 1.71518909413201 1.58265924229726 1.86665178194315
4H_b_ddg -0.369369879850691 -0.388302715827083 -0.350437043874299
4K_b_ddg 0.0263350538262881 0.00740221784989577 0.0452678898026804
4L_b_ddg 0.0771601221674778 0.0582272861910855 0.0960929581438701
4P_b_ddg 1.49757207890676 -0.509308534590827 4.37536314731839
4R_b_ddg 0.066972228628375 0.0291065566755903 0.10483790058116
50D_b_ddg -0.149013398419437 -0.167946234395829 -0.130080562443045
50I_b_ddg 0.291591130921649 0.14012844311051 0.46198665470918
50K_b_ddg -0.0822604042134197 -0.120126076166204 -0.044394732260635
50S_b_ddg 1.74343152516897 1.64876734528701 1.85702854102732
50Y_b_ddg 2.28697527632331 1.88938572081907 3.7826693184583
51C_b_ddg 0.721289974624562 -2.15650109378707 3.5990810430362
51F_b_ddg 1.1016311715243 0.950168483713161 1.27202669531183
51H_b_ddg 0.152037352964822 -0.0562238427754937 0.360298548705138
51N_b_ddg -0.211228124712627 -0.230160960689019 -0.192295288736235
52A_b_ddg -0.287854293835752 -0.420384145670498 -0.174257277977398
52D_b_ddg -0.12359268599583 -0.142525521972222 -0.104659850019438
52I_b_ddg -0.384050958624164 -0.402983794600556 -0.365118122647772
53A_b_ddg 0.734767876668937 0.659036532763368 0.810499220574506
53I_b_ddg -0.220003486946541 -0.238936322922933 -0.201070650970149
53S_b_ddg -0.296630354235535 -0.467025878023066 -0.145167666424396
54H_b_ddg -0.152517571846285 -0.171450407822677 -0.133584735869893
54S_b_ddg 0.027197035817918 0.00826419984152566 0.0461298717943103
54T_b_ddg 0.115278695094717 0.0963458591183247 0.115278695094717
55A_b_ddg -0.190386169857598 -0.625841397314622 2.44127803086094
55E_b_ddg -0.0762704730116759 -0.0952033089880682 -0.0573376370352836
5D_b_ddg 0.0377569162073849 0.0188240802309926 0.0566897521837772
5G_b_ddg 0.217393908082208 0.103796892223854 0.330990923940562
5P_b_ddg 0.471767788385823 0.452834952409431 0.490700624362215
5S_b_ddg 0.902279584548646 0.883346748572254 0.921212420525038
5T_b_ddg 0.24265732456437 0.223724488587978 0.261590160540762
5V_b_ddg 0.0514418753931848 -0.0432223044887769 0.127173219298754
6F_b_ddg 0.377520393913048 0.358587557936656 0.39645322988944
6H_b_ddg 1.69271457586558 1.33299069231413 2.45002801492127
6I_b_ddg 0.218180264813387 0.199247428836995 0.237113100789779
6P_b_ddg -0.280858881268774 -0.299791717245166 -0.261926045292382
6R_b_ddg 1.2398878017082 0.974828098038707 1.65641019318883
7C_b_ddg -0.0636039497510134 -0.0825367857274057 -0.0446711137746211
7I_b_ddg 0.337824554549641 0.186361866738502 0.508220078337172
7L_b_ddg 0.808585689148089 0.373130461691065 1.50910062027461
7S_b_ddg -0.179525752667255 -0.198458588643647 -0.160592916690863
7V_b_ddg 0.000240365881877699 -0.0186924700945146 0.01917320185827
7Y_b_ddg 0.179654038625343 0.160721202648951 0.198586874601735
8E_b_ddg -0.0577949614679118 -0.0767277974443041 -0.0388621254915195
8G_b_ddg -0.132965007778165 -0.151897843754557 -0.114032171801773
8H_b_ddg 0.00618432974319934 -0.0316813422095853 0.044050001695984
8N_b_ddg -0.0367096947228855 -0.0556425306992778 -0.0177768587464932
8V_b_ddg 0.178085516100227 0.159152680123835 0.197018352076619
8Y_b_ddg 0.0502129235385619 0.0312800875621696 0.0691457595149542
9C_b_ddg 0.0946659704641602 0.0757331344877679 0.113598806440553
9I_b_ddg 0.847766923435444 0.374446024025636 2.04053558994816
9L_b_ddg -0.442140657802971 -0.631469017566894 -0.27174513401544
9S_b_ddg 0.0226896140731971 -0.166638745690726 0.268816481766297
9V_b_ddg -0.450974231459781 -0.52670557536535 -0.375242887554212
9Y_b_ddg -0.0578267389175304 -0.0956924108703151 -0.0199610669647457
49G_b_ddg 0.528380765460399 0.395850913625653 0.679843453271538
55M_b_ddg -0.0728085996447524 -0.129607107573929 -0.0160100917155754
56I_b_ddg 0.152915150230905 0.11504947827812 0.19078082218369
56Y_b_ddg 0.0745787576682845 0.0556459216918922 0.0935115936446768
12P_b_ddg 0.362502919555302 -0.205482159736468 3.24029398796694
56H_b_ddg 0.335255536570726 0.20272568473598 0.467785388405472
55L_b_ddg 2.68469980009564 1.7948565092052 5.56249086850728
56K_b_ddg 1.79952353436288 1.70485935448092 1.91312055022123
56D_b_ddg 1.6539392054841 1.59714069755492 1.71073771341328
36G_b_ddg 1.48081649270936 1.40508514880379 1.55654783661493
53P_b_ddg 2.258268054303 1.55775312317648 5.13605912271463
39G_b_ddg -0.0705912137999634 -0.0895240497763557 -0.0516583778235711
56S_b_ddg -0.240159040515825 -0.27802471246861 -0.20229336856304
54L_b_ddg -0.305332169357971 -0.324265005334363 -0.286399333381579
39P_b_ddg -0.285036036300395 -0.436498724111534 -0.133573348489256
44N_b_ddg -0.0878731778038153 -0.1257388497566 -0.0500075058510306
56T_b_ddg 0.15322022378021 0.0774888798746407 0.228951567685779
28R_b_ddg 0.181164111389937 0.010768587602406 0.351559635177468
52F_b_ddg 2.24346459972147 1.35362130883103 5.1212556681331
51S_b_ddg 0.330122993482994 0.159727469695463 0.53838418922331
38V_b_ddg 0.990814834221509 0.952949162268724 1.02868050617429
30T_b_ddg 1.19409648474119 1.09943230485923 1.28876066462315
52L_b_ddg 3.76667535081926 2.72536937211768 6.64446641923089
34H_b_ddg 1.68571374851947 1.6099824046139 1.76144509242504
43E_b_ddg 2.44849133078158 1.86157341551342 5.32628239919321
41Q_b_ddg -0.1535506652941 -0.210349173223277 -0.096752157364923
33A_b_ddg 1.39678447324911 0.279747150641962 4.27457554166075
53N_b_ddg 0.0184841099431052 -0.000448726033287133 0.0374169459194975
50T_b_ddg -0.0471710392277672 -0.0661038752041595 -0.0282382032513749
43P_b_ddg -0.28724238633546 -0.419772238170206 -0.154712534500714
41P_b_ddg 0.926850997504265 0.226336066377749 3.8046420659159
48R_b_ddg 0.120947836685961 0.064149328756784 0.177746344615138
10A_b_ddg -0.218918424020696 -0.294649767926265 -0.143187080115127
50H_b_ddg -0.0686425966578208 -0.276903792398136 0.10175292712971
54A_b_ddg 0.0675882211791535 0.0107897132499765 0.12438672910833
49P_b_ddg 0.204333367725433 -0.136457679849629 0.564057251276887
10Y_b_ddg 0.0919065583507745 0.0540408863979898 0.129772230303559
26P_b_ddg 0.132193831880035 -0.000336019954711331 0.264723683714781
b_dgwt -0.775285485558638 -0.775285485558638 -0.775285485558638
b_fwt 0.95604700985747 0.95604700985747 0.95604700985747
b_f0 0.0491263368307176 0.0491263368307176 0.0491263368307176
s_dgwt -1.09672107591853 -1.12318913728582 -1.07025301455124
s_fwt 1.01924825549187 1.01299825549187 1.02549825549187
s_f0 -0.126552173006953 -0.126552173006953 -0.126552173006953
