par value lower upper
10A_s_ddg 4.1618540985471 -3.39787989905661 11.7215880961508
10E_s_ddg -0.0748050788336766 -7.63453907643738 1.41724768385127
10G_s_ddg 1.4865641926253 -6.07316980497841 9.04629819022901
10H_s_ddg 0.820209975942179 -6.73952402166153 8.37994397354589
10N_s_ddg 0.69148079944865 -6.86825319815506 8.25121479705236
10V_s_ddg -0.0677838515312004 -7.62751784913491 2.26976547667521
10Y_s_ddg -1.01088002602202 -8.57061402362573 6.54885397158169
11A_s_ddg -0.912724434437522 -8.47245843204123 6.64700956316618
11H_s_ddg 1.13586460971048 -6.42386938789323 8.69559860731419
11L_s_ddg 1.98513361230798 -5.57460038529573 9.54486760991169
11Q_s_ddg 0.732692374784815 -6.82704162281889 8.29242637238852
11R_s_ddg 0.753604673090673 -6.80612932451303 8.31333867069438
11S_s_ddg 1.05051571292292 -6.50921828468079 8.61024971052663
11T_s_ddg 1.91147491297343 -5.64825908463028 9.47120891057714
12E_s_ddg -0.63904953778651 -8.19878353539022 6.9206844598172
12H_s_ddg 0.364456931910064 -7.19527706569364 4.09458883862242
12K_s_ddg 0.369386628543003 -7.1903473690607 7.92912062614671
12L_s_ddg 0.452155748889605 -7.1075782487141 5.7738106024659
12P_s_ddg -2.6412005319828 -10.2009345295865 4.91853346562091
12R_s_ddg 0.275392208191905 -7.2843417894118 7.83512620579561
13A_s_ddg 0.855070912758487 -6.70466308484522 8.41480491036219
13D_s_ddg 0.354424886013507 -7.2053091115902 5.7258148316793
13G_s_ddg 1.49712700597933 -6.06260699162438 9.05686100358304
13K_s_ddg 1.86472198571608 -5.69501201188763 9.42445598331979
13Q_s_ddg 4.64639788513689 -2.91333611246682 12.2061318827406
13V_s_ddg 0.614231274777125 -6.94550272282658 8.17396527238083
14A_s_ddg 0.807902710547245 -6.75183128705646 8.36763670815095
14E_s_ddg -0.272732692436457 -7.83246669004016 1.81614117532246
14G_s_ddg 0.788698434749001 -6.77103556285471 8.34843243235271
14H_s_ddg 0.60998326551294 -6.94975073209077 8.16971726311665
14I_s_ddg 0.705984574334569 -6.85374942326914 8.26571857193828
14N_s_ddg 0.713154696114063 -6.84657930148964 8.27288869371777
14V_s_ddg 0.439233717823782 -7.12050027977992 3.72174979573065
14Y_s_ddg 0.712462600943014 -6.84727139666069 8.27219659854672
15A_s_ddg 1.7710704760589 -5.78866352154481 9.33080447366261
15E_s_ddg 1.08541584552206 -6.47431815208165 8.64514984312577
15L_s_ddg 0.83779942744412 -6.72193457015959 8.39753342504783
15R_s_ddg 1.84269172626012 -5.71704227134359 9.40242572386383
15S_s_ddg 0.681221492952019 -6.87851250465169 8.24095549055573
15V_s_ddg -1.20091799619447 -8.76065199379818 6.35881600140924
16A_s_ddg 1.13372937406817 -6.42600462353554 8.69346337167188
16D_s_ddg 0.59243733564642 -6.96729666195729 8.15217133325013
16G_s_ddg 0.528934924238583 -7.03079907336512 8.08866892184229
16K_s_ddg -1.45874416819438 -9.01847816579809 6.10098982940933
16Q_s_ddg 0.759571550563596 -6.80016244704011 8.3193055481673
16V_s_ddg -0.922130505571362 -8.48186450317507 6.63760349203235
17M_s_ddg 1.67830620239098 -5.88142779521273 9.23804019999469
17P_s_ddg -0.568309606470045 -8.12804360407375 6.99142439113366
17Q_s_ddg -0.518478240511326 -8.07821223811503 7.04125575709238
17R_s_ddg 0.691270899602452 -6.86846309800125 8.25100489720616
17S_s_ddg 0.939885524822537 -6.61984847278117 8.49961952242624
17V_s_ddg 6.16706046142146 -1.39267353618225 13.7267944590252
18A_s_ddg 4.8483802986994 -2.71135369890431 12.4081142963031
18C_s_ddg 0.426687347572611 -7.1330466500311 3.2118525045845
18D_s_ddg 0.888689169082664 -6.67104482852104 6.30981420683795
18I_s_ddg 0.808162432966081 -6.75157156463763 8.36789643056979
18R_s_ddg 0.61632930595263 -6.94340469165108 8.17606330355634
18S_s_ddg 0.190900550849308 -7.3688334467544 5.5125554044256
18V_s_ddg 1.4786343017794 -6.08109969582431 9.03836829938311
19C_s_ddg 0.668462232770047 -6.89127176483366 8.22819623037375
19H_s_ddg 0.898631075055768 -6.66110292254794 8.45836507265948
19I_s_ddg 1.34180630778562 -6.21792768981809 8.90154030538933
19L_s_ddg 1.48221981585025 -6.07751418175346 9.04195381345396
19S_s_ddg 1.67016811104219 -5.88956588656152 9.2299021086459
19V_s_ddg 0.90215999190233 -6.65757400570138 8.46189398950604
19Y_s_ddg 0.672897882881919 -6.88683611472179 8.23263188048563
1A_s_ddg 0.689309033571552 -6.87042496403215 6.16016916341634
1I_s_ddg -0.17285326721516 -7.73258726481887 1.56787495591727
1K_s_ddg -0.848916793235659 -8.40865079083937 6.71081720436805
1L_s_ddg 0.688093538444308 -6.8716404591594 8.24782753604801
1M_s_ddg 0.851201827403045 -6.70853217020066 8.41093582500675
1P_s_ddg -1.42021396706605 -8.97994796466976 6.13952003053766
1R_s_ddg -0.0529242292600631 -7.61265822686377 7.50680976834364
1S_s_ddg -0.0145273775783641 -7.57426137518207 1.17911483256959
1V_s_ddg 0.609391780965224 -6.95034221663848 8.16912577856893
20C_s_ddg 0.678034354190086 -6.88169964341362 8.23776835179379
20G_s_ddg 5.07760088757696 -2.48213311002675 12.6373348851807
20H_s_ddg 0.328208872274515 -7.23152512532919 5.7990690021193
20L_s_ddg 1.322834962384 -6.23689903521971 8.88256895998771
20P_s_ddg 0.804797883537422 -6.75493611406629 8.36453188114113
20Q_s_ddg 0.249233905683291 -7.31050009192042 7.808967903287
20S_s_ddg 0.470780500022872 -7.08895349758084 3.20621056494527
21G_s_ddg 1.87741076910709 -5.68232322849662 9.4371447667108
21H_s_ddg 0.799164758929478 -6.76056923867423 8.35889875653318
21K_s_ddg -0.320377182816704 -7.88011118042041 7.239356814787
21L_s_ddg 1.27525559538572 -6.28447840221799 6.69638063314101
21M_s_ddg 0.680853776289757 -6.87888022131395 8.24058777389346
21P_s_ddg 2.78957435346881 -4.7701596441349 10.3493083510725
21Q_s_ddg 0.362760399493975 -7.19697359810973 2.75004481978988
21W_s_ddg 1.63897699991108 -5.92075699769263 9.19871099751479
22A_s_ddg 0.826203457741419 -6.73353053986229 8.38593745534513
22C_s_ddg 0.690091944116553 -6.86964205348715 8.24982594172026
22E_s_ddg 2.11271810395915 0.322254788737219 9.67245210156286
22R_s_ddg 2.75578288808026 0.617173928231843 10.315516885684
22V_s_ddg 0.65149210673459 -6.90824189086912 8.2112261043383
23A_s_ddg 0.696971641986672 -6.86276235561703 8.25670563959038
23E_s_ddg 0.481685098975675 -7.07804889862803 5.75360486046247
23G_s_ddg 3.60700442852571 -3.952729569078 11.1667384261294
23H_s_ddg 4.82007891890396 -2.73965507869975 12.3798129165077
23N_s_ddg 0.594383735642328 -0.49978829032663 3.28007870847522
23V_s_ddg 1.72534028492105 -5.83439371268266 9.28507428252476
23Y_s_ddg 1.20947303073503 -6.35026096686868 8.76920702833874
24C_s_ddg -0.458277679965233 -8.01801167756894 7.10145631763847
24I_s_ddg -0.780390932456508 -8.34012493006021 0.114840725154457
24L_s_ddg -0.186669633313004 -7.74640363091671 3.04611135250437
24N_s_ddg 0.722037357454453 -6.83769664014925 8.28177135505816
24S_s_ddg 1.19150617682469 -6.36822782077902 6.66236630666948
24T_s_ddg -0.028286954934326 -7.58802095253803 7.53144704266938
24V_s_ddg -2.49616816427259 -10.0559021618763 5.06356583333112
24Y_s_ddg 0.0478161322613122 -7.51191786534239 1.29119343449876
25F_s_ddg 6.46601608207117 -1.09371791553254 14.0257500796749
25L_s_ddg 0.840042136744458 -6.71969186085925 8.39977613434817
25M_s_ddg 0.69404651533339 -6.86568748227032 8.2537805129371
25N_s_ddg 0.966356685373038 -6.59337731223067 8.52609068297675
25S_s_ddg 1.02426336824556 -6.53547062935815 8.58399736584927
25T_s_ddg -1.59275309167338 -9.15248708927709 5.96698090593033
25V_s_ddg 3.79448269860148 0.561701712784106 11.3542166962052
26D_s_ddg 4.7227011453428 -2.83703285226091 12.2824351429465
26I_s_ddg 0.845488214081228 -6.71424578352248 8.40522221168493
26L_s_ddg -0.503946497193752 -8.06368049479746 1.33625191011768
26N_s_ddg 0.769305381333863 -6.79042861626984 6.24016551117865
26P_s_ddg 2.49482572854359 -5.06490826906012 10.0545597261473
26Q_s_ddg -0.680179178946872 -8.23991317655058 1.30922450463305
26R_s_ddg -0.0597781309206182 -7.61951212852432 1.68095009221181
26Y_s_ddg 0.196186938393304 -7.3635470592104 7.75592093599701
27A_s_ddg 2.44061795076819 -5.11911604683552 10.0003519483719
27D_s_ddg 0.37220816144156 -7.18752583616215 7.93194215904527
27F_s_ddg 0.97932953183399 -6.58040446576972 8.5390635294377
27G_s_ddg -0.185504496988624 -7.74523849459233 7.37422950061508
27I_s_ddg 0.298600881868499 -7.26113311573521 4.07846788067035
27L_s_ddg -0.714707339483842 -8.27444133708755 6.84502665811987
28I_s_ddg -1.32635404449725 -8.88608804210096 0.762519823261669
28K_s_ddg 0.929029908051823 -6.63070408955188 6.39989003789661
28L_s_ddg -0.731093716615608 -8.29082771421931 1.30804505905381
28N_s_ddg 0.844270826192961 -6.71546317141075 8.40400482379667
28R_s_ddg 2.65879267656856 -4.90094132103515 10.2185266741723
28T_s_ddg 0.31136991973004 -7.24836407787367 2.94732980047344
28V_s_ddg 0.0611950887990107 -7.4985389088047 5.4823201265543
29A_s_ddg -2.52323038579604 -10.0829643833997 5.03650361180767
29E_s_ddg 0.878004438025732 -6.68172955957797 8.43773843562944
29F_s_ddg 0.670254004269116 -6.88947999333459 8.22998800187282
29G_s_ddg 1.43457243360221 -6.1251615640015 8.99430643120592
29H_s_ddg -0.380869097793635 -7.94060309539734 7.17886489981007
29N_s_ddg 1.34781686571303 -6.21191713189068 8.90755086331674
29V_s_ddg 1.40589726398867 -6.15383673361504 8.96563126159238
29Y_s_ddg 2.17389182158799 -5.38584217601572 9.7336258191917
2C_s_ddg -3.33326980603237 -10.8930038036361 4.22646419157134
2D_s_ddg 0.755329259367526 -6.80440473823618 8.31506325697123
2F_s_ddg 0.277495572567739 -7.28223842503597 7.83722957017145
2H_s_ddg 1.01596643789208 -6.54376755971163 6.68576693609486
2I_s_ddg 0.692328476157355 -6.86740552144635 8.25206247376106
2N_s_ddg 0.963631482950975 -6.59610251465273 6.48422670488526
2S_s_ddg 0.710146523837231 -6.84958747376648 8.26988052144094
30D_s_ddg 0.39378559416127 -7.16594840344244 7.95351959176498
30H_s_ddg 1.10710293732113 -6.45263106028258 8.66683693492484
30I_s_ddg 1.05578670648001 -6.5039472911237 6.3774415600563
30K_s_ddg 0.486365888255648 -7.07336810934806 8.04609988585936
30S_s_ddg -0.230716997692013 -7.79045099529572 7.32901699991169
30T_s_ddg -0.864414073232466 -8.42414807083617 6.69531992437124
30Y_s_ddg 0.773256359454376 -6.78647763814933 8.33299035705808
31A_s_ddg 0.686561993627232 -6.87317200397647 8.24629599123094
31I_s_ddg 0.723155596390318 -6.83657840121339 8.28288959399402
31L_s_ddg 1.75225661989839 -5.80747737770532 9.3119906175021
31P_s_ddg 2.29885162248728 -5.26088237511643 9.85858562009099
31T_s_ddg 0.546902285512742 -7.01283171209097 2.23789541655568
32A_s_ddg 0.683605291552855 -6.87612870605085 8.24333928915656
32E_s_ddg 1.23863996688499 -6.32109403071872 8.7983739644887
32F_s_ddg 0.824042851385317 -6.73569114621839 8.38377684898902
32G_s_ddg -1.21951247224765 -8.77924646985136 6.34022152535606
32H_s_ddg 0.813901641243101 -6.74583235636061 8.37363563884681
32N_s_ddg 0.824670133099584 -6.73506386450412 8.38440413070329
32V_s_ddg 3.18256326375201 -4.3771707338517 10.7422972613557
32Y_s_ddg 2.96774259311343 -4.59199140449028 10.5274765907171
33A_s_ddg 1.87910601255334 -5.68062798505037 9.43884001015705
33H_s_ddg 1.2470130318392 -6.31272096576451 8.80674702944291
33I_s_ddg 0.634215493898399 -6.92551850370531 8.19394949150211
33L_s_ddg 0.917338334886715 -6.64239566271699 6.13952300428401
33N_s_ddg 0.727037038732909 -6.8326969588708 8.28677103633662
33R_s_ddg 1.84925013049331 -5.7104838671104 9.40898412809702
33S_s_ddg 0.80031876110966 -6.75941523649405 5.92303324632796
33T_s_ddg 0.68994909419964 -6.86978490340407 5.51425302688095
33Y_s_ddg 0.768785018713668 -6.79094897889004 8.32851901631737
34D_s_ddg 0.864426777265386 -6.69530722033832 6.48449218337867
34H_s_ddg -2.19976362556064 -9.75949762316435 5.35997037204307
34I_s_ddg -0.445009553900327 -8.00474355150403 2.29042051102207
34K_s_ddg -2.00656966800861 -9.56630366561232 5.5531643295951
34S_s_ddg 0.735192771080461 -6.82454122652325 8.29492676868417
34T_s_ddg 0.805864243891193 -6.75386975371251 8.3655982414949
34Y_s_ddg -1.17935817118645 -8.73909216879016 1.80474735418343
35C_s_ddg 2.02552924879504 -5.53420474880867 9.58526324639875
35G_s_ddg 1.23235090036527 -6.32738309723844 8.79208489796898
35K_s_ddg 0.980039884679617 -6.57969411292409 8.53977388228332
35L_s_ddg -1.01310562883984 -8.57283962644355 6.54662836876387
35M_s_ddg 1.06459267869057 -6.49514131891314 8.62432667629428
35R_s_ddg 4.0550147937503 -3.50471920385341 11.614748791354
35S_s_ddg -1.07457811395606 -8.63431211155977 6.48515588364765
35Y_s_ddg 0.971675317985531 -6.58805867961818 8.53140931558924
36C_s_ddg 2.41215750544234 -5.14757649216137 9.97189150304605
36G_s_ddg 3.29201196140611 -4.2677220361976 10.8517459590098
36L_s_ddg 0.700023514470484 -6.85971048313322 8.25975751207419
36M_s_ddg 0.779312753363613 -6.78042124424009 8.33904675096732
36R_s_ddg -1.46528514991792 -9.02501914752163 6.09444884768579
36S_s_ddg 1.12920856408961 -6.4305254335141 8.68894256169332
36Y_s_ddg 0.636158726630568 -6.92357527097314 8.19589272423427
37E_s_ddg 0.303207526064455 -7.25652647153925 2.64075685427086
37I_s_ddg -0.418841004235834 -7.97857500183954 1.3716223109861
37L_s_ddg 0.664062345922577 -6.89567165168113 8.22379634352628
37N_s_ddg 1.27084620647093 -6.28888779113278 6.79144142840522
37Q_s_ddg 2.89854265706878 -4.66119134053493 10.4582766546725
37R_s_ddg 0.45906755169932 -7.10066644590439 3.29396780080071
37T_s_ddg 6.89898904674843 -0.660744950855277 14.4587230443521
37Y_s_ddg 0.717198348200973 -6.84253564940273 8.27693234580468
38A_s_ddg 0.682332648397582 -6.87740134920612 8.24206664600129
38C_s_ddg 0.82317477704442 -6.73655922055929 8.38290877464813
38E_s_ddg -1.16951448052561 -8.72924847812932 6.3902195170781
38L_s_ddg 0.914024197721092 -6.64570979988261 8.4737581953248
38R_s_ddg 2.60907506755255 -4.95065893005116 10.1688090651563
38V_s_ddg -0.65121155035688 -8.21094554796059 6.90852244724683
39D_s_ddg 0.672816356208966 -6.88691764139474 8.23255035381267
39G_s_ddg 3.43534408911608 -4.12438990848763 10.9950780867198
39P_s_ddg -2.038854643923 -9.59858864152671 5.52087935368071
39S_s_ddg -0.106135997148058 -7.66586999475177 3.5742608174748
39T_s_ddg -0.48552945157494 -8.04526344917865 2.00122515289996
39V_s_ddg -0.152920879486839 -7.71265487709055 1.68727752782459
3A_s_ddg 0.470714972528743 -7.08901902507496 5.94157510237353
3D_s_ddg 1.05143743128368 -6.50829656632003 8.61117142888739
3F_s_ddg 1.08550947602139 -6.47422452158232 8.6452434736251
3G_s_ddg 1.50267539856138 -6.05705859904233 9.06240939616509
3I_s_ddg 0.139972601627963 -7.41976139597574 2.97487285072935
3L_s_ddg 4.19862893623257 -3.36110506137114 11.7583629338363
3N_s_ddg 0.773161085864616 -6.78657291173909 8.33289508346832
40F_s_ddg 1.95449821410887 -5.60523578349484 9.51423221171258
40G_s_ddg 0.912601622249925 -6.64713237535378 8.47233561985363
40H_s_ddg 0.887109286383081 -6.67262471122063 8.44684328398679
40N_s_ddg 0.768562451324847 -6.79117154627886 8.32829644892855
40R_s_ddg 0.849105962609947 -6.71062803499376 3.93268167215883
40S_s_ddg 1.05256510864463 -6.50716888895908 8.61229910624834
40W_s_ddg 2.69172238076939 -4.86801161683432 10.2514563783731
40Y_s_ddg 1.70665056781228 0.41353817348533 9.26638456541599
41D_s_ddg 0.769016341732456 -6.79071765587125 8.32875033933616
41I_s_ddg 0.740789629387386 -6.81894436821632 8.30052362699109
41L_s_ddg 1.43069977279914 0.187322470561688 6.80208971846493
41N_s_ddg -0.162004302253337 -7.72173829985704 2.67289594684805
41P_s_ddg 1.18251228421413 -6.37722171338958 8.74224628181784
41Q_s_ddg -0.597337783390065 -8.15707178099377 6.96239621421364
41R_s_ddg -2.26862302322019 -9.8283570208239 2.25727035692413
41Y_s_ddg 1.26366389797076 -6.29607009963295 8.82339789557447
42A_s_ddg -3.03697930628337 -10.5967133038871 4.52275469132034
42E_s_ddg 1.26482974412387 -6.29490425347984 8.82456374172758
42L_s_ddg 0.717277698497173 -6.84245629910653 8.27701169610088
42M_s_ddg 0.666396794561923 -6.89333720304178 8.22613079216563
42R_s_ddg 1.24942804367176 -6.31030595393195 6.42187762097956
42V_s_ddg 2.47684878261717 -5.08288521498654 10.0365827802209
42W_s_ddg 1.74778529043133 -5.81194870717238 9.30751928803504
43E_s_ddg -0.227806884609214 -7.78754088221292 7.33192711299449
43H_s_ddg -5.8507501383844 -13.4104841359881 1.70898385921931
43K_s_ddg -2.89448912211297 -10.4542231197167 4.66524487549074
43L_s_ddg 0.614464857207345 -6.94526914039636 6.03558989496263
43P_s_ddg -0.0714334458156305 -7.63116744341934 7.48830055178808
43R_s_ddg -0.96218976896548 -8.52192376656919 2.32032630894139
44A_s_ddg 0.957887230222552 -6.60184676738116 8.51762122782626
44I_s_ddg -0.754122329266126 -8.31385632686983 2.37918847237225
44K_s_ddg -0.632233775363952 -8.19196777296766 6.92750022223975
44N_s_ddg 2.41544637901581 -5.1442876185879 9.97518037661952
44P_s_ddg 2.81149777949348 -4.74823621811023 10.3712317770972
44S_s_ddg 0.718940928935909 -6.8407930686678 6.1400659666912
45A_s_ddg 2.82145284173984 -4.73828115586387 10.3811868393435
45C_s_ddg -1.28117068561457 -8.84090468321828 6.27856331198914
45D_s_ddg 0.0872138682660249 -7.47252012933768 7.64694786586973
45F_s_ddg 0.93599203921767 -6.62374195838604 8.49572603682138
45H_s_ddg 1.21864952173361 -6.3410844758701 8.77838351933732
45I_s_ddg 0.948153798695358 -6.61158019890835 8.50788779629906
45N_s_ddg 1.1519145589618 -6.40781943864191 8.71164855656551
45R_s_ddg 0.78807939899994 -6.77165459860377 8.34781339660365
45S_s_ddg -1.14662666507693 -8.70636066268064 6.41310733252678
45V_s_ddg 2.53144559713201 -5.0282884004717 10.0911795947357
45Y_s_ddg 0.913738419787725 -6.64599557781598 8.47347241739143
46I_s_ddg 0.482218347049164 -7.07751565055454 8.04195234465287
46K_s_ddg -0.84561473714957 -8.40534873475328 6.71411926045414
46L_s_ddg -0.302390331799547 -7.86212432940325 2.03515899640686
46R_s_ddg 0.721831981374755 -6.83790201622895 8.28156597897846
46T_s_ddg 0.978949778716869 -6.58078421888684 6.54928009274065
46V_s_ddg -0.0819508382510779 -7.64168483585479 2.55400904249232
47C_s_ddg 3.44354234881471 -4.116191648789 11.0032763464184
47I_s_ddg 1.62068753165478 -5.93904646594893 9.18042152925849
47L_s_ddg 1.56743927253272 -0.421964411047203 3.55684295611264
47S_s_ddg 0.788347670658741 -6.77138632694497 8.34808166826245
47V_s_ddg 0.976044898612899 -6.58368909899081 8.53577889621661
47Y_s_ddg 1.90612229112883 -5.65361170647488 9.46585628873254
48A_s_ddg 0.716128221281957 -6.84360577632175 8.27586221888566
48H_s_ddg -1.3813929106968 -8.94112690830051 6.17834108690691
48L_s_ddg 6.05089521281164 -1.50883878479207 13.6106292104153
48Q_s_ddg 0.661537031679452 -6.89819696592425 8.22127102928316
48R_s_ddg -0.801963769137031 -8.36169776674074 6.75777022846668
48S_s_ddg 2.12929917817171 -5.430434819432 9.68903317577542
48T_s_ddg -2.16419737670221 -9.72393137430592 5.3955366209015
49C_s_ddg 0.372264551573832 -7.18746944602987 2.80928406395924
49F_s_ddg 0.718517088278667 -6.84121690932504 8.27825108588237
49G_s_ddg 0.250392153542995 -7.30934184406071 7.8101261511467
49H_s_ddg 1.16293190681542 0.267700249204455 4.1967725242748
49L_s_ddg 1.46767797903232 -6.09205601857139 9.02741197663603
49N_s_ddg -0.38632344393192 -7.94605744153563 7.17341055367179
49P_s_ddg 4.66402600279242 -2.89570799481129 12.2237600003961
49S_s_ddg -0.5631150455844 -8.12284904318811 2.47072557187498
49Y_s_ddg 0.658433858596982 -6.90130013900673 8.21816785620069
4E_s_ddg 0.336601612167733 -7.22313238543597 7.89633560977144
4H_s_ddg 0.9185473900205 -6.64118660758321 6.28993733568629
4K_s_ddg 0.32884881445399 -7.23088518314972 5.79970894429878
4L_s_ddg 0.282265590338297 -7.27746840726541 2.7192851027237
4M_s_ddg 0.714456930981283 -6.84527706662242 8.27419092858499
4P_s_ddg 0.388840792210716 -7.17089320539299 7.94857478981442
4R_s_ddg -0.0823020059082088 -7.64203600351192 2.60339296692469
4T_s_ddg 0.68479492164145 -6.87493907596226 8.24452891924516
50C_s_ddg 0.700666041038392 -6.85906795656531 8.2604000386421
50D_s_ddg 0.0698754860382624 -7.48985851156544 2.35768972215517
50F_s_ddg 0.653333559547376 -6.90640043805633 8.21306755715108
50H_s_ddg -1.94457151528233 -9.50430551288604 5.61516248232138
50I_s_ddg 0.169519276830357 -7.39021472077335 2.60653878921576
50K_s_ddg 0.290056587134565 -7.26967741046914 7.84979058473827
50S_s_ddg -0.813431609950481 -8.37316560755419 2.51881956004589
50T_s_ddg -0.835318053827425 -8.39505205143113 6.72441594377628
50Y_s_ddg 0.313867945535164 -7.24586605206854 5.53605261493246
51C_s_ddg 1.68235410445824 -5.87737989314547 9.24208810206195
51D_s_ddg 0.78104214970226 -6.77869184790145 8.34077614730597
51F_s_ddg -0.0218234423587015 -7.58155743996241 2.31572588584771
51H_s_ddg 0.339038931303105 -7.2206950663006 7.89877292890681
51I_s_ddg 0.879703676932841 -6.68003032067087 8.43943767453655
51L_s_ddg 0.727415566130856 -6.83231843147285 8.28714956373456
51N_s_ddg -0.658177521943143 -8.21791151954685 6.90155647566056
51S_s_ddg 0.490831559997191 -7.06890243760652 8.0505655576009
52A_s_ddg 1.10675093165165 -6.45298306595206 3.24535989150007
52D_s_ddg 1.28593556765671 -6.273798429947 8.84566956526042
52E_s_ddg 1.10084487684957 -6.45888912075414 8.66057887445328
52F_s_ddg 1.61440394774477 -5.94533004985894 9.17413794534848
52G_s_ddg 0.862309358664596 -6.69742463893911 8.4220433562683
52I_s_ddg 1.15054748528716 -6.40918651231655 8.71028148289087
52L_s_ddg 4.05565170169588 -3.50408229590783 11.6153856992996
52Y_s_ddg 0.754319457450835 -6.80541454015287 8.31405345505454
53A_s_ddg 0.656403728177266 -6.90333026942644 8.21613772578097
53I_s_ddg 1.00898505052055 -6.55074894708316 6.38037499618634
53N_s_ddg -0.713237107063274 -8.27297110466698 6.84649689054043
53P_s_ddg 3.82837199761851 -3.7313619999852 11.3881059952222
53S_s_ddg 0.340479925868728 -7.21925407173498 4.96584349019205
54A_s_ddg -1.56990096615967 -9.12963496376338 5.98983303144404
54H_s_ddg 0.0800737171256113 -7.4796602804781 4.30755654473295
54L_s_ddg 0.0996049736460638 -7.46012902395764 7.65933897124977
54N_s_ddg 0.867746092132747 -6.69198790547096 8.42748008973645
54Q_s_ddg 0.617560746017198 -6.94217325158651 8.17729474362091
54R_s_ddg 0.688358872332031 -6.87137512527168 8.24809286993574
54S_s_ddg 0.737295716052896 -6.82243828155081 8.2970297136566
54T_s_ddg 1.61768839047151 -5.9420456071322 9.17742238807522
55A_s_ddg 0.4793794267287 -7.08035457087501 5.80103428030499
55E_s_ddg 0.91113872939253 -0.0338280203079333 5.23809174117886
55G_s_ddg 0.634092475202852 -6.92564152240085 8.19382647280656
55L_s_ddg -2.2389379524839 -9.79867195008761 5.32079604511981
55M_s_ddg 0.431205612111294 -7.12852838549241 6.00153592613508
55P_s_ddg 0.682217154592891 -6.87751684301082 8.2419511521966
55S_s_ddg 0.626224220814474 -6.93350977678923 8.18595821841818
55T_s_ddg 0.883365219930076 -6.67636877767363 8.44309921753378
56D_s_ddg -0.274990273118654 -7.83472427072236 7.28474372448505
56F_s_ddg 0.809805170936524 -6.74992882666718 8.36953916854023
56H_s_ddg 1.85935997659422 -5.70037402100949 9.41909397419793
56I_s_ddg -0.14959428521145 -7.70932828281516 6.01755713388631
56K_s_ddg 0.237265285775115 -7.32246871182859 7.79699928337882
56S_s_ddg 0.241901110868316 -7.31783288673539 7.80163510847202
56T_s_ddg -0.913409919782519 -8.47314391738623 6.64632407782119
56Y_s_ddg -0.194641980406445 -7.75437597801015 1.84449679526298
5D_s_ddg 0.52435547511906 -7.03537852248465 8.08408947272277
5E_s_ddg 0.829030912839357 -6.73070308476435 8.38876491044306
5G_s_ddg -0.135827059458046 -7.69556105706175 7.42390693814566
5P_s_ddg 3.02556580103353 -4.53416819657018 10.5852997986372
5S_s_ddg 1.05348492729985 -6.50624907030386 8.61321892490356
5T_s_ddg 1.54300781781226 -6.01672617979145 9.10274181541597
5V_s_ddg 0.654696788553231 -6.90503720905048 8.21443078615694
6F_s_ddg 1.83737166582272 -5.72236233178099 9.39710566342643
6H_s_ddg 0.606024394929173 -6.95370960267453 8.16575839253288
6I_s_ddg -0.0308129852907154 -7.59054698289442 2.60514689545268
6P_s_ddg 1.58313260180861 -5.9766013957951 9.14286659941232
6R_s_ddg -0.11184412014652 -7.67157811775023 2.42464557641788
6V_s_ddg 0.800036218268195 -6.75969777933551 8.3597702158719
7C_s_ddg -0.550342997951687 -8.11007699555539 7.00939099965202
7I_s_ddg 1.82965302043211 -5.7300809771716 9.38938701803582
7L_s_ddg -0.131987361906392 -7.6917213595101 7.42774663569732
7S_s_ddg -0.940101236023446 -8.49983523362715 6.61963276158026
7V_s_ddg 1.55060716756475 -6.00912683003896 9.11034116516846
7Y_s_ddg -0.141889576860345 -7.70162357446405 1.49936846209309
8A_s_ddg 0.758055315486533 -6.80167868211717 8.31778931309024
8C_s_ddg 0.834138645635234 -6.72559535196847 8.39387264323894
8E_s_ddg -0.15601540750431 -7.71574940510802 7.4037185900994
8G_s_ddg 1.56035742910997 -5.99937656849374 9.12009142671368
8H_s_ddg 1.95656397696952 -5.60317002063419 9.51629797457323
8N_s_ddg 1.12861899613326 -6.43111500147045 8.68835299373697
8V_s_ddg 0.925047485329196 -6.63468651227451 8.4847814829329
8Y_s_ddg -0.989873460246648 -8.54960745785035 6.56986053735706
9C_s_ddg 0.88000581888078 -6.67972817872293 8.43973981648449
9H_s_ddg 0.862001801374708 -6.697732196229 8.42173579897841
9I_s_ddg -4.18813526984629 -11.74786926745 3.37159872775742
9L_s_ddg -0.208928620105996 -7.7686626177097 7.35080537749771
9P_s_ddg 1.25493429805408 -6.30479969954963 8.81466829565779
9S_s_ddg 0.605593286290635 -6.95414071131307 8.16532728389434
9T_s_ddg 0.930688637188816 -6.62904536041489 8.49042263479252
9V_s_ddg 4.12086010320935 -3.43887389439436 11.6805941008131
9Y_s_ddg 1.16673859456314 -6.39299540304057 8.72647259216685
10A_b_ddg -1.79269813260856 -6.94706265153562 0.513201783753545
10E_b_ddg -0.0904348593749306 -0.429537788251711 0.113026897951138
10G_b_ddg 0.127137843075466 -5.02722667585159 0.601881943502958
10H_b_ddg 0.431678147321889 -4.72268637160517 1.14379429796313
10N_b_ddg 0.0826925117230906 -5.07167200720397 0.455705733487549
10V_b_ddg 0.0174084059102463 -0.38951510874189 0.254780456123992
10Y_b_ddg 0.129329635001146 -5.02503488392591 0.57016344254096
11A_b_ddg 0.0725927184941215 -5.08177180043294 0.547336818921614
11H_b_ddg 0.476319010238637 -4.67804550868842 0.883242524890773
11L_b_ddg 0.502751723316515 -4.65161279561054 1.24877816684543
11Q_b_ddg 0.198865505403347 -4.95549901352371 5.35323002433041
11R_b_ddg 0.353235544781515 -4.80112897414554 0.895800230984363
11S_b_ddg 0.321714802726563 -4.8326497162005 0.796458903154055
11T_b_ddg 0.157273042522994 -4.99709147640407 0.835478900276554
12E_b_ddg -0.2487901812485 -5.40315470017556 0.327684797842026
12H_b_ddg 0.348079849792782 0.0767975066913578 0.653272485781884
12K_b_ddg -0.0365675136667171 -5.19093203259378 0.336445708097741
12L_b_ddg -0.127183310187374 -0.669747996390222 0.0762784471386941
12P_b_ddg 1.35913444334331 -3.99869183290982 6.51349896227037
12R_b_ddg 0.395584985756138 -4.75877953317092 0.802508500408274
13A_b_ddg 0.940761551138318 -4.21360296778874 6.09512607006538
13D_b_ddg 0.401817387293811 -0.0729267131336813 0.774830609058269
13G_b_ddg 0.824876841196805 -4.32948767773025 1.63872387050108
13K_b_ddg 1.26562588695427 -3.88873863197279 6.41999040588133
13Q_b_ddg -1.40446647327308 -6.55883099220014 1.74919076528098
13V_b_ddg 0.865281693844057 -4.289082825083 1.37393608715923
14A_b_ddg 0.152105666660145 -5.00225885226692 0.93204240307674
14E_b_ddg 0.0169322379106657 -0.288260398078437 0.254304288124412
14G_b_ddg 0.215740947506898 -4.93862357142016 0.656574755046712
14H_b_ddg 0.172046703134757 -4.9823178157923 0.816342268000639
14I_b_ddg 0.335262946977179 -4.81910157194988 5.48962746590424
14N_b_ddg 0.143241483906421 -5.01112303502064 0.550164998558557
14V_b_ddg 0.211610884768918 -0.195312629883218 0.51680352075802
14Y_b_ddg 0.18975461245442 -4.96460990647264 0.630588419994234
15A_b_ddg 0.56904093960468 -4.58532357932238 1.68808060489805
15E_b_ddg 0.181641508940289 -4.97272300998677 0.656385609367781
15L_b_ddg 1.77580713651699 -3.37855738241007 6.93017165544405
15R_b_ddg 0.869405315751307 -4.28495920317575 1.71716263794326
15S_b_ddg 0.673219522190417 -4.48114499673664 5.82758404111748
15V_b_ddg 1.54296554388952 -3.61139897503754 3.34021106693646
16A_b_ddg 1.79933243656762 -3.35503208235944 6.95369695549468
16D_b_ddg 1.57733385544704 -3.57703066348002 6.7316983743741
16G_b_ddg 1.68104433559797 -3.47332018332909 6.83540885452503
16K_b_ddg 1.91307379488503 -3.24129072404203 7.06743831381209
16Q_b_ddg 0.640900411658043 -4.51346410726902 5.7952649305851
16V_b_ddg 1.88890371739475 -3.26546080153231 7.04326823632181
17M_b_ddg 0.260169770155335 -4.89419474877172 0.836644749245861
17P_b_ddg 1.63209556891345 -3.52226895001361 6.78646008784051
17Q_b_ddg 1.9257772852948 -3.22858723363226 7.08014180422186
17R_b_ddg 2.18029713351503 -2.97406738541203 7.33466165244209
17S_b_ddg 1.67233699776382 -3.48202752116324 6.82670151669088
17V_b_ddg -3.46410763701719 -8.61847215594425 0.808589266830241
18A_b_ddg -2.27715836503129 -7.43152288395835 0.80867828774741
18C_b_ddg 0.188318458283483 -1.26982413588667 0.527421387160263
18D_b_ddg 0.180361921714149 -1.65079389422046 0.519464850590929
18I_b_ddg 0.198226006406459 -4.9561385125206 5.35259052533352
18R_b_ddg 0.106434618715951 -5.04792990021111 0.818550769357189
18S_b_ddg 0.133192977032149 -0.341551123395343 0.438385613021251
18V_b_ddg 0.137975554910092 -5.01638896401697 0.646629948225262
19C_b_ddg 1.59487853130565 -3.55948598762141 6.74924305023271
19H_b_ddg 1.84177495194319 -3.31258956698387 6.99613947087025
19I_b_ddg 0.467472049042564 -4.6868924698845 0.908305856582378
19L_b_ddg 0.160469043849948 -4.99389547507711 0.533482265614406
19S_b_ddg 1.60737226428637 -3.54699225464069 6.76173678321343
19V_b_ddg 0.89345818172935 -4.26090633719771 6.04782270065641
19Y_b_ddg 1.31090527253958 -3.84345924638748 2.73513757382206
1A_b_ddg 0.00228610267817933 -0.743740340850737 0.34138903155496
1I_b_ddg 0.0507315149804081 -0.15273024234566 0.220282979418798
1K_b_ddg -0.0173136932791151 -5.17167821220617 0.423520114260699
1L_b_ddg 0.0780821313036787 -5.07628238762338 5.23244665023074
1M_b_ddg 0.0167686842343591 -5.1375958346927 2.66177152947325
1P_b_ddg -0.0389274159886213 -5.19329193491568 0.334085805775837
1R_b_ddg 0.209133332104801 -4.94523118682226 0.616056846756937
1S_b_ddg -0.00775305662049572 -0.211214813946564 0.161798407817894
1V_b_ddg -0.0281671837794023 -5.18253170270646 5.12619733514766
20C_b_ddg 0.0288205101671479 -5.12554400875991 0.435744024819284
20G_b_ddg -2.60104018147808 -7.75540470040514 0.65434793573901
20H_b_ddg -0.0455584182896293 -0.418571640054088 0.157903339036439
20L_b_ddg -0.0504893789661036 -5.20485389789316 0.424254721461389
20P_b_ddg 1.97508325128171 -3.17928126764535 7.12944777020877
20Q_b_ddg -0.0604781507909915 -5.21484266971805 5.09388636813607
20S_b_ddg -0.0370703236563308 -0.477904131196145 0.200301726557415
21G_b_ddg 0.062334562000372 -5.09202995692669 0.944002177080001
21H_b_ddg 0.0884446093295917 -5.06591990959747 3.14037096922061
21K_b_ddg -0.133414024450737 -5.2877785433778 5.02095049447632
21L_b_ddg 0.0905930207086043 -5.06377149821846 0.463606242473063
21M_b_ddg 0.0404744060453021 -5.11389011288176 5.19483892497236
21P_b_ddg 0.246024776353332 -4.90833974257373 1.33115414875903
21Q_b_ddg -0.0195935417362949 -0.460427349276109 0.183868215589773
21W_b_ddg 0.2339126644032 -4.92045185452386 0.776477350606048
22A_b_ddg 0.228206791000013 -4.92615772792705 1.14378469896732
22C_b_ddg 0.408686960073168 -4.74567755885389 5.56305147900023
22E_b_ddg 0.198070141289411 -4.95629437763765 0.774545120379937
22R_b_ddg -0.0808887147666544 -5.23525323369371 0.800778900312974
22V_b_ddg 1.03401069607972 -4.12035382284734 2.15305036137309
23A_b_ddg 0.260073770130386 -4.89429074879667 1.17565167809769
23E_b_ddg 0.0407269494480801 -0.230555393653344 0.21027841388647
23G_b_ddg -0.0605318967412382 -5.2148964156683 2.41491948405926
23H_b_ddg -1.83779289621764 -6.9921574151447 1.21413346367338
23N_b_ddg 0.292860949446847 -1.6400257451508 0.665874171211305
23V_b_ddg 0.665804209641777 -4.48856030928528 1.31009977450766
23Y_b_ddg 0.461874930365773 -4.69248958856129 1.00443961656862
24C_b_ddg 0.042272635284088 -5.11209188364297 0.51701673571158
24I_b_ddg -0.029304296167941 -0.232766053494009 0.174157461158127
24L_b_ddg -0.0102046221818773 -1.366616337689 0.227167428031869
24N_b_ddg 0.142816491889502 -5.01154802703756 5.29718101081656
24S_b_ddg -0.0271799339453409 -5.1815444528724 0.345833287819117
24T_b_ddg -0.10108806212472 -5.25545258105178 2.84910741910327
24V_b_ddg 0.110370971134313 -5.04399354779275 0.483384192898771
24Y_b_ddg 0.0119457506975428 -0.191516006628525 0.181497215135933
25F_b_ddg -2.81340935094234 -7.9677738698694 1.93403165333258
25L_b_ddg 0.299906003790405 -4.85445851513665 1.11375303309468
25M_b_ddg 1.17933652536021 -3.97502799356685 1.99318355466448
25N_b_ddg 1.6862464833987 -3.46811803552836 6.84061100232576
25S_b_ddg 2.14516221050457 -3.00920230842249 7.29952672943163
25T_b_ddg 1.74003621770883 -3.41432830121823 6.89440073663589
25V_b_ddg -1.33021658430141 -6.48458110322847 0.161836302756423
26D_b_ddg -2.52418043448999 -7.67854495341705 0.324284168074964
26I_b_ddg -0.0297483251117567 -5.18411284403882 3.05608832766694
26L_b_ddg -0.0524044458847638 -0.323686788986188 0.117147018553626
26N_b_ddg -0.0554047006490845 -1.44572670904388 0.283698228227696
26P_b_ddg 0.803089594841597 -4.35127492408546 5.95745411376866
26Q_b_ddg -0.00236523910171327 -0.205826996427781 0.201096518224355
26R_b_ddg -0.0384920572932557 -0.547146450608426 0.164969700032812
26Y_b_ddg -0.00420399115904264 -5.1585685100861 0.334898937717738
27A_b_ddg 0.612027247687522 -4.54233727123954 1.76497720586857
27D_b_ddg 1.6885428604172 -3.46582165850986 6.84290737934426
27F_b_ddg 1.07069149908912 -4.08367301983794 6.22505601801618
27G_b_ddg 2.59901574035086 -2.5553487785762 7.75338025927792
27I_b_ddg 0.0758172770060471 -0.398926823421445 0.381009912995149
27L_b_ddg 0.109009963836138 -5.04535455509092 0.515933478488274
28I_b_ddg 0.120449899933184 -0.0830118573928841 0.35782195014693
28K_b_ddg -0.000815235908729455 -0.984213729651392 0.270467107192695
28L_b_ddg 0.00864844778547461 -0.194813309540594 0.212110205111543
28N_b_ddg -0.0190804612320804 -5.17344498015914 1.23560037561201
28R_b_ddg -0.485484515423302 -5.63984903435036 0.735286028533107
28T_b_ddg -0.194078708763921 -1.14356690961891 0.0432933414498252
28V_b_ddg -0.0308524477870762 -0.437775962439212 0.20651960242667
29A_b_ddg 0.651974873928551 -4.63803081654922 1.36409102456979
29E_b_ddg 0.0479599493249779 -5.10640456960208 0.387062878201758
29F_b_ddg 0.724549101278799 -4.42981541764826 5.87891362020586
29G_b_ddg 0.521211607953135 -4.63315291097392 1.06377629415598
29H_b_ddg 0.570653238274427 -4.58371128065263 1.18103851025263
29N_b_ddg 0.161879252988002 -4.99248526593906 0.568802767640138
29V_b_ddg 0.454588911644915 -4.69977560728214 0.895422719184729
29Y_b_ddg 0.485764091158356 -4.6686004277687 1.36743170623798
2C_b_ddg -0.0679197663733616 -0.644394745463888 0.372914041166453
2D_b_ddg 0.162323964485465 -4.9920405544416 0.976170993789738
2F_b_ddg 0.0254886061050121 -5.12887591282205 0.364591534981792
2H_b_ddg -0.0817924142371577 -1.23474237241821 0.223400221751944
2I_b_ddg 0.0279178055781021 -5.12644671334896 1.55388098552361
2N_b_ddg 0.0195003857713472 -5.33832589048178 0.358603314648127
2S_b_ddg 0.0170509885993436 -5.13731353032772 0.796987725015938
30D_b_ddg 0.00226385717499663 -5.15210066175206 0.409187371827133
30H_b_ddg -0.0301330970146489 -5.18449761594171 0.68198305362659
30I_b_ddg 0.22814271086941 -0.823076368648609 0.533335346858512
30K_b_ddg 0.104708505779882 -5.04965601314718 0.443811434656662
30S_b_ddg -0.00738783613081453 -5.16175235505787 0.331715092745966
30T_b_ddg 0.199543829954872 -4.95482068897219 0.674287930382364
30Y_b_ddg 0.086584652847 -5.06777986608006 0.493508167499136
31A_b_ddg 0.101167706209041 -5.05319681271802 0.677642685299567
31I_b_ddg 0.300346812982547 -4.85401770594451 5.45471133190961
31L_b_ddg 0.0548576843137685 -5.09950683461329 0.495691491853583
31P_b_ddg 0.8444627480224 -4.30990177090466 1.86177153465274
31T_b_ddg -0.0175924724470792 -0.356695401323859 0.151958991991311
32A_b_ddg 1.42124857641743 -3.73311594250963 6.57561309534449
32E_b_ddg 0.936093686943583 -4.21827083198348 1.64820983758482
32F_b_ddg 2.16143256608968 -2.99293195283738 7.31579708501674
32G_b_ddg 1.24909163645821 -3.90527288246885 2.09684895865016
32H_b_ddg 0.368578381155022 -4.78578613777204 1.14851511757162
32N_b_ddg 0.151125613879695 -5.00323890504736 0.524138835644153
32V_b_ddg 0.755905605204907 -4.39845891372215 5.91027012413197
32Y_b_ddg 0.375128854238103 -4.77923566468896 1.93500232707129
33A_b_ddg -0.200564882865647 -5.35492940179271 0.409820389112557
33H_b_ddg 0.0485945374384601 -5.1057699814886 0.38769746631524
33I_b_ddg 0.165937103479745 -4.98842741544731 5.3203016224068
33L_b_ddg 0.0351591305251253 -0.473495262790045 0.272531180738871
33N_b_ddg 0.115601976831317 -5.03876254209574 5.26996649575838
33R_b_ddg -0.0871612932071026 -5.24152581213416 0.760596028984848
33S_b_ddg 0.10954997724333 -0.534745587622552 0.380832320344754
33T_b_ddg 0.161141715591094 -1.26309058569138 0.534154937355552
33Y_b_ddg 0.190741600845265 -4.96362291808179 5.34510611977232
34D_b_ddg -0.0638952543089316 -1.11511433382695 0.241297381680171
34H_b_ddg -0.0524051935422392 -1.37490661616168 0.524069785548287
34I_b_ddg 0.590561043695522 0.183637529043386 0.96357426545998
34K_b_ddg 1.16309716548476 -3.9912673534423 1.90912360901368
34S_b_ddg 0.494755836692001 -4.65960868223506 0.969499937119493
34T_b_ddg 0.557332274277859 -4.5970322446492 1.33726901069445
34Y_b_ddg 0.225811760340127 -0.0793808756489752 0.463183810553873
35C_b_ddg 1.57975086501651 -3.57461365391055 6.73411538394357
35G_b_ddg 2.3892213090128 -2.76514320991426 7.54358582793986
35K_b_ddg 2.08132188425521 -3.07304263467185 7.23568640318227
35L_b_ddg 1.58834142885962 -3.56602309006744 3.82642075944637
35M_b_ddg 3.27377228485494 -1.88059223407212 8.428136803782
35R_b_ddg 0.10646086680846 -5.0479036521186 2.75146371204735
35S_b_ddg 1.58092636867023 -3.57343815025683 6.73529088759729
35Y_b_ddg 2.91846043032138 -2.23590408860568 8.07282494924844
36C_b_ddg 0.286992530348922 -4.86737198857814 1.10083955965319
36G_b_ddg 0.0923343956218081 -5.06203012330525 1.92349021155642
36L_b_ddg 0.469540358885481 -4.68482416004158 0.876463873537617
36M_b_ddg 0.615861153264568 -4.53850336566249 5.77022567219163
36R_b_ddg 2.00723260265614 -3.14713191627092 7.1615971215832
36S_b_ddg 0.99941378708626 -4.1549507318408 6.15377830601332
36Y_b_ddg 0.60039942641993 -4.55396509250713 5.75476394534699
37E_b_ddg -0.335172656545693 -1.5559432005021 -0.0638903134442688
37I_b_ddg -0.199114824515168 -0.572128046279626 0.00434693281090015
37L_b_ddg -0.0335097149620752 -5.18787423388913 5.12085480396498
37N_b_ddg -0.166881784560053 -5.32124630348711 0.104400558541371
37Q_b_ddg -0.934638261128523 -6.08900278005558 0.184401404164852
37R_b_ddg 0.00528901659443087 -0.401634498057705 0.242661066808177
37T_b_ddg -4.91732991231938 -10.0716944312464 -0.1020683222691
37Y_b_ddg -0.0400064228528516 -5.19437094177991 2.57108612949836
38A_b_ddg 0.704850165668393 -4.44951435325867 5.85921468459545
38C_b_ddg 1.70333355023078 -3.45103096869628 6.85769806915784
38E_b_ddg 1.44197606109684 -3.71238845783022 6.5963405800239
38L_b_ddg 1.78884388332355 -3.36552063560351 6.94320840225061
38R_b_ddg 1.30460234865999 -3.84976217026707 6.45896686758705
38V_b_ddg 0.93109923274946 -4.2232652861776 1.84667714071677
39D_b_ddg -0.0203983070918427 -5.1747628260189 0.318704621784938
39G_b_ddg -1.18973880905245 -6.34410332797951 0.336224370893061
39P_b_ddg 1.7817746942834 -3.37258982464366 6.93613921321046
39S_b_ddg -0.0322671093997992 -5.18663162832686 0.272925526589303
39T_b_ddg 0.116292560164023 -0.256720661600435 0.421485196153125
39V_b_ddg 0.106351157007522 -0.131020893206224 0.30981291433359
3A_b_ddg 0.0694078055508174 -0.540977466427387 0.408510734427598
3D_b_ddg 1.91607306484218 -3.23829145408488 7.07043758376924
3F_b_ddg 0.0430812765225717 -5.11128324240449 0.517825376950064
3G_b_ddg 0.615024660097907 -4.53933985882915 1.53060256806521
3I_b_ddg 0.782353179834536 -0.540148242784907 1.15536640159899
3L_b_ddg -1.33443455443095 -6.48879907335801 1.10710653348187
3N_b_ddg 1.06346131684343 -4.09090320208363 6.21782583577049
40F_b_ddg 0.0156403446672418 -5.13872417425982 0.592115323757768
40G_b_ddg 0.620248497700632 -4.53411602122643 1.67146757721865
40H_b_ddg 0.0658422168593312 -5.08852230206773 1.21879217504038
40N_b_ddg 0.166629445900037 -4.98773507302702 5.3209939648271
40R_b_ddg 0.133173952926215 -1.05368629814252 0.438366588915317
40S_b_ddg 0.0605691944423856 -5.09379532448467 0.433582416206844
40W_b_ddg 0.236858989903445 -4.91750552902361 1.66109129118592
40Y_b_ddg 0.199011965115566 -4.95535255381149 0.605935479767702
41D_b_ddg -0.0388203433648012 -5.19318486229186 0.571564928613403
41I_b_ddg 0.616930666212037 -4.53743385271502 5.7712951851391
41L_b_ddg 0.0724564303911804 -0.843121477576126 0.343738773492605
41N_b_ddg -0.0748151222557988 -0.719110687121681 0.162556927957947
41P_b_ddg 1.16755342208218 -3.98681109684488 6.32191794100924
41Q_b_ddg 0.0469615476305422 -5.10740297129652 0.386064476507322
41R_b_ddg 0.212399011336887 -0.262345089090605 0.551501940213667
41Y_b_ddg 0.0279791571674643 -5.1263853617596 0.400992378931923
42A_b_ddg 0.443354671086619 -4.94838189805419 0.918098771514111
42E_b_ddg 0.0363273991504739 -5.11803711977659 0.409340620914932
42L_b_ddg 0.47371386792724 -4.68065065099982 5.6280783868543
42M_b_ddg 0.307337459142915 -4.84702705978414 5.46170197806997
42R_b_ddg 0.242747720443794 -1.28321545950172 0.581850649320574
42V_b_ddg 0.469796389235626 -4.68456812969143 1.14800224698919
42W_b_ddg 0.331402997480463 -4.8229615214466 0.907877976570989
43E_b_ddg -0.0740509634107142 -5.22841548233777 0.3667828441291
43H_b_ddg 0.0401886168621096 -0.197183433351637 0.311470959963534
43K_b_ddg 0.234769268471573 -4.91959525045549 0.641692783123709
43L_b_ddg 0.00730149595104007 -0.772635240465555 0.210763253277108
43P_b_ddg 1.5173516554807 -3.63701286344636 6.67171617440776
43R_b_ddg 0.120861887308257 -0.218241041568523 0.426054523297359
44A_b_ddg 0.156356067166652 -4.99800845176041 0.597189874706466
44I_b_ddg 0.0709764888806874 -0.403767611546805 0.37616912486979
44K_b_ddg -0.142390049452613 -5.29675456837967 1.65485547359432
44N_b_ddg -0.412038472518707 -5.56640299144577 0.469629142560922
44P_b_ddg 0.123776045839611 -5.03058847308745 1.71755981156048
44S_b_ddg -0.0260870893712478 -0.83993411867552 0.245195253730176
45A_b_ddg 0.574341930425126 -4.58002258850193 5.72870644935219
45C_b_ddg 1.66977426731047 -3.48459025161659 3.22964774014366
45D_b_ddg 1.80965529016832 -3.34470922875874 6.96401980909538
45F_b_ddg 1.90922477113801 -3.24513974778905 7.06358929006507
45H_b_ddg 4.24744246966778 -0.90692204925928 9.40180698859484
45I_b_ddg 2.12570217402487 -3.02866234490219 7.28006669295193
45N_b_ddg 2.40866739531518 -2.74569712361188 7.56303191424224
45R_b_ddg 1.4873137841849 -3.66705073474216 6.64167830311196
45S_b_ddg 1.75099999316795 -3.40336452575911 6.90536451209501
45V_b_ddg 0.737545526013275 -4.41681899291378 2.53479104906021
45Y_b_ddg 1.61923951034361 -3.53512500858345 6.77360402927067
46I_b_ddg 0.0942968315581767 -5.06006768736888 0.433399760434957
46K_b_ddg 1.53038940895726 -3.6239751099698 6.68475392788432
46L_b_ddg -0.19371790003184 -0.70237229334701 0.00974385729422814
46R_b_ddg 1.69134681507273 -3.46301770385433 6.84571133399979
46T_b_ddg 0.0687584956594629 -1.96585907760122 0.407861424536243
46V_b_ddg 0.0833387891583317 -0.459225897044517 0.320710839372078
47C_b_ddg 1.92308919842636 -3.2312753205007 7.07745371735342
47I_b_ddg 0.475041269867384 -4.67932324905968 0.983695663182554
47L_b_ddg 0.477987677152812 -1.45489901744484 0.884911191804948
47S_b_ddg 1.58920314443269 -3.56516137449437 6.74356766335975
47V_b_ddg 0.996430507296007 -4.15793401163105 1.84418782948796
47Y_b_ddg 0.523066916829753 -4.63129760209731 1.13345218880796
48A_b_ddg 0.851583555452601 -4.30278096347446 2.75055995716257
48H_b_ddg 1.48356550373771 -3.67079901518935 3.0434389765709
48L_b_ddg -2.24817661768226 -7.40254113660932 2.9061879012448
48Q_b_ddg 0.0641023902131556 -5.0902621287139 2.26827142791223
48R_b_ddg 1.2498529632277 -3.90451155569936 6.40421748215476
48S_b_ddg 0.862943005389325 -4.29142151353773 2.08371354934573
48T_b_ddg 1.3919832726299 -3.76238124629716 4.27435816808253
49C_b_ddg -0.16431600857091 -0.67297040188608 0.0391457487551581
49F_b_ddg -0.00227366106672234 -5.15663817999378 5.15209085786034
49G_b_ddg -0.0461225658210043 -5.20048708474806 0.530352413269522
49H_b_ddg 0.0565225074930981 -0.65559364314814 0.327804850594522
49L_b_ddg -0.08717979127383 -5.24154431020089 0.319743723378306
49N_b_ddg -0.11723010617947 -5.27159462510653 1.40873307376604
49P_b_ddg -1.42352536082398 -6.57788987975104 1.56058041329169
49S_b_ddg -0.303501339589366 -1.04952778311828 -0.0322189964879418
49Y_b_ddg 0.0388356181475751 -5.11552890077948 5.19320013707464
4E_b_ddg -0.0878367940633917 -5.24220131299045 0.285176427701067
4H_b_ddg 0.135626145855051 -0.88168264077529 0.474729074731831
4K_b_ddg 0.020043513436766 -0.963354980305897 0.393056735201224
4L_b_ddg 0.251684135743731 -0.0535085002453712 0.489056185957477
4M_b_ddg 0.967310874548122 -4.18705364437894 6.12167539347518
4P_b_ddg 1.78525634259879 -3.36910817632827 6.93962086152585
4R_b_ddg -0.012169060153461 -0.520823453468631 0.225202990060285
4T_b_ddg 0.132175988364219 -5.02218853056284 5.28654050729128
50C_b_ddg 0.428232194929316 -4.72613232399774 5.58259671385638
50D_b_ddg 0.0440700752242974 -0.668046075416941 0.315352418325722
50F_b_ddg 0.663436576989169 -4.49092794193789 5.81780109591623
50H_b_ddg 0.288413527366068 -4.86595099156099 0.932709092231951
50I_b_ddg 0.635455019887556 -0.0427508378660044 1.00846824165201
50K_b_ddg 0.714583877326631 -4.43978064160043 1.12150739197877
50S_b_ddg 0.208341411825248 -0.435954153040634 0.547444340702028
50T_b_ddg 0.143966750936491 -5.01039776799057 0.618710851363983
50Y_b_ddg 0.613041645691741 0.172207838151927 0.952144574568521
51C_b_ddg 1.37699218546687 -3.77737233346019 6.53135670439393
51D_b_ddg 1.94096103474203 -3.21340348418503 7.09532555366909
51F_b_ddg 0.308780044257256 0.0374977011558318 0.613972680246358
51H_b_ddg -0.170295652940101 -5.32466017186716 0.134896983049001
51I_b_ddg 2.3159788221782 -2.83838569674886 7.47034334110526
51L_b_ddg 1.40644307942871 -3.74792143949835 6.56080759835577
51N_b_ddg 2.2205167414471 -2.93384777747996 7.37488126037416
51S_b_ddg 2.09825170012432 -3.05611281880274 7.25261621905138
52A_b_ddg 0.172171611703336 -4.98219290722372 0.511274540580116
52D_b_ddg 1.89750227612483 -3.25686224280223 7.05186679505189
52E_b_ddg 3.0020046407556 -2.15235987817146 8.15636915968266
52F_b_ddg 0.94003009530378 -4.21433442362328 2.56772415391233
52G_b_ddg 0.70502866306683 -4.44933585586023 1.65451686392181
52I_b_ddg 0.08761627421442 -5.06674824471264 0.4267192030912
52L_b_ddg -0.566325855886112 -5.72069037481317 2.75688284710633
52Y_b_ddg 1.28277244974289 -3.87159206918417 6.43713696866995
53A_b_ddg -0.0387245947469882 -5.19308911367405 0.300378334129792
53I_b_ddg 0.173163902686319 -0.640683126617954 0.478356538675421
53N_b_ddg 0.104253066959894 -5.05011145196717 0.578997167387386
53P_b_ddg 0.429408923034217 -4.72495559589284 5.58377344196128
53S_b_ddg 0.0231796566406151 -0.451564443786877 0.260551706854361
54A_b_ddg 0.128318313380823 -5.02604620554624 0.704793292471349
54H_b_ddg -0.018197355024346 -1.06941643454236 0.2191746951894
54L_b_ddg 0.00898903136001049 -5.14537548756705 0.382002253124469
54N_b_ddg 0.0996274847680491 -5.05473703415901 5.25399200369511
54Q_b_ddg -0.0742524847010841 -5.22861700362814 1.85863420989656
54R_b_ddg 0.0386965038187201 -5.11566801510834 0.716902361572281
54S_b_ddg 0.00106897535891445 -5.15329554356815 0.374082197123373
54T_b_ddg -0.153298841642759 -5.30766336056982 0.253624673009377
55A_b_ddg 0.280641228697866 -0.228013164617304 0.619744157574646
55E_b_ddg 0.0334272490502096 -0.509137437152639 0.236889006376278
55G_b_ddg 0.227946168718668 -4.92641835020839 0.87224173358455
55L_b_ddg 0.0811815060932899 -5.07318301283377 0.42028443497007
55M_b_ddg 0.0628401216944442 -0.445814271620726 0.334122464795868
55P_b_ddg 0.200856823684131 -4.95350769524293 5.35522134261119
55S_b_ddg 0.0281515069323495 -5.12621301199471 5.18251602585941
55T_b_ddg 0.0207158224176117 -5.13364869650945 1.03802460904795
56D_b_ddg 0.0222853871867138 -5.13207913174035 0.361388316063494
56F_b_ddg 0.0656389763319126 -5.08872554259515 5.22000349525897
56H_b_ddg -0.120737390351445 -5.2751019092785 0.65919934606515
56I_b_ddg 0.156365739622537 -0.182737189254243 0.427648082723961
56K_b_ddg 0.049507142162178 -5.10485737676488 0.388610071038958
56S_b_ddg 0.11359323558251 -5.04077128334455 0.520516750234646
56T_b_ddg 0.00162325890830566 -5.15274126001875 0.510277652223476
56Y_b_ddg 0.0852245985949909 -0.152147451618755 0.288686355921059
5D_b_ddg 1.26043062022099 -3.89393389870607 6.41479513914805
5E_b_ddg -0.0338329512676254 -5.18819747019468 2.30597725798216
5G_b_ddg 0.206195928114843 -4.94816859081222 0.816581200093047
5P_b_ddg 0.481349188470929 -4.67301533045613 5.63571370739799
5S_b_ddg 0.320514425606142 -4.83385009332092 0.795258526033634
5T_b_ddg 0.747707051917892 -4.40665746700917 1.32418203100842
5V_b_ddg 1.65299818914152 -3.50136632978554 6.80736270806858
6F_b_ddg 0.419427030311616 -4.73493748861544 1.02981230228982
6H_b_ddg 0.542473979815737 -4.61189053911132 0.983307787355551
6I_b_ddg 0.184893843232103 -4.96947067569496 0.523996772108883
6P_b_ddg 1.59187963688837 -3.56248488203869 6.74624415581543
6R_b_ddg 0.295503182352731 -0.823536482940644 1.04152962588165
6V_b_ddg 0.102609525139686 -5.05175499378737 1.11991831177003
7C_b_ddg 1.44569185924281 -3.70867265968425 6.60005637816987
7I_b_ddg 1.67559783816935 -3.47876668075771 6.82996235709641
7L_b_ddg 1.55575576807303 -3.59860875085403 2.43742338315266
7S_b_ddg 1.4498244909727 -3.70454002795436 2.67059503492911
7V_b_ddg 1.83816373585261 -3.31620078307445 6.99252825477967
7Y_b_ddg 0.0199777565427801 -0.251304586558644 0.223439513868848
8A_b_ddg 0.304042759363618 -4.85032175956344 1.08397949578021
8C_b_ddg 0.372005673733811 -4.78235884519325 2.2370717825561
8E_b_ddg 0.349324128244964 -4.8050403906821 0.722337350009422
8G_b_ddg 0.317091132802894 -4.83727338612417 0.825745526118064
8H_b_ddg -0.0234314261669771 -5.17779594509404 0.858236188912651
8N_b_ddg -0.0483812380219196 -5.20274575694898 0.324631983742539
8V_b_ddg 1.2610526583274 -3.89331186059966 2.10880998051935
8Y_b_ddg 0.947889040641919 -4.20647547828514 1.5921846055078
9C_b_ddg 2.36024787560654 -2.79411664332052 7.5146123945336
9H_b_ddg 1.65698280720923 -3.49738171171783 6.81134732613629
9I_b_ddg 2.01207740719807 0.926948034792373 7.16644192612513
9L_b_ddg 1.53901194439073 -3.61535257453633 2.25112809503197
9P_b_ddg 3.62627750292133 -1.52808701600573 8.78064202184839
9S_b_ddg 1.68210848121055 -3.47225603771651 6.83647300013761
9T_b_ddg 2.19527227369515 -2.95909224523191 7.34963679262221
9V_b_ddg 1.0419606296749 -4.11240388925216 6.19632514860196
9Y_b_ddg 1.52706365174894 -3.62730086717812 3.62950181078498
b_dgwt -0.558869779576448 -1.03361388000394 4.59549473935061
b_fwt 0.996207198712977 0.971207198712977 1.02120719871298
b_f0 0.137784099497572 0.006534099497572 0.219034099497572
s_dgwt -2.36160961301491 -9.92134361061862 -0.720351574061474
