par value lower upper
10A_s_ddg 0.352781885605756 -0.191338153006058 1.25964861662545
10C_s_ddg 0.371995727595587 -0.560781481453236 1.33068341467354
10E_s_ddg -0.157494145051169 -0.597972271546447 0.723462107939386
10F_s_ddg 0.362972023691801 -0.958462355794032 1.47712257894456
10G_s_ddg 1.34277166928822 1.00593545490948 2.27554887833704
10H_s_ddg -0.0365939497379915 -1.92805884586477 1.23301947368957
10I_s_ddg -0.0808171354416278 -1.45407247098573 1.03333341981113
10K_s_ddg 0.197810574534649 -0.346309464077165 1.10467730555434
10L_s_ddg 0.605808265539649 0.0875987049569693 1.53858547458847
10M_s_ddg 0.367560851155292 -0.435663967747862 1.30033806020412
10N_s_ddg 0.136186816306077 -1.21115804120889 1.17260593747144
10P_s_ddg 1.61449067526872 0.500340120015959 5.55288333569709
10Q_s_ddg 0.08834238987918 -0.533509082820036 0.995209120898869
10R_s_ddg 0.557942366340265 0.195195673932389 1.46480909735995
10S_s_ddg 0.375870106048676 -0.349623278767076 1.3086473150975
10T_s_ddg 0.112415636059688 -0.664898704814332 1.04519284510851
10V_s_ddg -0.03191204684241 -0.446479695308554 0.849044206148145
10W_s_ddg 0.612219022184207 0.197651373718063 1.5190857532039
10Y_s_ddg 0.0525258038991951 -1.0098037952953 1.01121349097715
11A_s_ddg 0.0293675619893619 -1.1625144273508 1.01396572709645
11C_s_ddg 1.26264378498871 -1.61341927624516 5.20103644541708
11D_s_ddg 1.81056636910821 0.333669121447573 5.74895902953658
11E_s_ddg 1.68153979323899 -0.417208927120863 5.61993245366736
11F_s_ddg 2.6383447465816 0.0472969436682016 6.57673740700997
11G_s_ddg -0.240051070203602 -0.81008158684455 0.666815660816087
11H_s_ddg 1.43587687795979 0.399457756794431 5.37426953838816
11I_s_ddg 2.12762864708949 -0.385687721736506 6.06602130751786
11K_s_ddg 0.933012947671311 -0.621615734076728 4.87140560809968
11L_s_ddg 2.09819762091035 0.958136587628455 6.03659028133872
11M_s_ddg 1.74616356482915 -0.171211809326765 5.68455622525752
11N_s_ddg 1.3587478648123 -0.325433207081409 5.29714052524067
11Q_s_ddg 1.41592075732023 -0.164618402456943 5.3543134177486
11R_s_ddg 1.19010929169844 0.360973994766152 2.25243889089293
11S_s_ddg 0.536439723419941 -0.111322227308409 1.46921693246876
11T_s_ddg 0.560248151872188 -0.398439535205769 1.57075679500841
11V_s_ddg 1.34804018352192 0.0266058040360868 5.28643284395029
11W_s_ddg 2.65700964358138 0.946918093658537 6.59540230400975
11Y_s_ddg 2.85885276570957 -1.0795398947188 6.79724542613794
12A_s_ddg 0.290764580009724 -0.6420126290391 1.24945226708768
12C_s_ddg 0.379907470111972 -3.55848519031639 2.60820858061749
12D_s_ddg 0.37336361541603 -1.95857940720603 4.3117562758444
12E_s_ddg 0.153925177098952 -0.960225378153809 1.11261286417691
12F_s_ddg 1.15977431262685 -2.77861834780152 5.09816697305522
12G_s_ddg 0.566993586238647 -0.0548578864605686 1.49977079528747
12H_s_ddg 0.357516595332556 -0.26433487736666 1.29029380438138
12K_s_ddg 0.280783007881166 -0.781546591313327 1.4467545191922
12L_s_ddg 0.691892887503654 0.225504282979242 1.59875961852334
12M_s_ddg 0.365669247336869 -2.2771995116348 1.89438745105577
12P_s_ddg 1.60310671324146 -2.33528594718691 5.54149937366983
12R_s_ddg 0.0765152392818095 -0.519425755388272 0.983381970301499
12S_s_ddg 0.178660938126123 -1.19459439741798 1.60373722972849
12T_s_ddg 0.0417443082805657 -3.8966483521478 1.90729872637821
12V_s_ddg 0.209648720998184 -1.05996470242938 1.24606784216354
12W_s_ddg 1.17973480048674 0.298778547496185 2.26797487771037
12Y_s_ddg 1.42091594357185 -2.20655098050691 5.35930860400022
13A_s_ddg 0.205186349866597 -1.06442707356097 1.24160547103196
13C_s_ddg 0.405727514944744 -3.53266514548362 2.32310288910066
13D_s_ddg 0.133432803119762 -0.540239625637722 1.04029953413945
13F_s_ddg 0.541726437662456 -3.39666622276591 4.48011909809082
13G_s_ddg 0.05301728034628 -0.750207538556874 0.985794489395103
13H_s_ddg -0.394029366874964 -4.33242202730333 3.5443632935534
13I_s_ddg 0.671422228493317 -3.26697043193505 4.60981488892168
13K_s_ddg -0.43707725668096 -1.70669068010853 0.521610430396997
13L_s_ddg 0.573289644547722 -0.981339037200317 2.12791832629576
13M_s_ddg 0.245037477845535 -3.69335518258283 2.42151763229279
13N_s_ddg -0.373640949119603 -4.31203360954797 2.24331733182293
13P_s_ddg 1.79549974111371 -2.14289291931466 5.73389240154208
13Q_s_ddg 0.115396478840688 -3.82299618158768 4.05378913926905
13R_s_ddg -0.140298372183925 -1.85038992210677 0.99976266109797
13S_s_ddg 0.0250639863624232 -1.65911708553129 1.19103549767345
13T_s_ddg 0.173207074415438 -3.76518558601293 1.70192527813434
13V_s_ddg 0.377811624918005 -0.218129369752077 1.31058883396683
13W_s_ddg 0.870196622176403 -0.140312020959822 1.90661574334176
13Y_s_ddg 0.257101063704709 -3.68129159672366 4.19549372413307
14A_s_ddg 0.143358443272076 -3.79503421715629 1.93118142728232
14C_s_ddg 0.722820013806012 -3.21557264662235 4.66121267423438
14E_s_ddg -0.0978374825585893 -1.41927186204442 0.912671160577636
14F_s_ddg 1.14893067187565 -2.78946198855272 5.08732333230402
14G_s_ddg 0.883541307385254 0.0544060104529666 1.81631851643408
14H_s_ddg 0.953809958152994 -2.98458270227537 4.89220261858136
14I_s_ddg 1.05216418971635 -2.88622847071202 4.99055685014472
14K_s_ddg 0.193644757494044 -3.74474790293432 4.13203741792241
14L_s_ddg 0.853694195087654 -3.08469846534071 4.79208685551602
14M_s_ddg 0.608854059840586 -3.32953860058778 4.54724672026895
14N_s_ddg 0.643831756718293 -3.29456090371007 4.58222441714666
14P_s_ddg 0.0099245810178901 -3.92846807941048 3.94831724144626
14Q_s_ddg 0.366819017232483 -3.57157364319588 4.30521167766085
14R_s_ddg 0.653646601226405 -1.26372877292951 4.59203926165477
14S_s_ddg 0.473504033413604 -3.46488862701476 4.41189669384197
14T_s_ddg 0.516444960519088 -3.42194769990928 1.76014790591752
14V_s_ddg 0.383472694983589 -0.160647343628225 1.29033942600328
14W_s_ddg 1.62396169621275 -2.31443096421562 5.56235435664112
14Y_s_ddg 0.773633522027688 -1.01418946198256 1.93960503333872
15A_s_ddg 0.773051862234375 -0.729755863455396 2.63860628033202
15C_s_ddg 0.383333130558779 -3.55505952986959 4.32172579098714
15D_s_ddg 0.492186882991432 -3.44620577743693 4.4305795434198
15E_s_ddg 0.79821296277505 -0.419579504594247 2.09373686423175
15F_s_ddg 1.32840902685973 -1.31445973211194 5.2668016872881
15H_s_ddg 0.161803808092272 -3.77658885233609 4.10019646852064
15I_s_ddg 1.27466054612374 -2.66373211430463 5.21305320655211
15K_s_ddg 0.891206695322134 -1.23345250306685 4.8295993557505
15L_s_ddg 1.58296090978346 0.287437008326761 5.52135357021183
15M_s_ddg 1.33277462690765 -1.07689982980181 5.27116728733602
15N_s_ddg 0.16795425621855 -3.77043840420982 4.10634691664692
15P_s_ddg 2.78060919462813 -1.15778346580024 6.7190018550565
15Q_s_ddg 1.62821195551734 -2.31018070491103 5.56660461594571
15R_s_ddg 0.800130108202068 -0.288109969021559 1.91428066345483
15S_s_ddg 0.836351831033314 -1.02920258706433 4.77474449146168
15T_s_ddg 0.378101244189354 -3.56029141623901 2.3991185304618
15V_s_ddg 1.20526309941844 0.272485890369616 2.52669747890427
15W_s_ddg 0.315496139986163 -1.10958015161621 1.45555717326806
15Y_s_ddg 0.432603973832876 -3.50578868659549 4.37099663426124
16A_s_ddg 0.430334469119075 -0.424711305842346 1.38902215619703
16C_s_ddg 0.0612835775975379 -1.2601508018883 1.38271795708337
16D_s_ddg 0.407336669576433 -2.2873530454535 2.14333869752841
16F_s_ddg -0.440861220099137 -4.3792538805275 3.49753144032923
16G_s_ddg 0.384417752647199 -0.0301498958189447 1.29128448366689
16H_s_ddg -0.454621062204666 -4.39301372263303 0.763171405164631
16I_s_ddg 0.33005421857865 -3.60833844184972 4.26844687900702
16K_s_ddg -0.573193416085353 -2.30919544403733 0.722330485371346
16L_s_ddg -0.32551480596581 -1.12873962486896 0.607262403083013
16M_s_ddg -0.982676289074147 -4.92106894950251 0.546041914644758
16N_s_ddg 0.613540952472776 -2.39207449890677 2.45318489254129
16P_s_ddg 2.52641089184336 0.738587907833115 6.46480355227173
16Q_s_ddg -0.678835567773732 -4.6172282282021 0.849882635945173
16R_s_ddg 0.159419135048063 -0.540163771738555 1.09219634409689
16S_s_ddg 0.744271206202514 0.0187778213867624 1.70295889328047
16T_s_ddg 0.603240900696767 -0.692283000759932 1.71739145594953
16V_s_ddg 0.298801696372672 -0.323049776326544 1.20566842739236
16W_s_ddg -0.543925337313586 -1.73580732665375 0.570225217939175
16Y_s_ddg -0.235843799933289 -4.17423646036166 3.70254886049508
17A_s_ddg 2.31194760652492 -0.408652586534148 6.25034026695329
17C_s_ddg 2.16946882613017 -1.7689238342982 6.10786148655854
17D_s_ddg 2.85951164614334 -1.07888101428503 6.79790430657171
17E_s_ddg 3.52829753817644 0.108114438330754 7.46669019860481
17F_s_ddg 0.900342539264707 -3.03805012116366 4.83873519969307
17G_s_ddg 2.58716564255704 1.16208935095467 6.52555830298541
17H_s_ddg 2.79925833384123 -0.38773046374225 6.7376509942696
17I_s_ddg 2.14976522179165 -1.78862743863672 6.08815788222002
17K_s_ddg 2.67728681678128 0.319433316130088 6.61567947720965
17M_s_ddg 1.04143813335336 0.186392358391939 2.15558868860612
17N_s_ddg 2.7701066426588 -0.339150720837278 6.70849930308717
17P_s_ddg 1.95413688430334 1.02135967525452 5.89252954473171
17Q_s_ddg 1.97987140083568 0.710257977408115 5.91826406126405
17R_s_ddg 2.55969369050813 1.21234883299316 6.4980863509365
17S_s_ddg 3.09658317674988 -0.0385846647753323 7.03497583717825
17T_s_ddg 3.96857221189063 0.211552897666202 7.906964872319
17V_s_ddg 1.83182665423921 1.15815422548173 3.12735055569591
17W_s_ddg 1.98430027869748 0.662865899211647 5.92269293912585
17Y_s_ddg 3.24459325992241 -0.693799400505956 7.18298592035078
18A_s_ddg -0.195693712289995 -0.791634706960077 0.711173018729694
18C_s_ddg 0.133096580056535 -0.514665370671815 1.03996331107622
18D_s_ddg 1.19855088333159 0.524878454574107 2.15723857040955
18E_s_ddg 0.211067886984362 -0.721709322064461 1.14384509603319
18F_s_ddg -0.0335185449041559 -1.743610094827 1.23609487852341
18H_s_ddg 0.3067510287804 -2.59522251048261 4.24514368920877
18I_s_ddg 1.18277899263 -0.294118255030637 5.12117165305837
18K_s_ddg -0.0671031450296605 -1.95856804115644 1.02113693219397
18L_s_ddg 0.770327803700127 0.148476331000911 1.70310501274895
18M_s_ddg 0.202124962552086 -1.30068276313769 1.26445456174658
18N_s_ddg 0.846512329807739 -1.53725164887259 4.7849049902361
18P_s_ddg 0.287222263036325 -3.65117039739204 4.22561492346469
18Q_s_ddg 0.165342666749755 -3.77304999367861 1.40904561214819
18R_s_ddg 0.0955709327263122 -0.3708176717981 1.002437663746
18S_s_ddg -0.110754747868811 -0.706695742538893 0.796111983150878
18T_s_ddg 0.225508375501425 -3.71288428492694 1.70240562316206
18V_s_ddg 0.718833268684524 0.330176098247514 1.62569999970421
18W_s_ddg -0.0218873930014633 -0.436455041467607 0.859068859989092
18Y_s_ddg 0.13233512067508 -0.670889698228074 1.03920185169477
19A_s_ddg 1.86620978348564 1.27026878881556 2.77307651450533
19C_s_ddg 2.07128327480625 0.749848895320417 6.00967593523462
19D_s_ddg 2.69325686023505 1.00907578834134 6.63164952066342
19E_s_ddg 2.61496841686254 1.37126547146411 6.55336107729091
19G_s_ddg 2.5867486237114 1.88716571692478 6.52514128413977
19H_s_ddg 2.55439902384272 0.999770342094681 6.49279168427109
19I_s_ddg 1.81935745815917 0.705206902906409 5.75775011858754
19K_s_ddg 2.43458051777351 1.19087757237508 6.37297317820188
19L_s_ddg 1.3208627020858 0.880384575590522 2.25363991113462
19M_s_ddg 1.85157465299039 0.841066009854165 5.78996731341876
19N_s_ddg 2.65594142709374 0.997670833229165 6.59433408752211
19P_s_ddg 2.99509541116556 0.637241910514367 6.93348807159393
19Q_s_ddg 3.03213455493795 1.21840109289857 6.97052721536632
19R_s_ddg 2.5829081433615 1.57239950022527 6.52130080378987
19S_s_ddg 2.27072516029039 1.2861269951833 6.20911782071876
19T_s_ddg 2.58797254935185 1.05925434563294 6.52636520978022
19V_s_ddg 2.33189776295949 1.39912055391067 6.27029042338786
19W_s_ddg 2.6013303624748 1.59082171933857 6.53972302290317
19Y_s_ddg 2.0116654474659 1.02706728235881 5.95005810789427
1A_s_ddg 0.385552593705581 -0.288119835051903 1.3183298027544
1C_s_ddg 0.036685278291581 -0.714718584553305 0.969462487340404
1D_s_ddg 0.13614725748043 -1.47030238032588 1.30211876879146
1E_s_ddg 0.0487743153138461 -0.521256201327101 0.955641046333536
1F_s_ddg -0.259223182069507 -0.932895610826991 0.647643548950182
1G_s_ddg 0.233360732790646 -0.233027871733766 1.14022746381034
1H_s_ddg 0.0751136774963857 -1.14267878987291 1.11153279866174
1I_s_ddg 0.080986795569138 -0.411312286984408 0.987853526588827
1K_s_ddg 0.0268090511557902 -0.517310987456023 0.93367578217548
1L_s_ddg -0.124958370510823 -1.18728796970532 0.833729316567134
1M_s_ddg -0.0876120002687733 -0.450358692676649 0.793344252721782
1N_s_ddg -0.0479389466218984 -0.980716155670722 0.910748740456059
1P_s_ddg 0.408544658227549 -2.985727963589 2.14454668617953
1Q_s_ddg 0.0630221733674041 -0.662471211448347 0.995799382416228
1R_s_ddg 0.30564480643457 -0.0830123640024398 1.21251153745426
1S_s_ddg 0.0127109985848576 -0.479588083968688 0.919577729604547
1V_s_ddg 0.0070025105494484 -0.433475615945829 0.887958763540004
1W_s_ddg 0.437164683253335 -0.0292239212710767 1.34403141427302
1Y_s_ddg 0.058138616358294 -0.693265246486592 0.990915825407117
20A_s_ddg 0.574679648199374 0.108291043674962 1.48154637921906
20C_s_ddg 0.870610147330774 0.352400586748094 1.8033873563796
20D_s_ddg 1.25280343725689 0.112742403974995 5.19119609768526
20E_s_ddg 0.520176417916563 0.0537878133921513 1.42704314893625
20F_s_ddg 1.06677018755749 0.263545368654336 1.97363691857718
20G_s_ddg 0.992915741217919 0.707900482897445 1.89978247223761
20H_s_ddg 0.304767342702151 -0.498457476201003 1.23754455175097
20I_s_ddg 1.19926574741272 0.0332942361016906 2.70207347310249
20K_s_ddg -0.428899840191019 -0.998930356831967 0.452056412799536
20L_s_ddg 0.906322663146681 0.517665492709671 1.81318939416637
20M_s_ddg 0.674308582794304 0.0265466320659543 1.60708579184313
20N_s_ddg 0.634563531734554 -0.142750809139465 1.59325121881251
20P_s_ddg 2.01150119603994 0.793708728670643 5.94989385646831
20Q_s_ddg 0.245454280065786 -0.350486714604296 1.15232101108548
20S_s_ddg 0.378230125723031 -0.0622480007722467 1.28509685674272
20T_s_ddg 0.71301862948859 0.0393462007311064 1.64579583853741
20V_s_ddg 0.759053150520854 0.34448550205471 1.66591988154054
20W_s_ddg 1.46423819170828 0.9460286311256 2.3970154007571
20Y_s_ddg 1.17730926567243 0.0372482323905348 3.79426754661496
21A_s_ddg -0.281425606836101 -0.695993255302245 0.599530646154455
21C_s_ddg 0.752327375939743 0.208207337327929 1.68510458498857
21D_s_ddg 1.68322113261113 -0.234154241544785 5.6216137930395
21E_s_ddg -0.0608965194799956 -0.449553689917005 0.82005973351056
21F_s_ddg 1.49867650668274 0.539988819604783 5.43706916711111
21G_s_ddg 1.18650117513241 0.901485916811936 2.0933679061521
21H_s_ddg 0.796073828547858 -1.04357011152065 2.73935968073291
21I_s_ddg 1.06760837336021 0.0570997302239846 3.24408852780746
21K_s_ddg -0.492257467486808 -0.880914637923818 0.388698785503747
21L_s_ddg 1.24762896318676 0.884882270778884 2.18040617223558
21M_s_ddg 0.430218674607175 -0.0102594518881027 1.33708540562686
21N_s_ddg 1.34135864570804 0.408581436659217 2.92189780548521
21P_s_ddg 2.05769683987949 0.969456762655863 5.99608950030786
21Q_s_ddg 0.0182057051548964 -0.396361943311247 0.899161958145452
21S_s_ddg 0.392605688890189 -0.0737829156342227 1.29947241990988
21T_s_ddg 0.345346751576149 -0.198773287035665 1.25221348259584
21V_s_ddg 0.194198999704794 -0.142637214673948 1.07515525269535
21W_s_ddg 2.08453590542178 1.6440577789265 3.04322359249974
21Y_s_ddg 1.55212674024059 0.360244750900427 5.49051940066896
22A_s_ddg 2.12230658788981 1.29317129095752 6.06069924831818
22C_s_ddg 2.25133377574289 0.385779357645243 6.18972643617126
22D_s_ddg 1.45043618052634 0.0253598889239708 5.38882884095471
22E_s_ddg 2.31055866062286 1.30005001748663 6.24895132105123
22F_s_ddg 1.65246382531824 0.331029445832407 5.59085648574661
22H_s_ddg 1.67998575230934 -2.25840690811903 5.61837841273771
22I_s_ddg 3.0763403337272 -0.862052326701165 7.01473299415557
22K_s_ddg 2.0494734332359 -1.88891922719247 5.98786609366427
22L_s_ddg 2.08114691143947 1.22610113647805 6.01953957186784
22M_s_ddg 2.36867716074008 0.166286528263691 6.30706982116845
22N_s_ddg 1.41443970459285 -0.140188977155189 5.35283236502122
22P_s_ddg 3.06519097189844 0.448232690955908 7.00358363232681
22Q_s_ddg 1.89256080124871 -1.19078608421823 5.83095346167708
22R_s_ddg 2.13868813361681 1.33546331471366 6.07708079404518
22S_s_ddg 2.15562711726138 1.14511847412515 6.09401977768975
22T_s_ddg 2.44171672384488 0.912998520125975 6.38010938427325
22V_s_ddg 2.58854608646373 1.47439553121097 6.5269387468921
22W_s_ddg 2.05748147452082 1.07288330941373 5.99587413494919
22Y_s_ddg 1.75583870651292 -0.368820491876067 5.69423136694129
23A_s_ddg 1.70099457866483 0.897769759761676 5.6393872390932
23C_s_ddg 2.67060828334135 0.649590997068899 6.60900094376972
23E_s_ddg 0.576934394229351 0.162366745763207 1.48380112524904
23F_s_ddg 2.79254408572022 0.305138194923358 6.73093674614859
23G_s_ddg 2.52329546471895 1.69416016778666 6.46168812514732
23H_s_ddg 2.0039582785461 -0.120700919842887 5.94235093897447
23I_s_ddg 2.75383472360898 0.136876442666448 6.69222738403735
23K_s_ddg 3.11804864745247 1.12294183920915 7.05644130788084
23L_s_ddg 2.47330588247552 1.07414006890228 6.41169854290389
23M_s_ddg 1.98937492607764 1.13432915111622 5.92776758650601
23N_s_ddg 2.20863419823409 0.835378862689989 6.14702685866246
23P_s_ddg 3.81767543710928 0.682507595584068 7.75606809753765
23Q_s_ddg 1.47312717885648 0.281245189516317 5.41151983928485
23R_s_ddg 2.70492261776345 1.38348823827762 6.64331527819182
23S_s_ddg 1.86768023508775 0.338962031368845 5.80607289551612
23T_s_ddg 1.51641263221455 0.505903989078325 5.45480529264292
23V_s_ddg 2.48843803627132 1.37428748101856 6.42683069669969
23W_s_ddg 1.50482749796209 0.831155069204606 2.41169422898178
23Y_s_ddg 2.66380371034531 0.746428336189395 6.60219637077368
24A_s_ddg 1.10680053853564 -1.87290443481477 5.04519319896401
24C_s_ddg 0.914823629191153 -0.562073618469484 3.32449808590061
24D_s_ddg 0.274622947965268 -3.6637697124631 4.21301560839363
24E_s_ddg 0.871535126753567 -3.0668575336748 4.80992778718193
24G_s_ddg 1.92673080469239 0.423923079002619 5.86512346512076
24H_s_ddg 0.701881157976986 -3.23651150245138 4.64027381840535
24I_s_ddg -0.490384601423172 -1.21587798623892 0.390571651567383
24K_s_ddg 0.0607424480834571 -3.87765021234491 3.55865698201655
24L_s_ddg -0.223056552918523 -0.870818503646873 0.683810178101166
24M_s_ddg -0.176675383913272 -4.11506804434164 1.66296855615524
24N_s_ddg 1.56654045791798 -2.37185220251039 5.50493311834635
24P_s_ddg 1.65769767091721 -2.28069498951116 5.59609033134558
24Q_s_ddg 0.749455967829607 -3.18893669259876 4.68784862825797
24R_s_ddg -0.320655231741956 -2.263941083927 0.793495323510805
24S_s_ddg 1.11897211495401 0.238015861963454 2.62177984064378
24T_s_ddg 0.645849164585728 -3.29254349584264 4.58424182501409
24V_s_ddg -0.167146054460764 -1.33311756577179 0.791541632617193
24W_s_ddg 0.028442649911515 -3.67675570825464 1.9199075460383
24Y_s_ddg 0.322464427955196 -0.221655610656618 1.22933115897489
25A_s_ddg 2.71988785638242 0.750691526168237 6.65828051681079
25C_s_ddg 2.31641594650054 -1.62197671392783 6.25480860692891
25D_s_ddg 2.3539404448587 -0.858958830753914 6.29233310528707
25E_s_ddg 2.21408307091246 -1.02472668272929 6.15247573134083
25F_s_ddg 2.47390317860177 0.452885892329319 6.41229583903014
25G_s_ddg 2.14142991071054 1.26047365771998 6.07982257113891
25H_s_ddg 2.98413133097293 -0.954261329455436 6.9225239914013
25K_s_ddg 3.26156319516846 -0.676829465259906 7.19995585559683
25L_s_ddg 1.76628719013861 0.885330937148054 3.24318443779925
25M_s_ddg 1.93266707090021 -2.00572558952816 5.87105973132858
25N_s_ddg 1.88558527601586 0.382777550326089 5.82397793644423
25P_s_ddg 2.26690511911101 0.219977354809425 6.20529777953938
25Q_s_ddg 3.59398482154384 -0.344407838884526 7.53237748197221
25R_s_ddg 2.81378202552031 0.974138085451797 6.75217468594868
25S_s_ddg 2.5326406500778 0.718907188038421 6.47103331050617
25T_s_ddg 2.23923209592474 0.995529150526309 6.17762475635311
25V_s_ddg 1.08221165740918 0.408539228651696 2.04089934448714
25W_s_ddg 1.87780700834851 -0.505956970331817 5.81619966877688
25Y_s_ddg 2.28385388946318 -1.65453877096519 6.22224654989155
26A_s_ddg 0.268410535533322 -3.66998212489504 2.31533829983491
26C_s_ddg 0.0804626348290441 -3.85793002559932 4.01885529525741
26D_s_ddg 0.998035939791904 -2.94035672063646 4.93642860022027
26E_s_ddg -0.641943662904411 -4.58033632333278 1.81955174986332
26F_s_ddg -0.407945432586111 -4.34633809301448 2.8049538430265
26G_s_ddg 1.09691740069325 0.293692581790096 2.31470986806255
26K_s_ddg -0.279636541242983 -4.21802920167135 3.65875611918538
26L_s_ddg -0.42998860657997 -1.5182286838036 0.502788602468853
26M_s_ddg -0.02192804031987 -3.96032070074824 3.9164646201085
26N_s_ddg 0.435190510064537 -0.549407655042554 1.41978867517163
26P_s_ddg 3.06956319061581 -0.868829469812556 7.00795585104418
26Q_s_ddg -0.174089286846093 -0.847761715603577 0.732777444173596
26R_s_ddg -0.0819448262330245 -1.01472203528185 0.876742860844933
26S_s_ddg 0.316077693662621 -3.62231496676574 3.21805123292563
26T_s_ddg 0.251096476242585 -3.68729618418578 4.18948913667095
26V_s_ddg -0.0362596495227087 -2.91232271075658 1.05198042770092
26W_s_ddg 0.108377052985432 -3.83001560744293 2.54396198772403
26Y_s_ddg 0.146836491367393 -3.79155616906097 1.49418134888236
27A_s_ddg 2.20330010538238 1.06323907210048 6.14169276581075
27C_s_ddg 1.94374020519225 -0.414113295458942 5.88213286562062
27D_s_ddg 1.87253715378124 0.836118032615881 5.81092981420961
27E_s_ddg 2.95708966101695 0.54741520430749 6.89548232144532
27F_s_ddg 1.62486230453014 -2.31353035589823 5.56325496495851
27G_s_ddg 2.52604746192444 1.69691216499215 6.46444012235281
27H_s_ddg 3.05173134321177 -0.886661317216596 6.99012400364014
27I_s_ddg 0.469262710478867 -0.333962108424287 1.42795039755682
27K_s_ddg 2.74432276028161 -0.883144163797148 6.68271542070998
27L_s_ddg 0.445811350823345 -1.00517541880816 1.66360381819264
27M_s_ddg 1.6758204915636 -2.26257216886477 5.61421315199197
27N_s_ddg 2.77108736083322 -0.830469085216404 6.70948002126159
27P_s_ddg 2.53639616914194 -1.40199649128643 6.47478882957031
27Q_s_ddg 2.7162140695303 -1.22217859089807 6.65460672995867
27R_s_ddg 2.6458713249108 0.573033082580082 6.58426398533917
27S_s_ddg 2.47318051587524 0.19305844931145 6.41157317630361
27T_s_ddg 2.76214964401702 -1.02078014823654 6.70054230444539
27W_s_ddg 2.4340192115421 0.179807623007443 6.37241187197047
27Y_s_ddg 1.81846640381724 -2.11992625661113 5.75685906424561
28A_s_ddg 1.26117145100694 0.820693324511662 2.19394866005576
28C_s_ddg 0.91756414129142 0.192070756475669 1.79852039428198
28D_s_ddg 1.24285458380801 0.206435462642651 3.13431947993479
28E_s_ddg 0.218372760417734 -0.118463453961008 1.09932901340829
28F_s_ddg 0.480331819942 -0.737460647427297 1.82767667745697
28G_s_ddg 2.00845731962474 1.61980014918773 2.94123452867356
28H_s_ddg 0.772641670819512 -1.09291274727814 4.71103433124788
28I_s_ddg -0.0535012540718152 -0.778994638887567 0.853365476947874
28K_s_ddg 0.548411600521201 0.211575386142459 1.45527833154089
28L_s_ddg -0.534979972949179 -0.871816187327921 0.320065802012242
28N_s_ddg 1.33788808347928 0.482842308517858 2.58159102887771
28P_s_ddg 2.85369991031068 1.06587692630044 6.79209257073905
28Q_s_ddg 0.440479323042318 0.0259116745761743 1.34734605406201
28R_s_ddg 0.969878149306414 0.658952412956806 1.8767448803261
28S_s_ddg 0.636972566300486 0.196494439805208 1.54383929732018
28T_s_ddg 0.0320806311826482 -0.434307973341764 0.913036884173204
28V_s_ddg -0.0155646249887561 -0.326490361338364 0.865391628001799
28W_s_ddg 0.668266241611728 0.331430027232986 1.57513297263142
28Y_s_ddg 1.5045021956289 0.545814508550943 4.45829669095017
29A_s_ddg 1.63905524525791 0.110337041539005 5.57744790568628
29C_s_ddg 1.85814271467971 -1.56204038516598 5.79653537510808
29E_s_ddg 0.464599783831829 -0.0795202547799847 1.37146651485152
29F_s_ddg 3.59436470093152 -0.344027959496846 7.53275736135989
29G_s_ddg 1.77783737045556 1.15598589775634 2.73652505753352
29H_s_ddg 2.68128037217756 -1.25711228825081 6.61967303260593
29I_s_ddg 2.9919282576759 -0.946464402752466 6.93032091810427
29K_s_ddg 2.35303985175619 0.0729177851923994 6.29143251218456
29L_s_ddg 2.748668752948 0.805382900762951 6.68706141337637
29M_s_ddg 2.05552003864872 -0.380064896089875 5.99391269907709
29N_s_ddg 1.3838075146032 0.295567437379573 5.32220017503157
29P_s_ddg 3.35319905216035 -0.585193608268016 7.29159171258872
29Q_s_ddg 1.61665871816214 -2.32173394226623 5.55505137859051
29R_s_ddg 2.46939316895606 0.837033053120619 6.40778582938443
29S_s_ddg 1.96208417982585 -1.01762079352456 5.90047684025422
29T_s_ddg 2.81935771917869 -1.11903494124968 6.75775037960706
29V_s_ddg 2.20924793828965 1.22464977318256 6.14764059871802
29W_s_ddg 2.19684168964202 1.05678065636012 6.13523435007039
29Y_s_ddg 2.13998261713785 0.274428199040203 6.07837527756622
2A_s_ddg 0.891358248795499 0.424969644271087 1.82413545784432
2C_s_ddg 0.277331277008553 -0.137236371457591 1.18419800802824
2D_s_ddg 0.817126518354622 0.324827435801076 1.74990372740345
2E_s_ddg 0.389949684212584 -0.0246179642535597 1.29681641523227
2F_s_ddg 0.0638030747243781 -0.3766750517709 0.944759327714934
2G_s_ddg 1.37022300730099 1.03338679292225 2.30300021634981
2H_s_ddg 0.490229347910644 0.0756616994445002 1.39709607893033
2I_s_ddg -0.369380666189348 -1.12078452903423 0.563396542859475
2K_s_ddg 0.0440442693355806 -0.370523379130563 0.925000522326136
2L_s_ddg -0.294412118072787 -0.657158810480663 0.586544134917768
2M_s_ddg -0.158881865317348 -0.962106684220501 0.773895343731476
2N_s_ddg 0.681925148797569 0.215536544273157 1.58879187981726
2P_s_ddg 1.14187764552657 0.675489041002158 2.07465485457539
2Q_s_ddg 0.23365823577334 -0.388193236925876 1.14052496679303
2R_s_ddg 0.10519524354258 -0.205730492807028 0.986151496533135
2S_s_ddg 0.643873205987798 0.281126513579922 1.55073993700749
2T_s_ddg -0.160372304552983 -0.626760909077395 0.720583948437572
2V_s_ddg -0.265114203407021 -0.679681851873165 0.615842049583534
2W_s_ddg -0.170279857277357 -0.558937027714367 0.710676395713199
30A_s_ddg 0.295554049685387 -1.07770128585871 1.61698842917122
30C_s_ddg 0.328109202701295 -3.61028345772707 2.32321601094461
30D_s_ddg -0.175138879355049 -1.93705138533616 0.913101197868578
30E_s_ddg 1.24728896917621 -0.851459751183643 5.18568162960458
30F_s_ddg 0.963529141914024 -2.97486351851434 4.90192180234239
30G_s_ddg 0.692858156912871 -0.188098096077684 1.67745632201996
30H_s_ddg 0.575865360610759 -0.771479496904208 1.74183687192179
30I_s_ddg 0.805097851038938 0.260977812427124 1.73787506008776
30K_s_ddg 0.298618919279943 -0.556426855681478 1.23139612832877
30L_s_ddg 1.73372439583884 -0.00227763211313703 5.67211705626721
30M_s_ddg -0.0465248316154074 -3.98491749204377 2.20768675691925
30P_s_ddg 1.19254049154888 -0.310267234140891 5.13093315197725
30Q_s_ddg 0.211299628380211 -3.72709303204815 4.14969228880858
30R_s_ddg -0.0600541916182227 -1.20011522490012 0.924543973488869
30S_s_ddg 0.0890013143875272 -1.12879115298177 1.07359947949462
30T_s_ddg -0.0416345473817987 -2.42539852606213 1.1761579199875
30V_s_ddg 0.605814280512458 -0.430604840652901 1.56450196759042
30W_s_ddg 0.605723753180056 -2.81445934666563 4.54411641360842
30Y_s_ddg 0.991056740451925 -1.314975804141 4.92944940088029
31A_s_ddg 0.576269111066905 -1.13382243885594 2.05316635872754
31C_s_ddg 1.35798218604639 -1.72536469942055 5.29637484647476
31D_s_ddg 0.759727706365333 -3.17866495406303 4.6981203667937
31E_s_ddg 0.994706692030714 0.0619294829818906 3.32664971465277
31F_s_ddg 2.34066358732096 -1.59772907310741 6.27905624774933
31G_s_ddg 1.25239938892541 0.112338355643515 5.19079204935378
31H_s_ddg 0.725020000792467 -3.2133726596359 4.66341266122083
31I_s_ddg 1.63833205170361 -2.30006060872476 5.57672471213198
31K_s_ddg 0.526394704717791 -3.41199795571057 3.71338350230127
31L_s_ddg 1.78179170778194 1.08220880099532 3.15504704332604
31M_s_ddg 2.66164017791175 -1.27675248251662 6.60003283834012
31N_s_ddg 0.707389580669953 -3.23100307975841 4.64578224109832
31P_s_ddg 1.9989721177353 0.833000606424271 5.93736477816367
31Q_s_ddg 0.787653590773441 -3.15073906965492 4.72604625120181
31R_s_ddg 0.715704400045051 -0.683461413528184 2.86627407646317
31T_s_ddg 0.173297494823762 -0.526285411962856 1.08016422584345
31V_s_ddg 1.67826168263827 0.875036863735116 3.54381610073592
31W_s_ddg 1.93169059900751 0.0661361809098631 5.87008325943588
31Y_s_ddg 2.08696781118548 -1.85142484924289 6.02536047161385
32A_s_ddg 1.08269808940045 0.357204704584699 2.06729625450754
32C_s_ddg 1.33821944068217 -0.164588285007601 5.27661210111054
32E_s_ddg 1.12837605273418 0.35106171186016 2.29434756404521
32F_s_ddg 3.26803384774241 -0.644448334656821 7.20642650817078
32G_s_ddg 0.643422797205691 0.151123714652145 1.55028952822538
32H_s_ddg 0.323527876614626 -3.61486478381374 4.26192053704299
32I_s_ddg 3.00392952139028 -0.519895490571942 6.94232218181865
32K_s_ddg 1.00552431214339 -0.0568052870511033 2.06785391133788
32L_s_ddg 1.47398094735854 0.567114216338851 3.49499823363099
32M_s_ddg 1.47642437038532 -0.0782043113627191 5.41481703081369
32N_s_ddg 0.306229575627727 -0.367442853129757 1.21309630664742
32P_s_ddg 2.08711444569367 0.817501022266105 6.02550710612204
32Q_s_ddg 0.964697531068962 -1.31542453549483 4.90309019149733
32R_s_ddg 1.19023864383553 0.464745259019778 2.09710537485522
32S_s_ddg 0.686041051224185 -0.505840938115978 1.80019160647695
32T_s_ddg 1.63777127354311 -2.30062138688526 5.57616393397148
32V_s_ddg 2.29376019703129 1.20552011980766 6.23215285745966
32W_s_ddg 2.42516382783715 0.663251321856039 6.36355648826552
32Y_s_ddg 1.68380164361193 0.491919654271767 5.6221943040403
33A_s_ddg 0.219611998473463 -0.635433776487958 1.15238920752229
33C_s_ddg 0.75046842973959 -0.674607861862779 1.99417137513802
33D_s_ddg 0.339935913469052 -2.01791758718214 2.46459511185804
33E_s_ddg -0.0474093013572792 -1.83523228536752 1.27402507812855
33F_s_ddg 1.67481020439976 0.379286302943061 5.61320286482813
33G_s_ddg 0.777229111005638 -0.207369054101453 1.99502157837494
33H_s_ddg 0.640877983872477 -0.136436357001543 1.59956567095043
33I_s_ddg 0.992303773853133 -0.640056341982308 4.59386021990276
33K_s_ddg 0.636928902668022 -3.30146375776034 4.57532156309639
33L_s_ddg 0.872051277324419 0.224289326596069 1.83073896440238
33M_s_ddg 0.858532893654331 -0.203796705540162 2.07632536102363
33N_s_ddg 0.754365174273325 -0.64480063929991 2.23126242193396
33Q_s_ddg 0.492258078210621 -1.29556490579962 1.63231911149252
33R_s_ddg 0.464208989334786 -0.183552961393564 1.39698619838361
33S_s_ddg 0.551788037056501 -0.0182424795844466 1.48456524610532
33T_s_ddg 0.606922820612422 -0.0926600861741956 1.53970002966125
33V_s_ddg 0.765281942787371 -0.21931622231972 1.72396962986533
33W_s_ddg 1.69027844152411 0.135649759776071 5.62867110195248
33Y_s_ddg 1.50374781789482 -1.60550954560126 5.44214047832319
34A_s_ddg 0.625862609276617 -0.85103463838402 1.89547603270418
34C_s_ddg 0.608525524733598 -3.32986713569477 4.54691818516196
34D_s_ddg 0.190135947049555 -0.716730783970134 1.14882363412751
34E_s_ddg -0.0258028910067969 -3.03141834238634 2.3320506096444
34F_s_ddg -0.192748685961912 -4.13114134639028 2.57967246315542
34G_s_ddg 0.847374660176103 0.147791753389485 1.78015186922493
34H_s_ddg -0.571005848135411 -4.50939850856378 3.36738681229295
34I_s_ddg 0.206643469812934 -0.570670871061085 1.13942067886176
34K_s_ddg -0.281481580189739 -1.11061687712203 0.62538515082995
34L_s_ddg 0.108224261418609 -1.99052445894124 1.89604724542885
34M_s_ddg 0.367630364104681 -3.57076229632368 4.30602302453305
34P_s_ddg 4.4509331771663 0.512540516737935 8.38932583759467
34Q_s_ddg 0.549096746619058 -3.38929591380931 2.23327781851277
34R_s_ddg 0.339850525492567 -0.670658117643658 1.29853821257052
34S_s_ddg 0.501379633066148 -0.845965224448819 1.58961971028978
34T_s_ddg 0.122597124323907 -3.81579553610446 4.06098978475227
34V_s_ddg -0.293221289701479 -4.23161395012984 1.46869121627963
34W_s_ddg 0.565987381641801 -3.37240527878656 4.50438004207017
34Y_s_ddg -0.0389014092715611 -0.893947184232982 0.893875799777262
35A_s_ddg 1.42468007937193 0.880560040760116 2.38336776644989
35C_s_ddg 0.844851344136482 0.0675370032624625 1.80353903121444
35D_s_ddg 1.9084645300029 0.535209194458799 5.84685719043127
35E_s_ddg 1.14441215905185 0.315276862119562 2.20674175824634
35F_s_ddg 0.711709850566036 -0.143335924395385 1.67039753764399
35G_s_ddg 2.26419187002824 1.61642991929989 5.08843397520384
35H_s_ddg 0.866662816028289 -0.895249689952822 4.80505547645665
35I_s_ddg 0.375176561829751 -1.15354164188915 1.64478998525732
35K_s_ddg 0.510820059235656 -0.629240974046239 1.49541822434275
35L_s_ddg 0.691464150818638 0.276896502352494 1.59833088183833
35M_s_ddg 0.0977184471890119 -0.731416849743276 1.03049565623784
35N_s_ddg 0.879051475612749 -1.53062298109671 4.81744413604111
35P_s_ddg 2.82183278379882 0.930367887672039 6.76022544422719
35Q_s_ddg 0.833806791690063 -0.0212389832713584 1.76658400073889
35R_s_ddg 0.188821431602924 -0.173925260804952 1.06977768459348
35S_s_ddg 1.12481663524662 0.451144206489136 2.08350432232458
35T_s_ddg 0.478353539482667 -0.376692235478754 1.43704122656062
35V_s_ddg 0.260370996546468 -0.206017607977944 1.16723772756616
35Y_s_ddg 0.440078766909262 -0.777713700460035 1.8392445804825
36A_s_ddg 1.88746501113923 0.799224933915603 5.8258576715676
36C_s_ddg 1.36981384780647 0.514768072845049 2.40623296897183
36D_s_ddg 4.12348828690631 0.470110884798419 8.06188094733468
36E_s_ddg 2.58777673224427 0.929506138379695 6.52616939267264
36F_s_ddg 1.45172062719252 0.467122462085429 5.39011328762089
36G_s_ddg 2.03687705546821 1.31138367065246 5.97526971589658
36H_s_ddg 2.80218820438088 -1.13620445604749 6.74058086480925
36I_s_ddg 0.243317951336751 -2.19226698340184 2.36797714972574
36K_s_ddg 2.75150902245173 0.264103131654867 6.6899016828801
36L_s_ddg 0.455195784186136 -0.16665568851308 1.38797299323496
36M_s_ddg 0.467072201490538 -0.802541221937027 1.60713323477243
36N_s_ddg 2.47617715202681 -0.633080211469268 6.41456981245518
36P_s_ddg 1.76847427822631 0.0324722502743331 5.70686693865468
36Q_s_ddg 2.14802191645203 -1.34989261748106 6.0864145768804
36R_s_ddg 2.57788123436898 1.51555163517449 6.51627389479735
36S_s_ddg 2.20002107517673 1.21542291006964 6.1384137356051
36T_s_ddg 2.04115764112924 0.0978717889441911 5.97955030155761
36V_s_ddg 0.789161588536654 0.296862505983108 1.72193879758548
36Y_s_ddg 0.820794832121068 -1.07067006400571 4.75918749254943
37A_s_ddg 1.3430803757663 0.56576603489228 2.53496236510646
37C_s_ddg 0.698152127774759 -0.260535559303198 1.76048172696925
37D_s_ddg 2.08125648614117 0.474806848334863 6.01964914656954
37E_s_ddg 0.499672046591035 -0.0703584700499126 1.43244925563986
37F_s_ddg 0.61762939735437 -2.05114983964643 1.83542186472367
37G_s_ddg 1.67014131805444 1.22966319155916 2.60291852710326
37H_s_ddg 0.345504223142326 -3.59288843728604 4.28389688357069
37I_s_ddg 0.322973147726487 -0.428430715118399 1.25575035677531
37L_s_ddg 0.309671343607042 -0.312180129092174 1.21653807462673
37M_s_ddg 0.253006080630962 -0.498397782213924 1.18578328967979
37N_s_ddg 1.17050719238569 0.341371895453403 2.18101583552192
37P_s_ddg 2.67213279107723 0.599294548746511 6.6105254515056
37Q_s_ddg 0.472026956679174 -0.357108340253113 1.35298320966973
37R_s_ddg 0.464899255518255 0.0503316070521113 1.37176598653794
37S_s_ddg 0.910922216405474 0.211339309618856 1.8436994254543
37T_s_ddg 0.628886763593795 -0.25206948939676 1.61348492870089
37V_s_ddg 0.189782024120933 -0.354338014490881 1.09664875514062
37W_s_ddg 0.525743682207198 -0.0442868344337496 1.45852089125602
37Y_s_ddg 0.16749558941261 -1.69805882868504 3.35448438699609
38A_s_ddg 2.77653851231215 1.06644696238931 6.71493117274052
38C_s_ddg 2.78858114869992 0.689832428340067 6.72697380912829
38D_s_ddg 2.69444438325856 -0.000245331771374424 6.63283704368693
38E_s_ddg 2.64938626436804 1.04293662656173 6.58777892479641
38F_s_ddg 3.26437937807868 -0.518550414174882 7.20277203850705
38H_s_ddg 3.66675020140347 -0.271642459024896 7.60514286183184
38I_s_ddg 3.40303141538074 -0.535361245047626 7.34142407580911
38K_s_ddg 2.91862304979123 0.223933334761296 6.8570157102196
38L_s_ddg 2.78411869112886 1.20357953135169 6.72251135155723
38M_s_ddg 4.33220322589734 0.49745247758551 8.2705958863257
38N_s_ddg 2.85534059186767 -1.0830520685607 6.79373325229604
38P_s_ddg 3.5390902529036 -0.0624661931460238 7.47748291333197
38Q_s_ddg 4.3133754823035 1.07456572866175 8.25176814273187
38R_s_ddg 2.65400908126432 1.64350043812809 6.59240174169269
38S_s_ddg 3.10308759922347 0.952517922805349 7.04148025965184
38T_s_ddg 3.10744065424185 -0.0536376653124959 7.04583331467022
38V_s_ddg 2.92384393452665 1.62832003306995 6.86223659495502
38W_s_ddg 2.45422744503605 1.36598736781242 6.39262010546442
38Y_s_ddg 2.47892376624422 -1.45946889418415 6.41731642667259
39C_s_ddg 0.210144037005568 -2.97684476057791 2.59390801568589
39D_s_ddg 0.600345296813457 -0.772910038730644 2.36225780279457
39E_s_ddg -0.559601659059182 -1.44055791204974 0.373175549989641
39F_s_ddg 0.728470523982272 -3.20992213644609 4.66686318441064
39G_s_ddg 0.683383965407565 0.268816316941421 1.59025069642725
39I_s_ddg 0.588517685538211 -3.34987497489015 4.52691034596658
39K_s_ddg 0.0124366229604449 -1.33490823455452 1.10067670018407
39L_s_ddg 0.62259586182565 -0.543375649485379 1.73674641707841
39M_s_ddg 0.128724137037585 -3.80966852339078 4.06711679746595
39N_s_ddg 0.354237865290837 -3.58415479513753 4.2926305257192
39P_s_ddg 3.18523864763134 -0.753154012797026 7.12363130805971
39Q_s_ddg -0.0429367741007851 -3.98132943452915 1.43396047355985
39R_s_ddg -0.0339606031437156 -1.07037972430907 0.924727083934242
39S_s_ddg -0.0567679738035003 -0.96363470482319 0.876009235245323
39T_s_ddg -0.0502163013130452 -1.70848689517762 0.934381863794046
39V_s_ddg 0.156961521968314 -0.438979472701768 1.063828252988
39W_s_ddg 0.707182698927566 -0.147863076033855 1.66587038600552
39Y_s_ddg 0.304193906674675 -3.63419875375369 4.24258656710304
3A_s_ddg 0.362027133743431 -0.000719558664444786 1.26889386476312
3C_s_ddg 0.406277846417577 -0.0860212361359687 1.31314457743727
3D_s_ddg 1.98725942535143 1.26176604053568 5.9256520857798
3E_s_ddg 2.26390559054386 1.64205411784464 4.12946000864151
3F_s_ddg 0.55951449201578 0.0413049314331003 1.46638122303547
3G_s_ddg 2.13237258369993 1.69189445720465 3.09106027077789
3H_s_ddg 0.81815965923737 0.325860576683824 1.75093686828619
3I_s_ddg 1.69904817093029 1.07719669823107 2.73546729209565
3K_s_ddg 2.1460164780846 1.47234404932712 4.737064280998
3L_s_ddg 1.79661084366075 1.33022223913634 2.75529853073871
3M_s_ddg 0.766607190906609 0.274308108353063 1.69938439995543
3N_s_ddg 2.19545639862617 1.28858966760648 6.13384905905454
3P_s_ddg 2.70603508865417 1.66961596748881 6.64442774908254
3Q_s_ddg 1.94367279836541 1.16635845749139 5.88206545879378
3R_s_ddg 2.35867581490648 1.71091386417813 6.29706847533485
3S_s_ddg 1.75573484411623 1.28934623959182 2.71442253119419
3T_s_ddg 1.78480707208659 1.18886607741651 2.76940523719368
3W_s_ddg 0.590598237326036 0.22785154491816 1.49746496834573
3Y_s_ddg -0.0154088687945697 -0.740902253610321 0.917368340254254
40A_s_ddg 0.444238392102291 -0.436717860888264 1.40292607918025
40D_s_ddg 2.76590425088926 0.22667740403413 6.70429691131763
40E_s_ddg 2.24861971359401 0.953095812137311 6.18701237402238
40F_s_ddg 1.45272666629003 0.364486589066403 5.3911193267184
40G_s_ddg 2.16231884963307 1.59228833299212 3.2505589268567
40H_s_ddg 1.16697969430457 -1.11314237225922 5.10537235473294
40I_s_ddg 0.653955469603157 -1.34115133864016 2.77861466799214
40K_s_ddg 1.01440570475793 0.340733276000446 1.97309339183589
40L_s_ddg 0.39900158680943 -0.171028929831518 1.30586831782912
40M_s_ddg 1.12041979401315 -0.0714621953270134 2.57140656364465
40N_s_ddg 1.5916891063436 0.062970902624695 5.53008176677197
40P_s_ddg 3.44942335470325 0.158792645003234 7.38781601513162
40Q_s_ddg 1.97833719146871 -0.923636347794296 5.91672985189708
40R_s_ddg 1.02517310799889 0.532874025445344 1.95795031704771
40S_s_ddg 1.13669044503393 0.463018016276446 2.09537813211189
40T_s_ddg 1.18976967455504 -0.0539332708433913 5.12816233498341
40V_s_ddg 0.274944121770802 -0.243265438811878 1.18181085279049
40W_s_ddg 2.21439621027019 1.35935043530877 6.15278887069856
40Y_s_ddg 1.88407065142499 1.02902487646357 5.82246331185336
41A_s_ddg 0.867050745619842 0.0379154486875545 1.79982795466867
41C_s_ddg 1.34940168868347 -0.075674602918899 5.28779434911184
41D_s_ddg 0.874212346760137 -1.40590971980365 4.8126050071885
41E_s_ddg 1.12159481785748 0.136996652750389 2.77986541172205
41F_s_ddg 1.54166442719131 -2.39672823323706 5.48005708761968
41G_s_ddg 0.558371878771087 0.0401623181884073 1.46523860979078
41I_s_ddg 2.71718167478803 -1.22121098564034 6.6555743352164
41K_s_ddg 0.0978047610576819 -0.783151491932874 1.05649244813564
41L_s_ddg 1.5403262976026 0.944385302932518 2.39537207256402
41M_s_ddg 1.20577957403591 -0.271117673624727 5.14417223446428
41N_s_ddg -0.102958116381947 -1.99442301250873 0.881640048725144
41P_s_ddg 3.12565170650169 -0.0354266130526559 7.06404436693006
41Q_s_ddg 0.538847762514059 -0.445750402593032 1.49753544959202
41R_s_ddg 0.145823059078131 -0.268744589388013 1.02677931206869
41S_s_ddg 0.950350744142357 -0.215620767168672 2.32360607968646
41T_s_ddg 1.90780299374914 0.301353355942833 5.84619565417751
41V_s_ddg 2.47454240056428 0.583077504437499 6.41293506099265
41W_s_ddg 1.496705028191 0.563927819142176 5.43509768861937
41Y_s_ddg 1.35350338558899 0.0838899621614249 5.29189604601736
42A_s_ddg 1.72573115716695 1.0779692064386 2.78806075636144
42C_s_ddg 2.13341946079273 0.293775520724217 6.0718121212211
42D_s_ddg 0.92515444512856 -0.551742802532077 2.60933551702227
42E_s_ddg 0.937403625548841 0.522835977082697 1.84427035656853
42F_s_ddg 2.13154987279578 -0.0449302816514749 6.06994253322415
42H_s_ddg 1.28679271241524 -2.65159994801313 5.22518537284361
42I_s_ddg 3.51292486814962 -0.425467792278746 7.45131752857799
42K_s_ddg 1.02835975875859 0.458329242117642 1.96113696780741
42L_s_ddg 2.03157977003663 1.25426542916261 5.969972430465
42M_s_ddg 1.49061259851463 0.609656345524074 3.95210801128236
42P_s_ddg 3.10374252781225 0.201768988549244 7.04213518824062
42Q_s_ddg 1.06854005202769 0.213494277066269 2.00131726107651
42R_s_ddg 1.40536354557566 0.990795897109516 2.33814075462448
42S_s_ddg 1.27387439896168 0.652022926262464 2.23256208603964
42T_s_ddg 2.4596717275813 0.360923007221447 6.39806438800967
42V_s_ddg 2.16376022893657 1.49008780017909 6.10215288936494
42W_s_ddg 1.89977143339919 1.20018852661257 5.73452218171102
42Y_s_ddg 1.89106071185483 -2.04733194857354 5.8294533722832
43A_s_ddg 0.114459915260219 -0.222376299118523 0.995416168250775
43C_s_ddg 0.106161012255339 -0.308406636210805 0.987117265245894
43D_s_ddg 0.581732879428293 -0.0142081152417887 1.51451008847712
43E_s_ddg 0.20267768318068 -0.289621399372866 1.10954441420037
43F_s_ddg 0.544690979079517 0.156033808642507 1.45155771009921
43G_s_ddg 1.08345373849383 0.798438480173356 1.99032046951352
43H_s_ddg 0.241649791239366 -0.302470247372448 1.14851652225906
43I_s_ddg 0.739862459897757 0.221652899315077 1.67263966894658
43K_s_ddg -0.438575425856444 -1.03451642052653 0.442380827134111
43L_s_ddg 0.394274586732404 0.10925932841193 1.27523083972296
43M_s_ddg 0.302290521462269 -0.0863666489747408 1.20915725248196
43N_s_ddg -0.101281679227929 -0.774954107985413 0.80558505179176
43P_s_ddg 2.63115407596966 1.6724663888917 6.56954673639803
43R_s_ddg -0.314571783529952 -0.651407997908694 0.566384469460604
43S_s_ddg 0.342520055054278 0.00568384067553623 1.24938678607397
43T_s_ddg 0.361410913801576 -0.0790672126937018 1.26827764482127
43V_s_ddg 0.0884303103227438 -0.248405904055998 0.969386563313299
43W_s_ddg 1.2594020368386 0.896655344430724 2.19217924588742
43Y_s_ddg 0.556671130056249 -0.0392698646138326 1.48944833910507
44A_s_ddg 0.584755138338944 0.247918923960202 1.49162186935863
44C_s_ddg 0.203441523064796 -0.28885755948875 1.11030825408449
44D_s_ddg 1.35012698921163 0.520991692279343 3.06021853913447
44E_s_ddg -0.222604067260602 -0.559440281639344 0.658352185729953
44F_s_ddg 0.693282013651482 0.0973410189814004 1.62605922270031
44G_s_ddg 1.95558088473376 1.59283419232588 2.88835809378258
44H_s_ddg 0.650302229671669 -0.0751911551440826 1.58307943872049
44I_s_ddg -0.109777862800039 -0.705718857470121 0.79708886821965
44K_s_ddg 0.244905240718338 -0.0660204956312698 1.12586149370889
44L_s_ddg 0.536276072409604 0.199439858030862 1.44314280342929
44M_s_ddg 0.19924731865425 -0.241230807841028 1.10611404967394
44N_s_ddg 0.874747023559276 0.330626984947462 1.8075242326081
44P_s_ddg 2.38366435425067 1.52861857928925 6.32205701467904
44Q_s_ddg -0.00202294487099655 -0.41659059333714 0.878933308119559
44R_s_ddg 0.652050084432095 0.367034826111621 1.55891681545178
44S_s_ddg 0.324957266896145 -0.0377894255117308 1.23182399791583
44V_s_ddg -0.35691351778644 -0.74557068822345 0.524042735204115
44W_s_ddg 1.24166835661641 0.878921664208534 2.17444556566523
44Y_s_ddg 0.371136770034224 -0.276625180694126 1.30391397908305
45A_s_ddg 2.10738068994427 1.58917112936159 2.98833694293483
45C_s_ddg 2.08816178057781 1.51813126393686 3.09867042371404
45D_s_ddg 2.04248327728293 1.34290037049631 4.21896343173018
45E_s_ddg 2.32814035548982 1.68037840476147 6.26653301591819
45F_s_ddg 1.97647926229587 1.40644874565492 2.85743551528643
45H_s_ddg 2.41940848400906 1.07206362649409 6.35780114443743
45I_s_ddg 1.96765076380142 1.13851546686913 5.90604342422979
45K_s_ddg 2.43904253357822 1.68763867073333 6.37743519400659
45L_s_ddg 2.09445463751544 1.57624507693276 2.92358993444773
45M_s_ddg 2.2685464174351 1.51714255459021 6.20693907786347
45N_s_ddg 2.37971692974189 1.3173873305474 6.31810959017026
45P_s_ddg 2.76850225772347 1.23978405400456 6.70689491815184
45Q_s_ddg 2.55367808886532 1.64681135784563 6.49207074929369
45R_s_ddg 2.23336912478298 1.7151595642003 3.0884148997444
45S_s_ddg 2.09441214833144 1.49847115366136 3.54539891796294
45T_s_ddg 2.48634677338957 1.57948004236988 6.42473943381794
45V_s_ddg 1.91291540695097 1.49834775848483 2.84569261599979
45W_s_ddg 2.35267664433488 1.70491469360653 6.29106930476325
45Y_s_ddg 2.54158755849287 1.42743700324011 6.47998021892124
46A_s_ddg 0.649452908198608 0.20897478170333 1.5563196392183
46C_s_ddg 0.465293659655037 -0.260199725160715 1.39807086870386
46D_s_ddg 1.5055591673903 0.624602914399744 3.78568123395409
46E_s_ddg 0.961713546920945 0.495324942396533 1.89449075596977
46F_s_ddg 0.158276433505358 -0.852232209630867 1.16878507664158
46G_s_ddg 0.782821227932362 0.471895491582754 1.68968795895205
46H_s_ddg 0.634128317113231 -1.20551562295528 4.5725209775416
46I_s_ddg -0.181500444187585 -1.01063574111987 0.725366286832104
46K_s_ddg -0.19014218839653 -1.01927748532882 0.716724542623159
46L_s_ddg 0.067827198769872 -0.320829971667138 0.948783451760427
46N_s_ddg 0.748344466032631 -1.37631473235636 2.97664557653815
46P_s_ddg 2.04651701549425 0.828724548124953 5.98490967592262
46Q_s_ddg 0.546183477671985 -0.231130863202034 1.50487116474994
46R_s_ddg -0.518214179674708 -0.958692306169986 0.362742073315848
46S_s_ddg 0.451974957206257 -0.0144136473181547 1.35884168822595
46T_s_ddg 0.345817536975512 -0.301944413752838 1.27859474602434
46V_s_ddg -0.0965503342259941 -0.485207504663004 0.784405918764561
46W_s_ddg -0.51899607509077 -1.06311611370258 0.361960177899786
46Y_s_ddg 0.101938678501603 -1.08994331083856 1.06062636557956
47A_s_ddg 2.3336064875444 1.06399306411683 6.27199914797277
47C_s_ddg 2.44149858201134 0.886869900263301 6.37989124243971
47D_s_ddg 2.43412397540077 -0.416028607803968 6.37251663582914
47E_s_ddg 2.56767330313054 1.27214940167384 6.50606596355891
47G_s_ddg 2.30633804202596 1.71039704735588 4.24962389421101
47I_s_ddg 1.51028228725703 0.732967946383011 2.90944810083027
47K_s_ddg 2.35313950021326 1.03170512072743 6.29153216064163
47L_s_ddg 2.0512245169659 1.48119400032495 3.1912855502478
47M_s_ddg 2.29760508737635 1.31300692226926 6.23599774780472
47N_s_ddg 2.66029134775856 -0.578518405883188 6.59868400818693
47P_s_ddg 3.11124066262978 -0.72351008568205 7.04963332305815
47Q_s_ddg 2.37334021852566 0.611427712544549 6.31173287895403
47R_s_ddg 2.56601043203779 1.52959131087243 6.50440309246616
47S_s_ddg 2.36641848924476 1.252267933992 6.30481114967313
47T_s_ddg 2.72974409363212 0.708726807359669 6.66813675406049
47V_s_ddg 1.75685832401567 1.18682780737472 2.63781457700623
47W_s_ddg 1.8320578490303 1.23611685436022 2.94620840428306
47Y_s_ddg 2.26764145875316 0.868475645179925 6.20603411918153
48A_s_ddg 1.44733308495179 0.644108266048636 2.89831985458329
48D_s_ddg 0.77743978131096 -0.595815554233141 2.35797894108813
48E_s_ddg 1.73358209794661 0.852625844956054 5.67197475837498
48F_s_ddg 1.79098840706865 0.288180681378879 5.72938106749702
48G_s_ddg 1.93334794433884 1.28558599361049 3.59161853820341
48H_s_ddg 0.0455838284699928 -0.757640990433161 0.978361037518816
48I_s_ddg 2.49885466803742 0.115090689357094 6.43724732846579
48L_s_ddg 1.12525595629289 0.555225439651942 2.05803316534171
48M_s_ddg 0.982338681138451 -0.209543308201712 3.10699787952744
48N_s_ddg 0.483166164871763 -0.605073912351864 1.51958528603712
48Q_s_ddg 0.949085137355603 -0.0614235057806224 2.81463955545325
48R_s_ddg 0.577132246403719 0.00710172976277135 1.50990945545254
48S_s_ddg 1.10165019335833 0.402067286571712 2.00851692437802
48T_s_ddg 2.35500724183739 0.904020472205887 6.29339990226576
48V_s_ddg 2.26172619943317 1.25121755629694 6.20011885986154
48W_s_ddg 1.4290172888296 0.677613425984714 2.5690783221115
48Y_s_ddg 1.23183358282778 0.0658620715167506 5.17022624325615
49A_s_ddg -0.741239161405719 -1.36309063410493 0.139717091584836
49C_s_ddg 0.104162687634366 -0.362225916890046 1.01102941865406
49F_s_ddg 1.30627400732289 0.554870144478004 2.39451408454652
49G_s_ddg 0.705300931217988 0.420285672897514 1.61216766223768
49H_s_ddg 1.21831395677347 0.518731049986852 2.20291212188056
49K_s_ddg -0.248390040866607 -0.922062469624091 0.658476690153082
49L_s_ddg 1.36271846707033 0.896329862545918 2.29549567611915
49N_s_ddg 0.903017204856158 -0.159312394338335 2.87221353507034
49P_s_ddg 0.0189600152695464 -0.991548627866679 0.977647702347504
49Q_s_ddg 0.718176440607806 -0.00731694420794549 1.65095364965663
49S_s_ddg -0.65813756718444 -1.15043664973799 0.222818685806115
49T_s_ddg 0.257823425028064 -0.467669959787688 1.19060063407689
49V_s_ddg 0.0135908959575404 -0.375066274479469 0.894547148948096
49Y_s_ddg 1.25894690470865 0.48163256383463 2.32127650390314
4A_s_ddg 1.0546107196672 0.53640115908452 1.98738792871602
4C_s_ddg 0.405485157181127 -0.138634881430687 1.31235188820082
4D_s_ddg 2.69104038088027 0.825485962782623 6.62943304130864
4E_s_ddg 0.364608298571253 -0.0499593498948908 1.27147502959094
4F_s_ddg 1.13820467823261 0.568174161591662 2.09689236531057
4G_s_ddg 2.37302619273431 1.67344328594769 6.31141885316268
4H_s_ddg 1.1219619520856 0.577841913473786 2.05473916113442
4I_s_ddg 0.645226498127665 -0.0284459306298186 1.57800370717649
4K_s_ddg 0.0310948307806652 -0.383472817685479 0.912051083771221
4L_s_ddg 0.413613073244274 0.102687336894666 1.32047980426396
4M_s_ddg 0.427547083431616 -0.0906624771510636 1.33441381445131
4N_s_ddg 1.96127279671647 0.976674631609379 5.89966545714484
4P_s_ddg 2.46841868119154 1.50973099411358 6.40681134161991
4R_s_ddg 0.00120110814924825 -0.335635106229494 0.882157361139804
4S_s_ddg 1.34822370914871 0.881835104624298 2.28100091819753
4T_s_ddg 0.553866322392952 0.113388195897674 1.46073305341264
4V_s_ddg 0.135849843745037 -0.304628282750241 1.04271657476473
4W_s_ddg 1.2730480334133 0.780748950859754 2.20582524246212
4Y_s_ddg 0.856221891669332 0.156638984882714 1.81490957874729
50A_s_ddg -0.489336945721543 -0.903904594187687 0.391619307269012
50C_s_ddg -0.285167184590326 -0.803376745173006 0.595789068400229
50D_s_ddg -0.0668820614990763 -0.585091622081756 0.839984669520613
50E_s_ddg -0.564990778906093 -0.953647949343103 0.290054996055328
50F_s_ddg 0.562872798358182 -0.0330681963118996 1.49565000740701
50G_s_ddg -0.223786144303837 -0.508801402624311 0.657170108686718
50H_s_ddg -0.10597506960737 -4.04436773003574 2.51098321133516
50I_s_ddg 0.299985642293327 -0.399597264493291 1.23276285134215
50K_s_ddg -0.586183173204309 -0.974840343641319 0.294773079786246
50L_s_ddg 0.161053210435173 -0.175783003943569 1.04200946342573
50M_s_ddg 0.204338593730741 -0.210229054735403 1.11120532475043
50Q_s_ddg -0.193534243298712 -0.76356475993966 0.713332487720977
50R_s_ddg -0.39565065788362 -0.732486872262362 0.485305595106935
50S_s_ddg -0.609464672541146 -1.02403232100729 0.271491580449409
50T_s_ddg -0.184121652505719 -0.702331213088399 0.72274507851397
50V_s_ddg -0.0747869177152119 -0.411623132093954 0.806169335275344
50W_s_ddg -0.184642253807894 -0.495567990157502 0.696313999182661
50Y_s_ddg 0.324364951454709 -0.271576043215373 1.2312316824744
51C_s_ddg 0.3853047579547 -0.0551733685405777 1.29217148897439
51E_s_ddg 2.26154033258218 1.06965834324202 6.19993299301055
51F_s_ddg 0.219485169003777 -0.246903435520635 1.12635190002347
51G_s_ddg 1.59641315032832 1.15593502383304 2.52919035937714
51H_s_ddg 0.278500164177848 -0.783829435016645 1.28900880731407
51L_s_ddg -0.298291468729074 -0.635127683107816 0.582664784261481
51M_s_ddg 0.119964688223075 -0.346423916301337 1.02683141924276
51N_s_ddg 1.23974270037701 0.0996816670951148 5.17813536080538
51R_s_ddg 0.0364442888126954 -0.352212881624314 0.917400541803251
51T_s_ddg 0.949486144687695 0.327634671988479 1.88226335373652
51V_s_ddg 0.450375828770338 0.0617186583333282 1.35724255979003
51W_s_ddg 0.491919411011236 0.103262240574226 1.39878614203093
52A_s_ddg 1.05016622209979 0.169209969109235 2.06067486523602
52D_s_ddg 2.06840201334979 1.0060724141553 6.00679467377816
52F_s_ddg 2.15839688494911 0.500126291084535 6.09678954537748
52G_s_ddg 2.26333878473911 0.838262493136741 6.20173144516748
52I_s_ddg 1.07373886151556 0.477797866845478 2.00651607056438
52R_s_ddg 2.76997181798918 0.0493716249301115 6.70836447841755
52W_s_ddg 2.13848875139099 -0.504380007580676 6.07688141181936
53A_s_ddg 0.111438910549187 -0.536323040179163 1.04421611959801
53I_s_ddg 0.193875798248089 -0.479796630509395 1.12665300729691
53S_s_ddg 0.314806080343762 -0.28113491432632 1.22167281136345
54H_s_ddg 0.301070539994601 -0.424422844821151 1.23384774904342
54S_s_ddg 0.070768416561387 -0.473351622050427 0.977635147581076
54T_s_ddg 0.299707115190919 -0.684891049916172 1.25839480226888
55A_s_ddg 0.349443354824092 -0.24649763984599 1.25631008584378
55E_s_ddg 0.367848454484318 -0.564928754564505 1.32653614156228
55M_s_ddg -0.176327169181829 -0.979551988084983 0.73053956183786
5C_s_ddg 2.31882384748237 1.23058377025874 6.25721650791074
5D_s_ddg 1.96887420944171 1.08791795645115 5.90726686987008
5E_s_ddg 2.57214479595434 1.66527806493465 6.51053745638271
5F_s_ddg 3.5788027199195 1.19503874123917 7.51719538034787
5G_s_ddg 1.430679104226 1.04202193378899 2.36345631327482
5H_s_ddg 2.40896455195068 1.11344065049398 6.34735721237905
5I_s_ddg 3.02358413240851 0.847103977961255 6.96197679283688
5K_s_ddg 2.51543994118175 1.45311034198726 6.45383260161012
5L_s_ddg 2.6622405327654 1.59991093357091 6.60063319319377
5M_s_ddg 2.51030985758708 1.24069643415951 6.44870251801545
5N_s_ddg 2.59013370635516 1.34643076095673 6.52852636678353
5P_s_ddg 2.44242551605377 1.50964830700495 6.38081817648214
5Q_s_ddg 2.47947657493217 1.28759458559201 6.41786923536054
5R_s_ddg 2.6930272840395 1.81207103104894 6.63141994446787
5S_s_ddg 1.85485656997908 1.28482605333813 2.73581282296964
5T_s_ddg 2.15786750297965 1.48419507422217 6.09626016340802
5V_s_ddg 2.26425373404369 1.48693939316967 6.20264639447206
5W_s_ddg 2.68101488890675 1.56686433365399 6.61940754933512
5Y_s_ddg 2.6248726565708 0.785228716502287 6.56326531699917
6F_s_ddg 1.96602508715375 0.592769751609649 5.90441774758212
6H_s_ddg 1.13883440326784 0.102415282102481 2.12343256837493
6I_s_ddg 0.195446601190921 -0.581867739683098 1.12822381023974
6P_s_ddg 2.03586307199648 -1.90252958843189 5.97425573242485
6R_s_ddg 0.226252579817474 -3.71214008061089 4.16464524024584
6S_s_ddg 2.9608778267581 -0.977514833670265 6.89927048718647
7A_s_ddg 0.152089231382892 -0.651135587520262 1.08486644043172
7C_s_ddg -0.0560484618406108 -1.06655710497684 0.876728747208213
7D_s_ddg 0.578370180504923 -3.28229104583604 4.51676284093329
7E_s_ddg 0.193990334645546 -0.712876396374143 1.1526780217235
7G_s_ddg 1.07709893562416 0.662531287158016 2.00987614467298
7H_s_ddg -0.458269068736921 -4.39666172916529 3.48012359169144
7I_s_ddg 0.415807868898203 -0.335595993946683 1.34858507794703
7K_s_ddg -0.192058495459834 -1.15074618253779 0.766629191618123
7L_s_ddg 0.311017074333216 -0.0776400961037937 1.21788380535291
7M_s_ddg 0.116112650232411 -1.12759029516602 1.12662129336864
7N_s_ddg 0.420363352199276 -3.51802930822909 4.35875601262764
7P_s_ddg 4.72597256007824 0.839400855708142 8.66436522050661
7Q_s_ddg -0.00580786407676039 -1.5604365458248 1.0306112570886
7R_s_ddg -0.154454345351098 -0.957679164254252 0.778322863697725
7S_s_ddg 0.41591142070965 -0.257761008047834 1.34868862975847
7T_s_ddg 0.442756646465548 -0.852767254991151 1.47917576763091
7V_s_ddg 0.139196247054432 -0.534476181703052 1.07197345610326
7W_s_ddg 0.49973532376636 -0.0443847148454537 1.43251253281518
7Y_s_ddg 0.241599565092431 -0.354341429577651 1.14846629611212
8A_s_ddg 1.61766884856769 0.892175463751938 2.73181940382045
8C_s_ddg 2.22106801573542 1.08100698245352 6.15946067616379
8E_s_ddg 1.49178621512246 0.818113786364976 2.55411581431695
8F_s_ddg 2.48621579667147 0.594750900544689 6.42460845709984
8G_s_ddg 1.81243820788517 1.34604960336076 2.77112589496313
8H_s_ddg 1.51873787493124 0.0677511052997368 5.45713053535961
8I_s_ddg 3.06544827543457 0.733505252812511 7.00384093586294
8K_s_ddg 1.97404588272639 0.833984849444495 5.91243854315476
8L_s_ddg 2.73967239300429 1.39232753548932 6.67806505343266
8M_s_ddg 2.65409061453883 1.04764097673252 6.5924832749672
8N_s_ddg 0.717488337060999 0.147457820420051 1.65026554610982
8P_s_ddg 2.05801288366921 -0.144377748807178 5.99640554409758
8Q_s_ddg 1.97729557885954 0.137651638791027 5.91568823928791
8R_s_ddg 2.24956845274405 1.34270172172436 6.18796111317242
8S_s_ddg 1.3016145360282 0.627942107270717 2.33803365719356
8T_s_ddg 1.1544839700942 0.0403334148414387 2.78684408592964
8V_s_ddg 2.12309960569859 1.2939643087663 6.06149226612696
8W_s_ddg 2.76774076840591 1.21311208665787 6.70613342883428
8Y_s_ddg 1.82419384233383 0.554580418906265 5.7625865027622
9A_s_ddg 1.48974337760692 0.582876646587231 3.5366711419085
9C_s_ddg 0.959776802009099 -0.361657577476734 2.30712165952407
9D_s_ddg 3.10031696540092 0.120611992050512 7.03870962582929
9E_s_ddg 2.78240953225323 -0.223205919126312 6.7208021926816
9G_s_ddg 2.45780940262962 1.31774836934772 6.39620206305799
9H_s_ddg -0.260357791770024 -4.19875045219839 3.67803486865834
9I_s_ddg 1.77886980547565 0.923824030514229 5.71726246590402
9K_s_ddg 1.07460787172286 -0.298647463821241 5.01300053215123
9L_s_ddg 1.1062268856857 0.639838281161288 2.03900409473452
9M_s_ddg 1.43767238368561 -0.194687732149831 5.37606504411398
9N_s_ddg 0.753881398983654 -3.18451126144471 4.69227405941202
9P_s_ddg 3.26674216420173 0.235216234793054 7.2051348246301
9Q_s_ddg 1.27835561169305 -0.639019762462865 5.21674827212142
9R_s_ddg -0.0167554566585073 -0.716338363445125 0.916021752390316
9S_s_ddg 1.14855528838317 0.526703815683954 2.10724297546113
9T_s_ddg 2.25859202971124 -0.0215300368525506 6.19698469013961
9V_s_ddg 0.547925798135897 -0.203478064708989 1.48070300718472
9W_s_ddg 0.214261230784125 -0.537142632060761 1.14703843983295
9Y_s_ddg -0.558192452993625 -1.75007444233379 0.400495234084332
49W_s_ddg 1.64939294713395 1.1570938645804 2.60808063421191
51A_s_ddg 0.0848308802700454 -0.303826290166964 0.965787133260601
51S_s_ddg 0.817586268299646 0.45483957589177 1.72445299931934
52S_s_ddg 2.50785365211383 0.771851624161853 6.4462463125422
53H_s_ddg 0.152026813299103 -0.625287527574917 1.08480402234793
53R_s_ddg -0.335026312424686 -0.8791463510365 0.571840418595003
54G_s_ddg 0.146247189188128 -0.29423093730715 1.02720344217868
54L_s_ddg 0.285081897518369 -0.207217185035177 1.19194862853806
54Q_s_ddg 0.173405029522778 -1.12211887193392 1.44301845295034
54V_s_ddg 0.0593384322601209 -0.666154952555631 0.992115641308944
48C_s_ddg 1.58661262936886 0.602014464261769 5.52500528979723
49E_s_ddg 1.3354318169059 0.584027954061014 2.52731380624606
53L_s_ddg 0.387952096580191 -0.156167942031623 1.29481882759988
53P_s_ddg 2.44706267339075 1.09971781587578 6.38545533381912
54R_s_ddg 0.570641048543143 0.0524314879604634 1.47750777956283
56G_s_ddg 0.426007903784571 -0.325395959060315 1.35878511283339
56I_s_ddg 0.31294471668717 -0.516190580245117 1.27163240376513
56M_s_ddg 0.530828816769049 -0.790605562716784 1.56724793793441
56R_s_ddg 0.364254224034913 -0.387149638809973 1.29703143308374
56Y_s_ddg 0.434697057300943 -0.161243937369139 1.34156378832063
48K_s_ddg 0.716020340592788 -0.0612940002812316 1.59697659358334
49D_s_ddg 2.7575914108114 0.969768426801155 6.69598407123977
49M_s_ddg 0.484720619233072 -0.318504199670082 1.44340830631103
50P_s_ddg 0.543076735586705 -0.156506171199913 1.50176442266466
51D_s_ddg 2.81168239550958 0.116992680479646 6.75007505593795
51I_s_ddg 0.57691937366816 -0.407678791438931 1.76880136300832
51K_s_ddg -0.0606344913180626 -0.604754529929876 0.846232239701627
51P_s_ddg 2.75695453687849 1.12459442104305 6.69534719730686
51Q_s_ddg 1.22747427024021 0.346518017249654 2.57481912775518
52T_s_ddg 0.254426918737593 -3.68396574169077 2.17180229289351
53D_s_ddg 1.14208031866848 -0.360727407021291 5.08047297909685
53E_s_ddg 0.0655676329376029 -0.867209576111221 0.998344841986426
53F_s_ddg 0.369085436175935 -0.822796553164228 1.53505694748696
53G_s_ddg -0.0201321979009371 -0.641983670600153 0.886734533118752
53K_s_ddg -0.615713956008805 -1.44484925294109 0.291152775010884
53N_s_ddg 0.660799997543106 -0.168335299389181 1.69721911870847
53V_s_ddg 0.0805310912441147 -0.411767991309431 0.987397822263804
53W_s_ddg 0.30176796744538 -0.47554637342864 1.2345451764942
53Y_s_ddg 0.567003148968699 -0.46941597219666 1.68115370422146
54A_s_ddg 0.143755202839916 -0.529917225917568 1.07653241188874
54C_s_ddg 0.630461647626005 -0.302315561422818 1.71870172484963
54E_s_ddg -0.128824147938169 -1.3725270933366 0.933505451256324
54F_s_ddg 0.319201578021933 -0.613575631026891 1.27788926509989
54M_s_ddg 0.499318872491475 -1.3144145895479 2.39078376861826
54W_s_ddg 0.454271743319514 -0.374863553612774 1.41295943039747
54Y_s_ddg 0.402674839424732 -0.685565237798895 1.46500443861923
55C_s_ddg 0.379871823368617 -0.915652078088082 1.67539572482532
55L_s_ddg -0.344184473417523 -1.09558833626241 0.562682257602166
55N_s_ddg -0.120147201458029 -4.05853986188639 3.81824545897034
55R_s_ddg 0.159408680352868 -0.54017422643375 1.06627541137256
55S_s_ddg 0.0773256971323775 -1.03682485812038 1.06192386223947
55T_s_ddg 0.131069128512129 -1.21627572900284 1.40068255193969
55W_s_ddg -0.214271642703921 -1.12113837372361 0.744416044374036
55Y_s_ddg 0.115074473925066 -2.26868950475526 2.7320327548676
56K_s_ddg 0.361466311839937 -0.649042331296288 1.32015399891789
56L_s_ddg 0.426740900649534 -0.37648391825362 1.35951810969836
56P_s_ddg 0.203906080964584 -1.9984845515118 1.73262428468349
56T_s_ddg 0.108107971325328 -1.47243118845185 1.87002047730644
56V_s_ddg 0.190315011281366 -0.638820285650922 1.14900269835932
55G_s_ddg 0.0214984684545146 -1.01492065271084 0.980186155532472
55I_s_ddg -0.179891900050142 -4.11828456047851 1.19336343549396
54I_s_ddg 0.0225441775858573 -1.35071115795824 1.26624712298429
56S_s_ddg 0.223893917921194 -0.372047076748888 1.13076064894088
52M_s_ddg 2.70030613813848 -1.21217604426075 6.63869879856685
53Q_s_ddg -0.0560199421962308 -1.29972288759466 0.928578222910861
56W_s_ddg 0.452219988134852 -0.610109611059641 1.46272863127108
52C_s_ddg 0.56567721702855 -1.35169815712736 4.50406987745692
55Q_s_ddg 0.0790278441856308 -3.85936481624273 1.504104135788
49I_s_ddg 1.18861257255165 -0.236463719050719 5.12700523298002
54N_s_ddg -0.164350182854629 -1.61533695248613 1.20890515268947
52L_s_ddg 2.38292631456488 0.491461418438099 6.32131897499325
56A_s_ddg 0.300185501921562 -0.813965053331199 1.28478366702865
56F_s_ddg 0.824010249557751 -0.730618432190288 2.17135510707272
52N_s_ddg 2.23004863474921 -0.43873060225159 6.16844129517758
52Y_s_ddg 2.57184863136159 -0.174662039726612 6.51024129178996
53C_s_ddg 0.366021206371566 -0.463114090560722 1.35061937147866
56Q_s_ddg 0.706232427121576 -1.83299441973355 2.59769732324836
47H_s_ddg 2.4468626584651 -1.49153000196327 6.38525531889347
56D_s_ddg -0.287045816311585 -4.22543847673995 0.775283782882908
56H_s_ddg 0.246497531100753 -2.24090835969611 1.46428999847005
55P_s_ddg 0.0887762498814513 -2.24316677274061 2.13570401418304
52E_s_ddg 2.71387345593389 -1.22451920449448 6.65226611636226
39H_s_ddg 0.220008345960488 -3.71838431446788 4.15840100638885
52K_s_ddg 2.47948268460059 -1.38117854174037 6.41787534502896
53M_s_ddg -0.0338939330971945 -0.863029230029482 0.898883275951629
55H_s_ddg 0.547464916350352 -3.39092774407801 4.48585757677872
55D_s_ddg 0.0707225118042479 -3.86767014862412 4.00911517223261
52P_s_ddg 3.45903548148854 1.41210771718695 7.39742814191691
54K_s_ddg 0.589515709575487 -0.783739625968614 1.96277104511959
56E_s_ddg -0.232180570354715 -1.47588351575315 0.90788046292718
54D_s_ddg -0.29837240952256 -1.98255348141627 1.20443531616721
56C_s_ddg 0.635484711416149 -0.478665843836612 1.74963526666891
52H_s_ddg 2.37152124225537 -1.566871418173 6.30991390268374
55F_s_ddg 0.233080321179999 -3.70531233924837 4.17147298160836
42N_s_ddg 0.607468635182437 -3.33092402524593 4.5458612956108
55K_s_ddg 0.0816703079039178 -3.85672235252445 4.02006296833228
52Q_s_ddg 3.58767263082309 -0.350720029605275 7.52606529125146
12N_s_ddg 0.889510791240636 -3.04888186918773 4.827903451669
10E_b_ddg 0.51192141330363 -3.20111034485565 4.22495317146291
10G_b_ddg -0.0588165146715301 -0.81607957061191 3.65421524348775
10N_b_ddg -0.126227938407314 -3.83925969656659 3.07381916895364
10V_b_ddg 0.196540183720092 -1.61112001433114 3.90957194187937
11A_b_ddg 0.0547220893847296 -0.629257445013033 3.76775384754401
11H_b_ddg -0.00962327131320154 -3.72265502947248 3.70340848684608
11L_b_ddg 0.0296998935831176 -3.68333186457616 3.7427316517424
11R_b_ddg 0.153809585395408 -3.55922217276387 3.86684134355469
11S_b_ddg -0.0464158888580418 -3.75944764701732 3.66661586930124
11T_b_ddg 0.0582459927706906 -3.65478576538859 3.77127775092997
12E_b_ddg 0.465992812526294 -3.24703894563299 3.10419958806052
12H_b_ddg 0.650321805608855 -3.06270995255043 4.36335356376814
12K_b_ddg -0.604063201383702 -4.31709495954298 3.10896855677558
12L_b_ddg 0.441899517512669 -0.0710851332856527 4.15493127567195
12R_b_ddg -0.143379547973714 -1.41362725471242 3.56965221018557
13D_b_ddg -0.386620824586161 -1.21716740206916 3.32641093357312
13G_b_ddg -0.739605123628206 -4.45263688178749 2.97342663453107
13K_b_ddg 0.575845846055338 -0.498979136569717 4.28887760421462
13Q_b_ddg 0.55596967058193 -0.0547263422732147 4.26900142874121
13V_b_ddg 1.20959358748229 -2.50343817067699 4.92262534564157
14E_b_ddg 2.23418036598594 0.353236646392094 5.94721212414522
14G_b_ddg 1.50914111700608 -2.2038906411532 5.22217287516536
14N_b_ddg 1.06807020244419 0.213095784446987 4.78110196060347
14V_b_ddg 0.0738347971303263 -0.732283939838465 3.78686655528961
14Y_b_ddg 0.148367053348492 -3.56466470481079 1.71174884625766
15A_b_ddg 0.0504199921287889 -3.66261176603049 3.76345175028807
15E_b_ddg 0.205420929858893 -0.380847242482046 3.91845268801817
15R_b_ddg -0.0315528334803594 -1.30180054021906 3.68147892467892
15V_b_ddg 1.29247328262769 -2.42055847553159 5.00550504078697
16A_b_ddg 0.137435691144703 -3.57559606701458 1.72524532456808
16D_b_ddg 1.39052099626928 -0.588134085381389 5.10355275442856
16G_b_ddg 1.70560685348927 0.0445136985232764 5.41863861164855
16K_b_ddg 1.12049634948759 -2.59253540867169 4.83352810764687
16V_b_ddg 1.75518367524723 -0.614316854630732 5.46821543340651
17M_b_ddg 2.49665427454329 0.34700430929318 6.20968603270257
17P_b_ddg 2.44745146817189 -1.26558028998739 6.16048322633117
17Q_b_ddg 2.18273049474315 0.204075413092481 5.89576225290243
17R_b_ddg 0.345890752427756 -0.973212635339357 1.86041686430852
17V_b_ddg 0.94336036101912 -2.76967139714016 4.6563921191784
18A_b_ddg 1.30614821052317 -2.40688354763611 5.01917996868245
18C_b_ddg 1.87137665306301 -1.84165510509627 5.58440841122229
18D_b_ddg -0.257786674649146 -3.97081843280843 3.45524508351013
18S_b_ddg 3.34579617611323 -0.36723558204605 7.05882793427251
18V_b_ddg 0.261121589950333 -0.496141465990047 3.97415334810961
19I_b_ddg -0.135652432297671 -1.03948253132329 3.57737932586161
19L_b_ddg 0.262269010653161 -0.397282683230395 3.97530076881244
19S_b_ddg 0.195078495942676 -1.00188568925341 3.90811025410196
19Y_b_ddg -0.0790902626307749 -3.79212202079006 3.63394149552851
1A_b_ddg -0.0614414489655098 -0.940843707476918 3.65159030919377
1I_b_ddg 1.17397160069205 -2.53906015746723 4.88700335885133
1K_b_ddg 0.686396268453289 -3.02663548970599 4.39942802661257
1P_b_ddg 0.0155553215741889 -0.814991255908808 3.72858707973347
1R_b_ddg 0.0675358091702757 -0.396593160599634 3.78056756732956
1S_b_ddg 0.0576700905007609 -3.65536166765852 3.77070184866004
20C_b_ddg 0.0752524698449518 -3.63777928831433 3.78828422800423
20G_b_ddg 0.171671561278458 -3.54136019688082 3.88470331943774
20H_b_ddg 0.028320518723064 -0.509091972589463 3.74135227688234
20L_b_ddg -0.215176253965009 -3.92820801212429 3.49785550419427
20S_b_ddg 1.21036442694506 -2.50266733121422 4.92339618510434
21G_b_ddg -0.115403450463588 -0.848238665889762 3.59762830769569
21L_b_ddg -0.175541255668855 -3.88857301382814 3.53749050249043
21P_b_ddg -0.10621228422696 -0.814619659138928 3.60681947393232
21Q_b_ddg -0.0357155362099321 -3.74874729436921 3.67731622194935
21W_b_ddg -0.239160756712142 -1.02085165316673 3.47387100144714
22E_b_ddg -0.00688190057605135 -3.71991365873533 3.70614985758323
22R_b_ddg 0.084357945526979 -0.477482386299754 3.79738970368626
22V_b_ddg -0.5728521672454 -1.86752771449831 3.14017959091388
23A_b_ddg -0.65711978124805 -4.37015153940733 3.05591197691123
23E_b_ddg -0.254769975249215 -3.9678017334085 1.69945726588725
23G_b_ddg 0.84279995041597 -2.87023180774331 4.55583170857525
23H_b_ddg 0.145248011968316 -3.56778374619096 3.8582797701276
23N_b_ddg -0.0982742760168498 -0.611258926815171 3.61475748214243
23V_b_ddg 0.427713498458899 -3.28531825970038 4.14074525661818
23Y_b_ddg 0.994270128813193 -2.71876162934609 4.70730188697247
24C_b_ddg -0.711128687722593 -4.42416044588187 3.00190307043669
24I_b_ddg -0.336049920000571 -4.04908167815985 1.47161027805066
24L_b_ddg -0.934147288604078 -4.64717904676336 2.7788844695552
24S_b_ddg -0.0338344489326097 -3.74686620709189 3.67919730922667
24V_b_ddg 0.0366510534057724 -0.622900640477784 3.74968281156505
24Y_b_ddg 0.0592684867998081 -1.50411330610936 3.77230024495909
25F_b_ddg -0.26234127004993 -1.65472817935966 3.45069048810935
25M_b_ddg 0.015726698509688 -3.69730505964959 3.72875845666897
25N_b_ddg -0.0966867838302488 -0.682954956171188 3.61634497432903
25T_b_ddg 0.304491346939726 -3.40854041121955 4.01752310509901
25V_b_ddg 0.243205071955849 -3.46982668620343 3.95623683011513
26D_b_ddg 1.19854079484968 -2.5144909633096 4.91157255300896
26L_b_ddg 0.703666286160381 -3.0093654719989 4.41669804431966
26N_b_ddg -0.372595444047112 -1.66727099130002 3.34043631411217
26Q_b_ddg 0.805793627184913 -2.90723813097437 4.51882538534419
26R_b_ddg 0.0489820496324488 -0.561713963222696 3.76201380779173
26Y_b_ddg -0.101797041552521 -1.12776634314916 3.61123471660676
27A_b_ddg 0.299854091317537 -3.41317766684174 4.01288584947682
27D_b_ddg 0.0565220718792901 -0.554173940975855 3.76955383003857
27G_b_ddg -0.0300284336098376 -0.933858532635452 3.68300332454944
27I_b_ddg 0.0286283207141182 -3.68440343744516 3.7416600788734
27L_b_ddg 0.145835629738044 -3.56719612842124 3.85886738789732
28I_b_ddg 1.01495580389778 -2.6980759542615 4.72798756205706
28K_b_ddg 2.60956749568949 -1.10346426246979 6.32259925384877
28L_b_ddg -0.0305810773121684 -0.934411176337783 3.68245068084711
28T_b_ddg 0.0341103613615884 -3.67892139679769 1.91505408095543
28V_b_ddg 0.0450572002703885 -0.736633696184197 3.75808895842967
29A_b_ddg 0.045661079103059 -0.516179252723674 3.75869283726234
29E_b_ddg 0.0985480807604866 -0.512147932094658 3.81157983891977
29G_b_ddg -0.252621687243923 -3.9656534454032 3.46041007091536
29H_b_ddg -0.189982653152457 -1.26480763577751 3.52304910500682
29N_b_ddg 0.00792473438714136 -0.79819400258165 3.72095649254642
29V_b_ddg 0.229782460971307 -3.48324929718797 3.94281421913059
29Y_b_ddg -0.0216352212156937 -1.43844997103963 3.69139653694359
2C_b_ddg 0.0910860997821353 -1.13030592592815 1.87431845731916
2F_b_ddg -0.689092019824791 -4.40212377798407 3.02393973833449
2H_b_ddg -0.214120431468491 -3.92715218962777 3.49891132669079
2N_b_ddg -0.470301483206168 -4.18333324136545 3.24273027495311
30D_b_ddg -0.0696520961965553 -3.78268385435584 3.64337966196273
30H_b_ddg -0.506777923923794 -4.21980968208307 3.20625383423549
30I_b_ddg 0.0681018955462552 -3.522790660042 3.78113365370554
30K_b_ddg -0.0966634785283085 -1.26919982321019 3.61636827963097
30S_b_ddg -0.0410054540049013 -0.895979872002104 3.67202630415438
30Y_b_ddg 0.070105071517455 -3.64292668664183 3.78313682967674
31L_b_ddg 0.99928421820523 -2.71374753995405 4.71231597636451
31P_b_ddg 0.140796940944356 -0.469899071910789 3.85382869910364
31T_b_ddg 0.0954814393319672 -3.61755031882731 3.80851319749125
32E_b_ddg -0.00274078655048868 -3.71577254470977 3.71029097160879
32G_b_ddg 0.304203050271875 -3.40882870788741 3.18668823094816
32N_b_ddg -0.183372939647424 -3.8964046978067 3.52965881851186
32V_b_ddg -0.440058517062537 -1.75916190482965 3.27297324109674
32Y_b_ddg 0.454273513405675 -3.25875824475361 4.16730527156496
33H_b_ddg 0.0237787173771875 -0.586917295477957 3.73681047553647
33L_b_ddg 1.11951703309659 -2.59351472506269 4.83254879125587
33R_b_ddg 1.25084041576049 -1.48507772183056 4.96387217391977
33S_b_ddg 0.263515722870346 -1.78842288032294 3.97654748102963
33T_b_ddg 0.806231522918572 -2.90680023524071 4.51926328107785
34D_b_ddg 0.676113730002869 -3.03691802815641 4.38914548816215
34I_b_ddg 0.6104598994403 -3.10257185871898 4.32349165759958
34K_b_ddg 0.0987598933294984 -0.927209408267145 3.81179165148878
34S_b_ddg -0.179942618298331 -0.912777833724505 3.53308913986095
34Y_b_ddg 1.69749475959989 -2.01553699855939 5.41052651775917
35C_b_ddg 0.104677118477418 -0.530446734891933 3.8177088766367
35G_b_ddg 0.0987336240931722 -0.878379996475059 3.81176538225245
35L_b_ddg 0.0179958762672078 -0.812550701215789 3.73102763442649
35R_b_ddg -0.0743603984782541 -3.78739215663753 3.63867135968103
35S_b_ddg 0.719896800436238 0.158056468609505 4.43292855859552
36C_b_ddg 1.46087858307977 -1.39717875708231 5.17391034123905
36L_b_ddg 0.582324710973095 -0.736778676794018 2.02356730131124
36R_b_ddg 0.301095610352428 -0.260744721474305 4.01412736851171
36S_b_ddg 1.92408911625818 -1.7889426419011 5.63712087441746
37E_b_ddg 1.69503990810913 -2.01799185005015 5.40807166626841
37I_b_ddg 1.56837939559293 0.102708964740582 5.28141115375221
37N_b_ddg 1.93915710566287 0.839904282523609 5.65218886382215
37Q_b_ddg 1.57682337680221 -2.13620838135707 5.28985513496149
37R_b_ddg 0.523702842877326 -0.795400544889787 3.06419825635473
37T_b_ddg 0.580687603810248 -3.13234415434903 4.29371936196953
38E_b_ddg 0.733661293841856 -0.414447210325816 4.44669305200114
38R_b_ddg 1.08393173822109 -2.62910001993819 4.79696349638037
39D_b_ddg 0.266903175646079 -3.4461285825132 3.97993493380536
39S_b_ddg -0.646425036641523 -2.30751819160752 3.06660672151776
39T_b_ddg -0.489886685954939 -1.39371678498055 3.22314507220434
39V_b_ddg -0.509441033804583 -1.53541033540123 3.2035907243547
3A_b_ddg 1.09150428439104 -2.62152747376824 4.80453604255032
3D_b_ddg -0.165736063926686 -0.996282641409683 3.54729569423259
3F_b_ddg -0.0750287631643732 -3.78806052132365 3.63800299499491
3G_b_ddg 1.16911841659355 -2.54391334156573 4.88215017475283
3I_b_ddg 3.05879232922287 -0.65423942893641 6.77182408738215
3L_b_ddg 0.0467737105711035 -3.66625804758818 3.75980546873038
40F_b_ddg -0.181742156660505 -1.8672631521407 3.53128960149878
40R_b_ddg -0.600973926174705 -4.31400568433398 3.11205783198458
40S_b_ddg -0.0108746578466379 -3.72390641600592 3.70215710031264
40W_b_ddg -0.0186792649239693 -0.971365044977995 3.69435249323531
40Y_b_ddg 0.148282075735338 -0.877687225861305 3.86131383389462
41L_b_ddg 0.0919597121156445 -0.469880619711089 3.80499147027492
41N_b_ddg 0.0744206183917105 -0.829409480633904 3.78745237655099
41R_b_ddg 1.25838820344479 -2.45464355471449 4.97141996160407
41Y_b_ddg 0.0755901649515969 -3.63744159320768 3.78862192311088
42A_b_ddg 0.353524623757988 -3.35950713440129 4.06655638191727
42E_b_ddg 0.25081815859988 -0.726295461968352 3.96384991675916
42R_b_ddg 0.83565937889838 -2.8773723792609 4.54869113705766
42V_b_ddg -0.0544587156830645 -3.76749047384234 1.4844952367119
42W_b_ddg -0.127288496444513 -0.835695871356481 3.58574326171477
43H_b_ddg -0.253153014351379 -2.47608650114411 3.4598787438079
43K_b_ddg -0.512254871868818 -4.2252866300281 3.20077688629046
43L_b_ddg -0.457853761096503 -4.17088551925578 3.25517799706278
43R_b_ddg -0.391308602103567 -1.17299949855815 3.32172315605571
44A_b_ddg -0.0380860632148041 -1.08848320532565 3.67494569494448
44I_b_ddg 0.239491299928263 -3.47354045823102 3.95252305808754
44P_b_ddg -0.174797476743727 -3.88782923490301 3.53823428141555
44S_b_ddg 0.211405814222599 -0.814563487374044 3.92443757238188
45A_b_ddg -0.411774269423363 -4.12480602758264 3.30125748873592
45C_b_ddg 0.767855037486516 -1.69935685444827 4.4808867956458
45D_b_ddg -0.121918334538561 -0.830325709450529 3.59111342362072
45S_b_ddg -0.140830954244481 -0.751526967099626 3.5722008039148
45V_b_ddg -0.127670704785 -3.84070246294428 3.58536105337428
46I_b_ddg -0.205165165704997 -3.91819692386428 3.50786659245428
46K_b_ddg -0.0752035095629785 -3.78823526772226 3.6378282485963
46L_b_ddg -0.0172015136724412 -1.50729978503899 3.69583024448684
46T_b_ddg 0.141725309032399 -3.57130644912688 1.75396278296998
46V_b_ddg -0.0404610738893621 -0.846579810858153 3.67257068426992
47C_b_ddg 0.584881114551455 -3.12815064360783 4.29791287271073
47I_b_ddg 0.253433909470077 -0.601540508527126 3.96646566762936
47L_b_ddg 0.0970747168816861 -3.61595704127759 3.81010647504097
47S_b_ddg 0.0553219908400934 -1.14164219435599 3.76835374899937
47Y_b_ddg 0.0242277194861315 -3.68880403867315 3.73725947764541
48H_b_ddg -0.136996486130355 -3.85002824428964 3.57603527202893
48L_b_ddg -0.0623723579584758 -0.721924051842032 3.6506594002008
48S_b_ddg 1.1401185016658 -1.59579963592525 4.85315025982508
48T_b_ddg 1.03638185650932 -0.331577212286204 4.7494136146686
49C_b_ddg 1.2005750225307 -0.997930623747821 4.91360678068998
49H_b_ddg 0.927546721931838 -0.806829954576773 4.64057848009112
49L_b_ddg 0.611684570193624 -3.10134718796566 4.3247163283529
49S_b_ddg 0.259522134410363 -1.62142158518348 3.97255389256964
4E_b_ddg 1.97140302097388 -0.129391263247818 5.68443477913316
4H_b_ddg -0.357878308998439 -1.35941977008088 3.35515344916084
4K_b_ddg 0.138103931991157 -0.521447761892399 3.85113569015044
4L_b_ddg 0.168149602076923 -0.540257772835045 3.8811813602362
4P_b_ddg 3.60083007601931 -0.11220168213997 7.31386183417859
4R_b_ddg 0.240310761159798 -1.0299369455789 3.95334251931908
50D_b_ddg -0.246158673166551 -1.34541149630581 3.46687308499273
50I_b_ddg 0.703510772213189 -3.00952098594609 4.41654253037247
50K_b_ddg -0.279815640976693 -3.99284739913597 3.43321611718259
50S_b_ddg 2.00573323116263 0.6133463218529 5.71876498932191
50Y_b_ddg 3.22044500172951 0.240248458996403 6.93347675988879
51C_b_ddg 0.222233137784274 -3.49079862037501 3.93526489594355
51F_b_ddg 1.33927806585849 -0.932511101962649 5.05230982401777
51H_b_ddg 0.445616384832185 -3.2674153733271 4.15864814299147
51N_b_ddg -0.173723947265829 -0.930987003206209 3.53930781089345
52A_b_ddg -0.248178511904881 -3.96121027006416 1.87704361283102
52D_b_ddg -0.304400769190083 -1.18380302770149 3.4086309889692
52I_b_ddg -0.428613168839877 -1.3568711083797 3.2844185893194
53A_b_ddg 0.908148413823068 -2.80488334433621 3.64406655141412
53I_b_ddg -0.208582648921533 -1.08798490743294 3.50444910923775
53S_b_ddg -0.235287350337163 -3.94831910849644 3.47774440782212
54H_b_ddg -0.183880119907164 -0.892287494819132 3.52915163825212
54S_b_ddg 0.113710291921318 -0.863403328646914 3.8267420500806
54T_b_ddg 0.234570844221157 -0.253985966062959 3.94760260238044
55A_b_ddg 0.112582493391496 -3.60044926476778 3.82561425155078
55E_b_ddg -0.00735172570637537 -1.03332102730302 3.7056800324529
5D_b_ddg 0.127935383046555 -0.800322556493265 3.84096714120584
5G_b_ddg 0.319279160443802 -3.39375259771548 4.03231091860308
5P_b_ddg 0.776580351716593 0.21474001988986 4.48961210987587
5S_b_ddg 1.05331206053054 0.442616047675395 4.76634381868982
5T_b_ddg 0.350115689354674 -0.968987698412439 4.06314744751395
5V_b_ddg 0.120649168007673 -3.59238259015161 1.9283093660589
6F_b_ddg 0.74904303038583 0.260486220101714 4.46207478854511
6H_b_ddg 1.9242922819181 -1.78873947624118 5.63732404007738
6I_b_ddg 0.358871772785465 -0.129685037498651 4.07190353094474
6P_b_ddg -0.313358927067519 -2.7805708190023 3.39967283109176
6R_b_ddg 2.19781990937026 -1.51521184878902 5.91085166752954
7C_b_ddg -0.0498731937229875 -0.978131133262808 3.66315856443629
7I_b_ddg 1.36752908870631 -2.34550266945297 5.08056084686559
7L_b_ddg 1.39281990245496 -2.32021185570432 5.10585166061424
7S_b_ddg -0.149166747289009 -0.857574122200977 3.56386501087027
7V_b_ddg 0.100480323502511 -1.16976738323619 3.81351208166179
7Y_b_ddg 0.330408820009105 -0.182575830789217 4.04344057816839
8E_b_ddg 0.00579476935669314 -0.84917964864051 3.71882652751597
8G_b_ddg -0.0550173892263482 -0.909991807223551 3.65801436893293
8H_b_ddg 0.0872464015252483 -1.69598595601177 3.80027815968453
8N_b_ddg 0.0578958477695307 -1.06578481588394 3.77092760592881
8V_b_ddg 0.33890663552947 -0.222933696297263 4.05193839368875
8Y_b_ddg 0.115068285113419 -0.544483408770137 3.8281000432727
9C_b_ddg 0.212969641508669 -0.471009892889093 3.92600139966795
9I_b_ddg 1.0855383914667 -2.62749336669258 4.79857014962598
9L_b_ddg -0.384431351664769 -4.09746310982405 3.32860040649451
9S_b_ddg 0.181431710806794 -3.53160004735249 3.89446346896607
9V_b_ddg -0.389311044709762 -4.10234280286904 3.32372071344952
9Y_b_ddg -0.0191020815344803 -3.73213383969376 3.6939296766248
49G_b_ddg 0.892034165927366 -2.82099759223191 4.60506592408665
55M_b_ddg -0.0587179725143302 -3.77174973067361 2.50620528147728
56I_b_ddg 0.330654005893928 -0.744170976731127 4.04368576405321
56Y_b_ddg 0.226288902052347 -0.77525255903009 3.93932066021163
12P_b_ddg 0.942401559639906 -2.77063019851937 4.65543331779919
56H_b_ddg 0.40408614360739 -3.30894561455189 4.11711790176667
55L_b_ddg 3.14416331216873 -0.56886844599055 6.85719507032801
56K_b_ddg 2.16170814936347 0.793749080567946 5.87473990752275
56D_b_ddg 1.91807583551669 0.916534374434253 5.63110759367597
36G_b_ddg 1.74216311560595 0.520771089895661 5.45519487376523
53P_b_ddg 2.62151909600715 -1.09151266215213 6.33455085416643
39G_b_ddg -0.0750412690117441 -0.783448643923712 3.63799048914754
56S_b_ddg -0.270270581806263 -1.54051828854496 3.44276117635302
54L_b_ddg -0.264413169873369 -1.07053190684216 3.44861858828591
39P_b_ddg -0.199343397036243 -3.91237515519552 3.51368836112304
44N_b_ddg -0.00825940726934261 -1.91363096737739 3.70477235088994
56T_b_ddg 0.514737259918918 -3.19829449824036 4.2277690180782
28R_b_ddg 0.352776253463472 -3.36025550469581 4.06580801162275
52F_b_ddg 2.55925407552743 -1.15377768263185 6.27228583368671
51S_b_ddg 1.59582634022859 -2.11720541793069 5.30885809838787
38V_b_ddg 1.5806572984851 0.65239935894528 5.29368905664438
30T_b_ddg 1.68587046527975 0.29348355597002 5.39890222343903
52L_b_ddg 4.31725381601235 0.60422205785307 8.03028557417163
34H_b_ddg 2.23633693907654 1.08822843490887 5.94936869723582
43E_b_ddg 2.89431360956077 -0.81871814859851 6.60734536772005
41Q_b_ddg -0.0894870790211611 -3.80251883718044 3.62354467913812
33A_b_ddg 1.70880449908522 -2.00422725907406 5.4218362572445
53N_b_ddg 0.0372655182816263 -0.793281059201371 3.75029727644091
50T_b_ddg -0.0681446354423026 -0.703268488811653 3.64488712271698
43P_b_ddg -0.211139180470525 -3.92417093862981 3.50189257768876
41P_b_ddg 1.29449623566614 -2.41853552249314 5.00752799382542
48R_b_ddg 0.246661376054521 -3.46637038210476 3.9596931342138
10A_b_ddg -0.127683321277314 -3.84071507943659 3.58534843688197
50H_b_ddg 0.0385893493919087 -3.67444240876737 3.75162110755119
54A_b_ddg 0.159180426233808 -3.55385133192547 3.87221218439309
49P_b_ddg 0.539757339133299 -3.17327441902598 4.25278909729258
10Y_b_ddg 0.16609873180748 -3.5469330263518 3.87913048996676
26P_b_ddg 0.221075520010918 -3.49195623814836 3.9341072781702
b_dgwt -1.02991099611899 -4.74294275427827 -0.345931461721228
b_fwt 0.999833807593777 0.812333807593777 1.18733380759378
b_f0 0.066448733438087 -0.046051266561913 0.160198733438087
s_dgwt -1.03148582096714 -2.84521928300652 -0.539186738413594
s_fwt 1.003109580572 0.821859580572 1.190609580572
s_f0 -0.132952740112363 -0.157952740112363 -0.107952740112363
