par value lower upper
10A_s_ddg 0.394083173804094 0.394083173804094 0.394083173804094
10C_s_ddg 0.341299034449155 0.317355795804792 0.365242273093518
10E_s_ddg -0.0957421316478141 -0.0957421316478141 -0.0957421316478141
10F_s_ddg 0.35660099800784 0.332657759363477 0.380544236652203
10G_s_ddg 1.41250991809709 1.41250991809709 1.41250991809709
10H_s_ddg 0.0689850097434442 0.0210985324547181 0.11687148703217
10I_s_ddg 0.0850241510612045 0.0371376737724784 0.132910628349931
10K_s_ddg 0.269271034376441 0.269271034376441 0.269271034376441
10L_s_ddg 0.67247921115032 0.67247921115032 0.67247921115032
10M_s_ddg 0.472583439129361 0.448640200484998 0.496526677773724
10N_s_ddg 0.219301391192065 0.195358152547702 0.243244629836428
10P_s_ddg 1.58961169076382 1.56566845211946 1.61355492940818
10Q_s_ddg 0.158345631443189 0.134402392798826 0.182288870087552
10R_s_ddg 0.613010982154148 0.613010982154148 0.613010982154148
10S_s_ddg 0.401121870427127 0.377178631782764 0.42506510907149
10T_s_ddg 0.190511105456609 0.166567866812246 0.214454344100972
10V_s_ddg 0.0604586740782073 0.0604586740782073 0.0604586740782073
10W_s_ddg 0.695646910949689 0.695646910949689 0.695646910949689
10Y_s_ddg 0.152915741711556 0.128972503067193 0.176858980355919
11A_s_ddg 0.114736363959486 0.0907931253151229 0.138679602603849
11C_s_ddg 1.09991199172186 1.05202551443313 1.14779846901059
11D_s_ddg 1.87871337891571 1.83082690162698 1.92659985620444
11E_s_ddg 1.76950568509539 1.72161920780666 1.81739216238412
11F_s_ddg 2.54863375788759 2.38103108737705 2.76412290568686
11G_s_ddg -0.16032961328341 -0.16032961328341 -0.136386374639047
11H_s_ddg 1.50934417824342 1.48540093959906 1.53328741688778
11I_s_ddg 2.00430129234793 1.90852833777048 2.12401748556975
11K_s_ddg 0.890789615420358 0.866846376775995 0.938676092709084
11L_s_ddg 1.9140942020804 1.89015096343604 1.93803744072476
11M_s_ddg 1.7855941601899 1.71376444425681 1.85742387612299
11N_s_ddg 1.23450823495702 1.18662175766829 1.28239471224575
11Q_s_ddg 1.26260420484213 1.23866096619777 1.28654744348649
11R_s_ddg 1.123245635375 1.09930239673064 1.14718887401936
11S_s_ddg 0.578220938137039 0.554277699492676 0.578220938137039
11T_s_ddg 0.502982346015242 0.479039107370879 0.526925584659605
11V_s_ddg 1.4162917286782 1.39234849003384 1.44023496732256
11W_s_ddg 2.4884033039908 2.39263034941335 2.60811949721262
11Y_s_ddg 2.71619693723991 2.47676455079628 3.14717523283845
12A_s_ddg 0.31714188997764 0.293198651333277 0.341085128622003
12C_s_ddg 0.271656583378512 0.199826867445423 0.343486299311601
12D_s_ddg 0.418264047390753 0.346434331457664 0.490093763323842
12E_s_ddg 0.180964470978529 0.157021232334166 0.204907709622892
12F_s_ddg 1.25804933667434 1.18621962074125 1.32987905260743
12G_s_ddg 0.612568429329008 0.588625190684645 0.612568429329008
12H_s_ddg 0.414668465951882 0.414668465951882 0.438611704596245
12I_s_ddg 0.610004171003478 0.346628545915484 0.825493318802746
12K_s_ddg 0.422271898965775 0.398328660321412 0.446215137610138
12L_s_ddg 0.685192445510866 0.685192445510866 0.685192445510866
12M_s_ddg 0.388630683099037 0.340744205810311 0.436517160387763
12N_s_ddg 0.254942463995423 -0.0323763997369337 0.494374850439054
12P_s_ddg 1.62344357825821 1.57555710096948 1.67133005554694
12R_s_ddg 0.154582118105765 0.154582118105765 0.154582118105765
12S_s_ddg 0.284669030621472 0.236782553332746 0.332555507910198
12T_s_ddg -0.0166208086015186 -0.0884505245346078 0.0552089073315706
12V_s_ddg 0.327214046292751 0.303270807648388 0.351157284937114
12W_s_ddg 1.25744298253511 1.23349974389075 1.28138622117947
12Y_s_ddg 1.21169911711523 1.1638126398265 1.28352883304832
13A_s_ddg 0.451300437450809 0.427357198806446 0.475243676095172
13C_s_ddg 0.390041194961107 0.342154717672381 0.437927672249833
13D_s_ddg 0.147153512610443 0.12321027396608 0.171096751254806
13F_s_ddg 0.67409700848337 0.578324053905918 0.769869963060822
13G_s_ddg 0.140833083506187 0.116889844861824 0.16477632215055
13H_s_ddg -0.22705290040837 -0.346769093630185 -0.107336707186555
13I_s_ddg 0.747153281478048 0.651380326900596 0.8429262360555
13K_s_ddg -0.336234769015796 -0.360178007660159 -0.312291530371433
13L_s_ddg 0.643281874481564 0.619338635837201 0.667225113125927
13M_s_ddg 0.385977894058027 0.314148178124938 0.433864371346753
13N_s_ddg -0.246997431766652 -0.342770386344104 -0.1512244771892
13P_s_ddg 1.96478170091544 1.82112226904926 2.13238437142598
13Q_s_ddg 0.194838386414922 0.0990654318374697 0.290611340992374
13R_s_ddg -0.0658645652057213 -0.113751042494447 -0.0179780879169952
13S_s_ddg 0.140282221828291 0.0923957445395649 0.188168699117017
13T_s_ddg 0.279218551229243 0.231332073940517 0.327105028517969
13V_s_ddg 0.44080466669121 0.44080466669121 0.464747905335573
13W_s_ddg 0.8530315362378 0.829088297593437 0.876974774882163
13Y_s_ddg 0.211196494262083 0.0914803010402677 0.330912687483898
14A_s_ddg 0.271430825212001 0.223544347923275 0.319317302500727
14C_s_ddg 0.88259026070387 0.810760544770781 0.954419976636959
14E_s_ddg -0.016300257947821 -0.0402434965921841 0.00764298069654206
14G_s_ddg 0.859475742621469 0.835532503977106 0.883418981265832
14H_s_ddg 0.511136135419483 0.415363180842031 0.582965851352572
14I_s_ddg 0.772940549544012 0.557451401744745 0.964486458698917
14K_s_ddg 0.256513043933896 0.184683328000807 0.328342759866985
14L_s_ddg 0.945724813405586 0.89783833611686 0.993611290694312
14M_s_ddg 0.719584376264284 0.647754660331195 0.791414092197373
14N_s_ddg 0.594661230533226 0.5467747532445 0.642547707821952
14P_s_ddg 0.238276276681535 0.166446560748446 0.310105992614624
14Q_s_ddg 0.449125232875173 0.353352278297721 0.544898187452625
14R_s_ddg 0.535358305670856 0.48747182838213 0.583244782959582
14S_s_ddg 0.587981527506942 0.540095050218216 0.635868004795668
14T_s_ddg 0.526631271737145 0.478744794448419 0.574517749025871
14V_s_ddg 0.435497499557866 0.435497499557866 0.435497499557866
14W_s_ddg 1.50438455882986 1.40861160425241 1.60015751340731
14Y_s_ddg 0.869652409972591 0.845709171328228 0.893595648616954
15A_s_ddg 0.848126692896169 0.824183454251806 0.872069931540532
15C_s_ddg 0.336803175389892 0.193143743523714 0.456519368611707
15D_s_ddg 0.483218064253178 0.411388348320089 0.555047780186267
15E_s_ddg 0.771001260214306 0.747058021569943 0.794944498858669
15F_s_ddg 1.11903825046248 1.07115177317375 1.16692472775121
15H_s_ddg 0.243955583090155 0.0763529125796136 0.387615014956333
15I_s_ddg 1.20837224878266 1.13654253284957 1.30414520336011
15K_s_ddg 0.794132749291924 0.746246272003198 0.84201922658065
15L_s_ddg 1.6304483434462 1.60650510480184 1.65439158209056
15M_s_ddg 1.38103641880193 1.3331499415132 1.42892289609066
15N_s_ddg 0.394091833897264 0.322262117964175 0.465921549830353
15P_s_ddg 2.52822790493085 2.28879551848722 2.83949000730757
15Q_s_ddg 0.87204601126294 0.776273056685488 0.967818965840392
15R_s_ddg 0.787316488135494 0.763373249491131 0.811259726779857
15S_s_ddg 0.726906258836923 0.679019781548197 0.774792736125649
15T_s_ddg 0.488204369200763 0.440317891912037 0.536090846489489
15V_s_ddg 1.17335513183348 1.14941189318912 1.19729837047784
15W_s_ddg 0.435264542155802 0.411321303511439 0.459207780800165
15Y_s_ddg 0.623560850504914 0.503844657283099 0.719333805082366
16A_s_ddg 0.433212581571869 0.409269342927506 0.457155820216232
16C_s_ddg 0.201436541002772 0.153550063714046 0.249323018291498
16D_s_ddg 0.41330842218972 0.389365183545357 0.437251660834083
16F_s_ddg -0.349587011691544 -0.469303204913359 -0.229870818469729
16G_s_ddg 0.460946320852259 0.460946320852259 0.460946320852259
16H_s_ddg -0.435432288550566 -0.507262004483655 -0.38754581126184
16I_s_ddg 0.360984301819172 0.289154585886083 0.432814017752261
16K_s_ddg -0.527790966710142 -0.575677443998868 -0.479904489421416
16L_s_ddg -0.235091348824021 -0.259034587468384 -0.211148110179658
16M_s_ddg -0.921298787644331 -0.99312850357742 -0.849469071711242
16N_s_ddg 0.628371923480933 0.60442868483657 0.652315162125296
16P_s_ddg 2.58227601985895 2.4865030652815 2.70199221308077
16Q_s_ddg -0.632100888493887 -0.703930604426976 -0.560271172560798
16R_s_ddg 0.191283269121861 0.167340030477498 0.215226507766224
16S_s_ddg 0.805348869552689 0.781405630908326 0.829292108197052
16T_s_ddg 0.646562319292776 0.622619080648413 0.670505557937139
16V_s_ddg 0.36587067636624 0.36587067636624 0.36587067636624
16W_s_ddg -0.415758358466891 -0.463644835755617 -0.367871881178165
16Y_s_ddg -0.435351768297515 -0.62689767745242 -0.291692336431337
17A_s_ddg 2.63063637342667 2.43909046427177 2.91795523715903
17C_s_ddg 2.76231936160794 2.47500049787558 3.50455975958319
17D_s_ddg 3.98228184302488 3.07243877453908 7.62165411696806
17E_s_ddg 3.26376052006207 2.90461194039662 4.31726302041404
17F_s_ddg 0.87014069531594 0.798310979382851 0.941970411249029
17G_s_ddg 2.59225121068401 2.52042149475092 2.68802416526146
17H_s_ddg 3.10134009946464 2.71824828115483 3.91541021337298
17I_s_ddg 0.731080168129596 0.611363974907781 0.826853122707048
17K_s_ddg 2.8095819762041 2.64197930569356 3.07295760129209
17M_s_ddg 1.14288735070738 1.11894411206302 1.16683058935174
17N_s_ddg 2.38258844554387 2.26287225232205 2.52624787741005
17P_s_ddg 1.96718222289998 1.94323898425562 1.99112546154434
17Q_s_ddg 1.85288078184883 1.8049943045601 1.90076725913756
17R_s_ddg 2.56095161624774 2.48912190031465 2.63278133218083
17S_s_ddg 3.04271519963168 2.85116929047678 3.3539773020084
17T_s_ddg 3.4878286089154 2.96107735873941 7.12720088285858
17V_s_ddg 1.71720340540527 1.71720340540527 1.74114664404963
17W_s_ddg 2.14359997568776 2.07177025975467 2.21542969162085
17Y_s_ddg 3.80745541186475 2.87366910473459 7.44682768580794
18A_s_ddg -0.114292655408688 -0.138235894053051 -0.0903494167643249
18C_s_ddg 0.236078982344634 0.212135743700271 0.260022220988997
18D_s_ddg 1.31026090530888 1.28631766666452 1.33420414395324
18E_s_ddg 0.241167874469062 0.217224635824699 0.265111113113425
18F_s_ddg 0.110530600782615 0.0626441234938889 0.158417078071341
18H_s_ddg 0.201461692815992 0.129631976882903 0.273291408749081
18I_s_ddg 1.19756763868203 1.1496811613933 1.24545411597076
18K_s_ddg -0.0113021975439131 -0.0591886748326392 0.036584279744813
18L_s_ddg 0.767275914337689 0.767275914337689 0.767275914337689
18M_s_ddg 0.273376189967532 0.249432951323169 0.321262667256258
18N_s_ddg 0.710332511562007 0.662446034273281 0.758218988850733
18P_s_ddg 0.401300314781645 0.353413837492919 0.449186792070371
18Q_s_ddg 0.252626204822352 0.204739727533626 0.300512682111078
18R_s_ddg 0.171742738056633 0.171742738056633 0.171742738056633
18S_s_ddg -0.0309554235561257 -0.0309554235561257 -0.0309554235561257
18T_s_ddg 0.243287597549362 0.195401120260636 0.291174074838088
18V_s_ddg 0.761925578974311 0.761925578974311 0.761925578974311
18W_s_ddg 0.0561530807747309 0.0561530807747309 0.0561530807747309
18Y_s_ddg 0.257376163392758 0.233432924748395 0.281319402037121
19A_s_ddg 1.95905075699423 1.93510751834987 1.98299399563859
19C_s_ddg 2.27674676137819 2.2049170454451 2.34857647731128
19D_s_ddg 2.83015062119009 2.68649118932391 2.99775329170063
19E_s_ddg 2.56324754156994 2.49141782563685 2.63507725750303
19G_s_ddg 2.63166984335798 2.60772660471362 2.65561308200234
19H_s_ddg 2.62606819673938 2.53029524216193 2.7457843899612
19I_s_ddg 1.98997513354059 1.96603189489623 2.01391837218495
19K_s_ddg 2.51560492356602 2.44377520763293 2.58743463949911
19L_s_ddg 1.4576474477197 1.4576474477197 1.4576474477197
19M_s_ddg 1.85639456003539 1.83245132139103 1.88033779867975
19N_s_ddg 2.70703131336985 2.6112583587924 2.82674750659167
19P_s_ddg 3.1128526710724 2.87342028462877 3.47200125073785
19Q_s_ddg 2.9138891650029 2.77022973313672 3.08149183551344
19R_s_ddg 2.62085851773066 2.57297204044193 2.66874499501939
19S_s_ddg 2.16581207336294 2.14186883471858 2.1897553120073
19T_s_ddg 2.73242903138118 2.61271283815936 2.852145224603
19V_s_ddg 2.35919951057531 2.31131303328658 2.40708598786404
19W_s_ddg 2.62222684851012 2.57434037122139 2.67011332579885
19Y_s_ddg 2.03332686781437 2.00938362917001 2.05727010645873
1A_s_ddg 0.345170167100748 0.321226928456385 0.369113405745111
1C_s_ddg 0.116612649007518 0.0926694103631549 0.140555887651881
1D_s_ddg 0.143851772711316 0.0959652954225899 0.191738250000042
1E_s_ddg 0.141311826844583 0.11736858820022 0.165255065488946
1F_s_ddg -0.164765168892801 -0.188708407537164 -0.140821930248438
1G_s_ddg 0.310979749280154 0.310979749280154 0.310979749280154
1H_s_ddg 0.138491845356595 0.114548606712232 0.162435084000958
1I_s_ddg 0.132625443203074 0.132625443203074 0.132625443203074
1K_s_ddg 0.101578619482639 0.101578619482639 0.101578619482639
1L_s_ddg -0.00154022629964583 -0.0254834649440089 0.0224030123447172
1M_s_ddg 0.00815441024053203 0.00815441024053203 0.00815441024053203
1N_s_ddg 0.0676643424589833 0.0437211038146202 0.0916075811033464
1P_s_ddg 0.329669777285585 0.281783299996859 0.377556254574311
1Q_s_ddg 0.153284212844377 0.129340974200014 0.17722745148874
1R_s_ddg 0.403556623559156 0.403556623559156 0.403556623559156
1S_s_ddg 0.0842405711542237 0.0842405711542237 0.0842405711542237
1V_s_ddg 0.103632730289131 0.103632730289131 0.103632730289131
1W_s_ddg 0.518459743476212 0.518459743476212 0.518459743476212
1Y_s_ddg 0.159207250121897 0.135264011477534 0.18315048876626
20A_s_ddg 0.604668665017565 0.604668665017565 0.604668665017565
20C_s_ddg 0.894526906183209 0.894526906183209 0.894526906183209
20D_s_ddg 1.32217468732754 1.29823144868318 1.3461179259719
20E_s_ddg 0.592938860629761 0.592938860629761 0.592938860629761
20F_s_ddg 1.07647014844754 1.05252690980318 1.1004133870919
20G_s_ddg 1.05940925499964 1.05940925499964 1.05940925499964
20H_s_ddg 0.342565069128425 0.318621830484062 0.366508307772788
20I_s_ddg 1.15137451287744 1.12743127423308 1.1753177515218
20K_s_ddg -0.364774304999203 -0.388717543643566 -0.34083106635484
20L_s_ddg 0.953530799950881 0.953530799950881 0.953530799950881
20M_s_ddg 0.703721715897011 0.679778477252648 0.727664954541374
20N_s_ddg 0.641750198230461 0.617806959586098 0.665693436874824
20P_s_ddg 1.89129605426534 1.86735281562098 1.9152392929097
20Q_s_ddg 0.34279546389208 0.318852225247717 0.366738702536443
20S_s_ddg 0.434567654379314 0.434567654379314 0.434567654379314
20T_s_ddg 0.762341599903954 0.738398361259591 0.786284838548317
20V_s_ddg 0.811055683090984 0.811055683090984 0.811055683090984
20W_s_ddg 1.5201102377933 1.49616699914894 1.54405347643766
20Y_s_ddg 1.2219526988997 1.19800946025534 1.24589593754406
21A_s_ddg -0.202528503253661 -0.202528503253661 -0.202528503253661
21C_s_ddg 0.795267958808247 0.795267958808247 0.81921119745261
21D_s_ddg 1.77836224031738 1.73047576302865 1.82624871760611
21E_s_ddg 0.00981870380411759 0.00981870380411759 0.00981870380411759
21F_s_ddg 1.60707609930187 1.58313286065751 1.63101933794623
21G_s_ddg 1.25097140629097 1.25097140629097 1.25097140629097
21H_s_ddg 0.805303830032471 0.781360591388108 0.829247068676834
21I_s_ddg 0.989783294321551 0.965840055677188 1.01372653296591
21K_s_ddg -0.412744451715271 -0.412744451715271 -0.412744451715271
21L_s_ddg 1.30603550263055 1.30603550263055 1.30603550263055
21M_s_ddg 0.510439824158747 0.510439824158747 0.510439824158747
21N_s_ddg 1.31461534149813 1.29067210285377 1.33855858014249
21P_s_ddg 2.09915654628332 2.05127006899459 2.14704302357205
21Q_s_ddg 0.104199750885262 0.104199750885262 0.104199750885262
21S_s_ddg 0.442563154365691 0.442563154365691 0.442563154365691
21T_s_ddg 0.417263084280905 0.417263084280905 0.441206322925268
21V_s_ddg 0.260732393025691 0.260732393025691 0.260732393025691
21W_s_ddg 2.15257031578523 2.15257031578523 2.15257031578523
21Y_s_ddg 1.50426647783226 1.4803232391879 1.52820971647662
22A_s_ddg 2.0818694853123 2.05792624666794 2.10581272395666
22C_s_ddg 2.50411931410364 2.38440312088182 2.64777874596982
22D_s_ddg 1.40000122471066 1.35211474742193 1.42394446335502
22E_s_ddg 2.24847095863683 2.2005844813481 2.29635743592556
22F_s_ddg 1.67863710864042 1.63075063135169 1.72652358592915
22H_s_ddg 1.79740667703083 1.72557696109774 1.86923639296392
22I_s_ddg 3.35745586945453 2.85464785792291 5.44051763151412
22K_s_ddg 2.12199877924216 2.02622582466471 2.24171497246398
22L_s_ddg 2.051280951734 2.02733771308964 2.07522419037836
22M_s_ddg 2.35524001562666 2.23552382240484 2.47495620884848
22N_s_ddg 1.62628294816294 1.60233970951858 1.67416942545167
22P_s_ddg 2.22463830285517 2.15280858692208 2.29646801878826
22Q_s_ddg 2.19551266346905 2.07579647024723 2.33917209533523
22R_s_ddg 2.34128962994434 2.31734639129998 2.3652328685887
22S_s_ddg 2.16663459653383 2.14269135788947 2.21452107382256
22T_s_ddg 2.57536773035525 2.4795947757778 2.69508392357707
22V_s_ddg 2.37428610215262 2.32639962486389 2.42217257944135
22W_s_ddg 2.13348704938132 2.08560057209259 2.18137352667005
22Y_s_ddg 1.75718021910666 1.70929374181793 1.80506669639539
23A_s_ddg 1.8100450510344 1.78610181239004 1.83398828967876
23C_s_ddg 2.61796895272034 2.49825275949852 2.76162838458652
23E_s_ddg 0.605401049170289 0.605401049170289 0.605401049170289
23F_s_ddg 2.55366132753845 2.43394513431663 2.69732075940463
23G_s_ddg 2.51851030030095 2.47062382301222 2.56639677758968
23H_s_ddg 1.77279067848535 1.72490420119662 1.82067715577408
23I_s_ddg 3.24613403977889 2.88698546011344 3.94048796046542
23K_s_ddg 3.00174286248251 2.85808343061633 3.21723201028178
23L_s_ddg 2.68293917349295 2.61110945755986 2.7787121280704
23M_s_ddg 1.91447765732785 1.89053441868349 1.93842089597221
23N_s_ddg 1.95694616580753 1.9090596885188 2.00483264309626
23P_s_ddg 3.20647110771018 2.94309548262219 3.73322235788617
23Q_s_ddg 1.38847214897803 1.36452891033367 1.41241538762239
23R_s_ddg 2.81532614232575 2.74349642639266 2.9110990969032
23S_s_ddg 2.06842704753212 2.02054057024339 2.11631352482085
23T_s_ddg 1.82444452019336 1.800501281549 1.84838775883772
23V_s_ddg 2.58701869348228 2.53913221619355 2.65884840941537
23W_s_ddg 1.54191590077617 1.51797266213181 1.56585913942053
23Y_s_ddg 2.09723076666942 2.04934428938069 2.14511724395815
24A_s_ddg 1.32355285556959 1.27566637828086 1.37143933285832
24C_s_ddg 0.661509280379736 0.637566041735373 0.685452519024099
24D_s_ddg 1.72523264454929 1.55762997403875 1.94072179234856
24E_s_ddg 0.732921613076895 0.661091897143806 0.804751329009984
24G_s_ddg 2.10500751184697 2.05712103455824 2.1528939891357
24H_s_ddg 0.234345417421084 -0.0290302076669097 0.449834565220352
24I_s_ddg -0.465760192053148 -0.489703430697511 -0.441816953408785
24K_s_ddg -0.0312880545922852 -0.127061009169737 0.064484899985167
24L_s_ddg -0.128072834371301 -0.128072834371301 -0.128072834371301
24M_s_ddg -0.0964857612318914 -0.168315477164981 -0.0246560452988022
24N_s_ddg 1.15822089039279 1.0863911744597 1.23005060632588
24P_s_ddg 2.02944110290594 1.8618384323954 2.24493025070521
24Q_s_ddg 0.59955622506865 0.479840031846835 0.695329179646102
24R_s_ddg -0.187029596960815 -0.234916074249541 -0.139143119672089
24S_s_ddg 1.04661606607391 1.02267282742955 1.07055930471827
24T_s_ddg 0.318562488537623 0.198846295315808 0.414335443115075
24V_s_ddg -0.158451612916755 -0.182394851561118 -0.134508374272392
24W_s_ddg 0.15376465632521 0.0819349403921208 0.225594372258299
24Y_s_ddg 0.309835529139949 0.309835529139949 0.309835529139949
25A_s_ddg 2.64521930010634 2.52550310688452 2.76493549332816
25C_s_ddg 2.52566072802715 2.28622834158352 2.8848093076926
25D_s_ddg 2.64134681311091 2.42585766531164 2.9047224381989
25E_s_ddg 1.75138553016821 1.70349905287948 1.79927200745694
25F_s_ddg 1.71301547161145 1.66512899432272 1.76090194890018
25G_s_ddg 2.22511639508253 2.20117315643817 2.27300287237126
25H_s_ddg 3.62191648365809 2.80784636974975 7.26128875760128
25K_s_ddg 3.38653005165552 2.85977880147953 7.02590232559871
25L_s_ddg 1.65600870807417 1.63206546942981 1.67995194671853
25M_s_ddg 1.43492180640905 1.3391488518316 1.5306947609865
25N_s_ddg 1.70722580096501 1.65933932367628 1.75511227825374
25P_s_ddg 2.37482685338279 2.27905389880534 2.47059980796024
25Q_s_ddg 3.01686507069136 2.729546206959 3.51967308222298
25R_s_ddg 2.58850161804811 2.49272866347066 2.68427457262556
25S_s_ddg 2.46154184393575 2.3657688893583 2.5573147985132
25T_s_ddg 1.81271029472691 1.78876705608255 1.83665353337127
25V_s_ddg 1.09094459575877 1.06700135711441 1.11488783440313
25W_s_ddg 2.26552385319134 2.14580765996952 2.38524004641316
25Y_s_ddg 2.58688963384992 2.32351400876193 3.04181116809282
26A_s_ddg 0.31299696063752 0.265110483348794 0.360883437926246
26C_s_ddg 0.272528370431262 0.200698654498173 0.344358086364351
26D_s_ddg 0.680575550053948 0.608745834120859 0.752405265987037
26E_s_ddg -0.578402148967956 -0.698118342189771 -0.458685955746141
26F_s_ddg -0.158152143187038 -0.25392509776449 -0.0623791886095857
26G_s_ddg 1.14677477313745 1.12283153449309 1.17071801178181
26I_s_ddg 0.534906962613922 0.343361053459018 0.702509633124463
26K_s_ddg -0.14138422621877 -0.261100419440585 -0.0216680329969547
26L_s_ddg -0.326149313673653 -0.350092552318016 -0.30220607502929
26M_s_ddg -0.000218579552342842 -0.0959915341297951 0.0716111363807463
26N_s_ddg 0.5391682417648 0.515225003120437 0.563111480409163
26P_s_ddg 3.14364967527797 2.66478490239071 6.78302194922115
26Q_s_ddg -0.150773388110039 -0.174716626754402 -0.126830149465676
26R_s_ddg -0.00922032480599575 -0.0331635634503588 0.0147229138383673
26S_s_ddg 0.473426164976671 0.425539687687945 0.521312642265397
26T_s_ddg 0.347265930613973 0.251492976036521 0.443038885191425
26V_s_ddg 0.0840622488892149 0.0361757716004888 0.131948726177941
26W_s_ddg 0.281720568278189 0.2098908523451 0.353550284211278
26Y_s_ddg 0.240632781012267 0.192746303723541 0.288519258300993
27A_s_ddg 1.93593881871381 1.91199558006945 1.95988205735817
27C_s_ddg 1.9534130936294 1.88158337769631 2.02524280956249
27D_s_ddg 1.79055384199994 1.76661060335558 1.8144970806443
27E_s_ddg 2.74363904044344 2.59997960857726 2.93518494959834
27F_s_ddg 1.43795715557242 1.39007067828369 1.48584363286115
27G_s_ddg 2.55279066503525 2.50490418774652 2.60067714232398
27H_s_ddg 3.02936973384932 2.62233467689515 4.25047490471184
27I_s_ddg 0.496223156700117 0.472279918055754 0.52016639534448
27K_s_ddg 2.67949289970372 2.51189022919318 2.89498204750299
27L_s_ddg 0.435245936420547 0.411302697776184 0.45918917506491
27M_s_ddg 1.6665443305854 1.59471461465231 1.73837404651849
27N_s_ddg 2.88360793172475 2.62023230663676 3.38641594325637
27P_s_ddg 2.7739599170282 2.43875457600712 3.683802985514
27Q_s_ddg 2.55520069279227 2.26788182905991 2.91434927245772
27R_s_ddg 2.53749111426186 2.41777492104004 2.68115054612804
27S_s_ddg 2.77682120919401 2.65710501597219 2.92048064106019
27T_s_ddg 2.84153882233345 2.60210643588982 3.27251711793199
27W_s_ddg 1.75027842839095 1.70239195110222 1.79816490567968
27Y_s_ddg 2.48959498748117 2.2741058396819 2.80085708985789
28A_s_ddg 1.29657935349666 1.29657935349666 1.29657935349666
28C_s_ddg 0.978747679607716 0.954804440963353 0.978747679607716
28D_s_ddg 1.30403071870262 1.28008748005826 1.32797395734698
28E_s_ddg 0.298451104230783 0.298451104230783 0.298451104230783
28F_s_ddg 0.627747363603563 0.6038041249592 0.651690602247926
28G_s_ddg 2.10122577918914 2.10122577918914 2.10122577918914
28H_s_ddg 0.818735258714824 0.770848781426098 0.86662173600355
28I_s_ddg -0.016886022010814 -0.0408292606551771 0.00705721663354906
28K_s_ddg 0.628806653547738 0.628806653547738 0.628806653547738
28L_s_ddg -0.454934294041612 -0.454934294041612 -0.454934294041612
28N_s_ddg 1.34938174071495 1.32543850207059 1.37332497935931
28P_s_ddg 2.75976478482875 2.64004859160693 2.87948097805057
28Q_s_ddg 0.504078193310397 0.504078193310397 0.504078193310397
28R_s_ddg 1.05752107169048 1.05752107169048 1.05752107169048
28S_s_ddg 0.685848287745927 0.685848287745927 0.685848287745927
28T_s_ddg 0.134374449728846 0.134374449728846 0.134374449728846
28V_s_ddg 0.0666693113718772 0.0666693113718772 0.0666693113718772
28W_s_ddg 0.754846518289368 0.754846518289368 0.754846518289368
28Y_s_ddg 1.42774545346469 1.40380221482033 1.45168869210905
29A_s_ddg 1.5987544739474 1.55086799665867 1.64664095123613
29C_s_ddg 1.42613103736467 1.37824456007594 1.49796075329776
29E_s_ddg 0.489945658690307 0.489945658690307 0.489945658690307
29F_s_ddg 3.68714378940936 2.82518719821229 5.36317049451477
29G_s_ddg 1.89005447384717 1.86611123520281 1.91399771249153
29H_s_ddg 1.94486391513837 1.84909096056092 2.04063686971582
29I_s_ddg 2.82529303631798 2.34642826343072 4.8844115597332
29K_s_ddg 2.21145740601951 2.11568445144206 2.30723036059696
29L_s_ddg 2.82940765115147 2.68574821928529 2.99701032166201
29M_s_ddg 2.46019357577659 2.36442062119914 2.57990976899841
29N_s_ddg 1.23034446368898 1.20640122504462 1.25428770233334
29P_s_ddg 3.07801945721697 2.55126820704098 6.71739173116016
29Q_s_ddg 1.32387943284182 1.27599295555309 1.37176591013055
29R_s_ddg 2.55350014407822 2.48167042814513 2.64927309865567
29S_s_ddg 1.64624424636243 1.5983577690737 1.69413072365116
29T_s_ddg 2.493130561994 2.27764141419473 2.78044942572636
29V_s_ddg 2.24431726539251 2.22037402674815 2.26826050403687
29W_s_ddg 2.55084752540275 2.47901780946966 2.62267724133584
29Y_s_ddg 1.62561757851597 1.57773110122724 1.6735040558047
2A_s_ddg 0.943833928336734 0.943833928336734 0.943833928336734
2C_s_ddg 0.343243746023493 0.343243746023493 0.343243746023493
2D_s_ddg 0.821702168465712 0.821702168465712 0.821702168465712
2E_s_ddg 0.468991402822783 0.468991402822783 0.468991402822783
2F_s_ddg 0.120507124640571 0.120507124640571 0.120507124640571
2G_s_ddg 1.4319714527634 1.4319714527634 1.4319714527634
2H_s_ddg 0.531326680882173 0.531326680882173 0.531326680882173
2I_s_ddg -0.262554624402533 -0.286497863046896 -0.23861138575817
2K_s_ddg 0.108849972262251 0.108849972262251 0.108849972262251
2L_s_ddg -0.22057301985062 -0.22057301985062 -0.22057301985062
2M_s_ddg -0.0556829448179325 -0.0796261834622956 -0.0317397061735694
2N_s_ddg 0.757326246931494 0.757326246931494 0.757326246931494
2P_s_ddg 1.20301511827925 1.20301511827925 1.20301511827925
2Q_s_ddg 0.289471525595156 0.265528286950793 0.313414764239519
2R_s_ddg 0.183885142836865 0.183885142836865 0.183885142836865
2S_s_ddg 0.714630369505507 0.714630369505507 0.714630369505507
2T_s_ddg -0.0886543059946642 -0.0886543059946642 -0.0886543059946642
2V_s_ddg -0.17937023747869 -0.17937023747869 -0.17937023747869
2W_s_ddg -0.0783110875895641 -0.0783110875895641 -0.0783110875895641
30A_s_ddg 0.472646637892307 0.448703399247944 0.49658987653667
30C_s_ddg 0.271020462839381 0.199190746906292 0.34285017877247
30D_s_ddg 0.0102036442195175 -0.0376828330692086 0.0580901215082436
30E_s_ddg 0.924318552907043 0.876432075618317 0.972205030195769
30F_s_ddg 0.928333709007416 0.88044723171869 0.976220186296142
30G_s_ddg 0.7250273713944 0.701084132750037 0.748970610038763
30H_s_ddg 0.603885114625309 0.579941875980946 0.627828353269672
30I_s_ddg 0.916096335174521 0.916096335174521 0.916096335174521
30K_s_ddg 0.200006817498518 0.176063578854155 0.223950056142881
30L_s_ddg 1.60341158355049 1.55552510626176 1.65129806083922
30M_s_ddg 0.133141154508778 0.0613114385756888 0.204970870441867
30P_s_ddg 1.23037150399945 1.20642826535509 1.25431474264381
30Q_s_ddg 0.182664353888764 0.110834637955675 0.254494069821853
30R_s_ddg 0.0832763728131316 0.0593331341687685 0.107219611457495
30S_s_ddg 0.156365059229195 0.132421820584832 0.180308297873558
30T_s_ddg 0.129178718254109 0.105235479609746 0.153121956898472
30V_s_ddg 0.73436043179116 0.710417193146797 0.758303670435523
30W_s_ddg 0.796682224690097 0.748795747401371 0.844568701978823
30Y_s_ddg 0.931311387000349 0.883424909711623 0.979197864289075
31A_s_ddg 0.715335137859633 0.69139189921527 0.739278376503996
31C_s_ddg 1.23135296198139 1.20740972333703 1.25529620062575
31D_s_ddg 0.436738908065342 0.364909192132253 0.508568623998431
31E_s_ddg 0.983490563388556 0.959547324744193 1.00743380203292
31F_s_ddg 2.26705552614861 2.07550961699371 2.5304311512366
31G_s_ddg 0.982880539803804 0.958937301159441 1.00682377844817
31H_s_ddg 0.709920944329498 0.614147989752046 0.80569389890695
31I_s_ddg 1.95530554929001 1.83558935606819 2.09896498115619
31K_s_ddg 0.517681347343467 0.445851631410378 0.589511063276556
31L_s_ddg 1.75462498406844 1.73068174542408 1.7785682227128
31M_s_ddg 2.02101289851331 1.82946698935841 2.26044528495694
31N_s_ddg 0.778631762772913 0.706802046839824 0.850461478706002
31P_s_ddg 2.3005049366256 2.25261845933687 2.34839141391433
31Q_s_ddg 0.67280886780879 0.600979151875701 0.720695345097516
31R_s_ddg 0.734543999013566 0.710600760369203 0.758487237657929
31T_s_ddg 0.210898535759171 0.186955297114808 0.234841774403534
31V_s_ddg 1.53152182022597 1.50757858158161 1.55546505887033
31W_s_ddg 2.13913007205191 2.06730035611882 2.23490302662936
31Y_s_ddg 2.0061998668946 1.86254043502842 2.17380253740514
32A_s_ddg 1.07930057556863 1.07930057556863 1.10324381421299
32C_s_ddg 1.2078951537501 1.18395191510574 1.23183839239446
32E_s_ddg 1.18600813630753 1.16206489766317 1.20995137495189
32F_s_ddg 2.65356067873824 2.46201476958334 2.9408795424706
32G_s_ddg 0.736562093121763 0.736562093121763 0.736562093121763
32H_s_ddg 0.371655213406369 0.275882258828917 0.443484929339458
32I_s_ddg 2.97994414435863 2.64473880333755 3.79401425826697
32K_s_ddg 1.07286510305127 1.04892186440691 1.09680834169563
32L_s_ddg 1.54833025445639 1.52438701581203 1.57227349310075
32M_s_ddg 1.4941997077428 1.44631323045407 1.54208618503153
32N_s_ddg 0.341608825588439 0.317665586944076 0.341608825588439
32P_s_ddg 2.24593903365028 2.19805255636155 2.31776874958337
32Q_s_ddg 0.880436205271318 0.832549727982592 0.928322682560044
32R_s_ddg 1.18683917848694 1.16289593984258 1.18683917848694
32S_s_ddg 0.935218497298847 0.911275258654484 0.95916173594321
32T_s_ddg 1.37834633658885 1.33045985930012 1.42623281387758
32V_s_ddg 2.37469153909896 2.32680506181023 2.42257801638769
32W_s_ddg 2.04619252189628 1.99830604460755 2.11802223782937
32Y_s_ddg 1.50963085767572 1.48568761903136 1.53357409632008
33A_s_ddg 0.287752495999309 0.263809257354946 0.311695734643672
33C_s_ddg 0.740001631568153 0.71605839292379 0.763944870212516
33D_s_ddg 0.415534606910889 0.367648129622163 0.463421084199615
33E_s_ddg 0.143633393410051 0.119690154765688 0.167576632054414
33F_s_ddg 1.60257689425243 1.57863365560807 1.62652013289679
33G_s_ddg 0.782487322010226 0.758544083365863 0.806430560654589
33H_s_ddg 0.689005950101208 0.665062711456845 0.712949188745571
33I_s_ddg 0.91671455205689 0.892771313412527 0.940657790701253
33K_s_ddg 0.514711689449061 0.466825212160335 0.562598166737787
33L_s_ddg 0.807497368773569 0.807497368773569 0.807497368773569
33M_s_ddg 0.81203490471216 0.788091666067797 0.835978143356523
33N_s_ddg 0.55885555496477 0.534912316320407 0.582798793609133
33Q_s_ddg 0.53023578490923 0.506292546264867 0.554179023553593
33R_s_ddg 0.395455461180778 0.371512222536415 0.419398699825141
33S_s_ddg 0.567076797837791 0.567076797837791 0.567076797837791
33T_s_ddg 0.665165750996675 0.641222512352312 0.665165750996675
33V_s_ddg 0.779409909224561 0.755466670580198 0.803353147868924
33W_s_ddg 1.70003967636988 1.65215319908115 1.74792615365861
33Y_s_ddg 1.43878404784661 1.39089757055788 1.48667052513534
34A_s_ddg 0.679501739239146 0.655558500594783 0.703444977883509
34C_s_ddg 0.65665565552408 0.584825939590991 0.728485371457169
34D_s_ddg 0.183370020469166 0.159426781824803 0.207313259113529
34E_s_ddg 0.259095411221348 0.187265695288259 0.330925127154437
34F_s_ddg -0.115566027332718 -0.21133898191017 -0.0197930727552657
34G_s_ddg 0.900732130112797 0.876788891468434 0.92467536875716
34H_s_ddg -0.335164650820241 -0.478824082686419 -0.191505218954063
34I_s_ddg 0.139238146960101 0.115294908315738 0.163181385604464
34K_s_ddg -0.0726277940984313 -0.0965710327427944 -0.0486845554540682
34L_s_ddg 0.311223666308006 0.26333718901928 0.359110143596732
34M_s_ddg 0.319950276816326 0.248120560883237 0.391779992749415
34P_s_ddg 3.30131811705888 2.89428306010471 4.2590476628334
34Q_s_ddg 0.504021716574158 0.432192000641069 0.575851432507247
34R_s_ddg 0.30066923266235 0.276725994017987 0.324612471306713
34S_s_ddg 0.485490688190622 0.461547449546259 0.509433926834985
34T_s_ddg 0.140746701469722 0.0689169855366328 0.212576417402811
34V_s_ddg -0.232248655948477 -0.304078371881566 -0.160418940015388
34W_s_ddg 0.568672866992007 0.496843151058918 0.616559344280733
34Y_s_ddg -0.00542452944768439 -0.0293677680920475 0.0185187091966787
35A_s_ddg 1.48193219167321 1.45798895302885 1.48193219167321
35C_s_ddg 0.93683931701177 0.912896078367407 0.960782555656133
35D_s_ddg 1.98423205098816 1.93634557369943 2.03211852827689
35E_s_ddg 1.17846767018703 1.15452443154267 1.20241090883139
35F_s_ddg 0.753355302712774 0.729412064068411 0.777298541357137
35G_s_ddg 2.34398622922498 2.32004299058062 2.36792946786934
35H_s_ddg 0.807201103169781 0.759314625881055 0.855087580458507
35I_s_ddg 0.533083427107618 0.509140188463255 0.557026665751981
35K_s_ddg 0.451165259732628 0.427222021088265 0.475108498376991
35L_s_ddg 0.714205529090624 0.714205529090624 0.714205529090624
35M_s_ddg 0.206001271969868 0.182058033325505 0.229944510614231
35N_s_ddg 0.933839034798512 0.909895796154149 0.957782273442875
35P_s_ddg 2.71386124284544 2.61808828826799 2.83357743606726
35Q_s_ddg 0.76436928732525 0.740426048680887 0.788312525969613
35R_s_ddg 0.254021076179875 0.254021076179875 0.254021076179875
35S_s_ddg 1.15154489753791 1.15154489753791 1.15154489753791
35T_s_ddg 0.512231326712955 0.488288088068592 0.536174565357318
35V_s_ddg 0.324784979676502 0.324784979676502 0.324784979676502
35Y_s_ddg 0.534369792149606 0.48648331486088 0.582256269438332
36A_s_ddg 2.0203326810396 1.97244620375087 2.06821915832833
36C_s_ddg 1.30620726002655 1.28226402138219 1.33015049867091
36D_s_ddg 2.90465841031215 2.68916926251288 3.2638069899776
36E_s_ddg 2.56386662279922 2.46809366822177 2.65963957737667
36F_s_ddg 1.38749362665154 1.36355038800718 1.4114368652959
36G_s_ddg 2.0292209660983 2.00527772745394 2.05316420474266
36H_s_ddg 2.63716237844095 2.42167323064168 2.94842448081767
36I_s_ddg 0.432800422304982 0.384913945016256 0.480686899593708
36K_s_ddg 2.64319758653868 2.4995381546725 2.81080025704922
36L_s_ddg 0.578265611375912 0.578265611375912 0.578265611375912
36M_s_ddg 0.622228445453313 0.59828520680895 0.646171684097676
36N_s_ddg 2.52819143028251 2.38453199841633 2.69579410079305
36P_s_ddg 1.77568166289434 1.72779518560561 1.82356814018307
36Q_s_ddg 2.47057899207232 2.32691956020614 2.63818166258286
36R_s_ddg 2.14620023133334 2.12225699268898 2.1701434699777
36S_s_ddg 2.09662774395856 2.0726845053142 2.12057098260292
36T_s_ddg 2.30340743573006 2.23157771979697 2.37523715166315
36V_s_ddg 0.828205840757352 0.828205840757352 0.828205840757352
36Y_s_ddg 0.976672992008881 0.928786514720155 1.02455946929761
37A_s_ddg 1.23482169534405 1.21087845669969 1.25876493398841
37C_s_ddg 0.80035693550411 0.776413696859747 0.824300174148473
37D_s_ddg 2.33245611639668 2.26062640046359 2.40428583232977
37E_s_ddg 0.525790694642603 0.525790694642603 0.525790694642603
37F_s_ddg 0.704867542595723 0.68092430395136 0.752754019884449
37G_s_ddg 1.7297928934724 1.7297928934724 1.7297928934724
37H_s_ddg 0.385292749697222 0.313463033764133 0.457122465630311
37I_s_ddg 0.489089915227736 0.465146676583373 0.513033153872099
37L_s_ddg 0.426569586459233 0.426569586459233 0.426569586459233
37M_s_ddg 0.399791230970509 0.375847992326146 0.423734469614872
37N_s_ddg 1.25539852357798 1.23145528493362 1.27934176222234
37P_s_ddg 2.83667645602769 2.66907378551715 3.05216560382696
37Q_s_ddg 0.549611324344809 0.525668085700446 0.573554562989172
37R_s_ddg 0.524136602045131 0.524136602045131 0.524136602045131
37S_s_ddg 0.955416365282297 0.955416365282297 0.955416365282297
37T_s_ddg 0.722154579756504 0.698211341112141 0.746097818400867
37V_s_ddg 0.331579141596142 0.331579141596142 0.331579141596142
37W_s_ddg 0.614120833131182 0.614120833131182 0.638064071775545
37Y_s_ddg 0.461950465591463 0.414063988302737 0.509836942880189
38A_s_ddg 2.59386840699486 2.49809545241741 2.68964136157231
38C_s_ddg 2.91916491194961 2.67973252550598 3.20648377568197
38D_s_ddg 2.78034465763151 2.56485550983224 3.09160676000823
38E_s_ddg 2.56462425591656 2.49279453998347 2.66039721049401
38F_s_ddg 2.97732694433964 2.71395131925165 3.40830523993818
38H_s_ddg 2.84337218384173 2.46028036553192 3.63349905910571
38I_s_ddg 3.53265543682486 2.81435827749397 7.17202771076805
38K_s_ddg 2.88722020451815 2.69567429536325 3.12665259096178
38L_s_ddg 2.60734695557613 2.53551723964304 2.70311991015358
38M_s_ddg 3.00153336036853 2.73815773528054 3.43251165596706
38N_s_ddg 2.59068454562069 2.42308187511015 2.85406017070868
38P_s_ddg 2.98621200741987 2.72283638233188 3.56084973488458
38Q_s_ddg 2.89875839289239 2.73115572238185 3.13819077933602
38R_s_ddg 2.60919039319999 2.56130391591126 2.65707687048872
38S_s_ddg 3.29579711671513 3.00847825298277 3.82254836689112
38T_s_ddg 3.16119835180609 2.84993624942937 3.80766579520389
38V_s_ddg 2.52206207815852 2.47417560086979 2.56994855544725
38W_s_ddg 2.54451053046828 2.49662405317955 2.61634024640137
38Y_s_ddg 2.92119669771039 2.53810487940058 3.950755959418
39C_s_ddg 0.195022952506697 0.147136475217971 0.242909429795423
39D_s_ddg 0.739230566575203 0.71528732793084 0.763173805219566
39E_s_ddg -0.460030231362834 -0.483973470007197 -0.436086992718471
39F_s_ddg 0.767495825004798 0.695666109071709 0.839325540937887
39G_s_ddg 0.740403819132969 0.740403819132969 0.740403819132969
39H_s_ddg 0.200292510448539 0.0805763172267237 0.320008703670354
39I_s_ddg 0.732260451708916 0.612544258487101 0.828033406286368
39K_s_ddg 0.147601296162589 0.123658057518226 0.171544534806952
39L_s_ddg 0.621453291593711 0.597510052949348 0.645396530238074
39M_s_ddg 0.252208321468998 0.204321844180272 0.300094798757724
39N_s_ddg 0.513452701694888 0.441622985761799 0.585282417627977
39P_s_ddg 2.25828359774299 2.13856740452117 2.40194302960917
39Q_s_ddg 0.1019184206896 0.0540319434008739 0.149804897978326
39R_s_ddg 0.103736915477453 0.0797936768330899 0.127680154121816
39S_s_ddg 0.0378854212340853 0.0139421825897222 0.0618286598784484
39T_s_ddg 0.0860912562333692 0.0621480175890061 0.110034494877732
39V_s_ddg 0.321652844791794 0.321652844791794 0.321652844791794
39W_s_ddg 0.836927777534856 0.812984538890493 0.860871016179219
39Y_s_ddg 0.380379142437686 0.308549426504597 0.452208858370775
3A_s_ddg 0.415419376991516 0.415419376991516 0.415419376991516
3C_s_ddg 0.469395184176076 0.469395184176076 0.469395184176076
3D_s_ddg 2.1092713980352 2.08532815939084 2.13321463667956
3E_s_ddg 2.32738390842095 2.30344066977659 2.35132714706531
3F_s_ddg 0.65741110401977 0.65741110401977 0.65741110401977
3G_s_ddg 2.19748042702932 2.19748042702932 2.19748042702932
3H_s_ddg 0.966231423909419 0.966231423909419 0.966231423909419
3I_s_ddg 1.70506427422036 1.681121035576 1.72900751286472
3K_s_ddg 2.23799220470768 2.21404896606332 2.26193544335204
3L_s_ddg 1.90551438550397 1.90551438550397 1.90551438550397
3M_s_ddg 0.810811044242867 0.810811044242867 0.810811044242867
3N_s_ddg 2.29799213202244 2.25010565473371 2.34587860931117
3P_s_ddg 2.68885859829322 2.64097212100449 2.73674507558195
3Q_s_ddg 2.00926054875418 1.98531731010982 2.03320378739854
3R_s_ddg 2.40510182358515 2.38115858494079 2.42904506222951
3S_s_ddg 1.81604364917863 1.81604364917863 1.81604364917863
3T_s_ddg 1.86204335743481 1.86204335743481 1.88598659607917
3W_s_ddg 0.621989071508293 0.621989071508293 0.621989071508293
3Y_s_ddg 0.0747894677376268 0.0508462290932637 0.0987327063819899
40A_s_ddg 0.475801451533845 0.451858212889482 0.499744690178208
40D_s_ddg 2.40529182121766 2.30951886664021 2.52500801443948
40E_s_ddg 2.38613484543554 2.31430512950245 2.45796456136863
40F_s_ddg 1.45672834690511 1.43278510826075 1.48067158554947
40G_s_ddg 2.16312949137997 2.13918625273561 2.18707273002433
40H_s_ddg 1.01942250387774 0.971536026589014 1.06730898116647
40I_s_ddg 0.649481079922292 0.601594602633566 0.697367557211018
40K_s_ddg 1.08891859238003 1.06497535373567 1.11286183102439
40L_s_ddg 0.45297434989506 0.45297434989506 0.45297434989506
40M_s_ddg 1.15048706795222 1.12654382930786 1.17443030659658
40N_s_ddg 1.68535812142938 1.63747164414065 1.73324459871811
40P_s_ddg 2.80179025636082 2.61024434720592 3.06516588144881
40Q_s_ddg 2.1076663075966 2.03583659166351 2.20343926217405
40R_s_ddg 1.04004370521208 1.04004370521208 1.04004370521208
40S_s_ddg 0.995592763708818 0.971649525064455 0.995592763708818
40T_s_ddg 1.15338422945734 1.12944099081298 1.1773274681017
40V_s_ddg 0.342345372436142 0.342345372436142 0.342345372436142
40W_s_ddg 2.22456062242666 2.2006173837823 2.24850386107102
40Y_s_ddg 1.79068236118623 1.76673912254187 1.81462559983059
41A_s_ddg 0.853233727141385 0.829290488497022 0.877176965785748
41C_s_ddg 1.40304254061634 1.35515606332761 1.4269857792607
41D_s_ddg 0.753021967174193 0.705135489885467 0.800908444462919
41E_s_ddg 1.14764019252213 1.12369695387777 1.17158343116649
41F_s_ddg 1.61672910367948 1.54489938774639 1.68855881961257
41G_s_ddg 0.639479441733602 0.639479441733602 0.639479441733602
41I_s_ddg 2.73430366811657 2.37515508845112 3.23711167964819
41K_s_ddg 0.152782031812354 0.128838793167991 0.176725270456717
41L_s_ddg 1.55633033111548 1.53238709247112 1.55633033111548
41M_s_ddg 1.19020760723473 1.16626436859037 1.21415084587909
41N_s_ddg -0.210478279462428 -0.234421518106791 -0.186535040818065
41P_s_ddg 2.29315965672179 2.17344346349997 2.41287584994361
41Q_s_ddg 0.603033011255618 0.579089772611255 0.626976249899981
41R_s_ddg 0.260615949826007 0.260615949826007 0.260615949826007
41S_s_ddg 0.976332966969866 0.952389728325503 1.00027620561423
41T_s_ddg 2.33244685827702 2.23667390369957 2.42821981285447
41V_s_ddg 2.49390188800265 2.3981289334252 2.5896748425801
41W_s_ddg 1.57878825708065 1.55484501843629 1.60273149572501
41Y_s_ddg 1.21338840568989 1.18944516704553 1.23733164433425
42A_s_ddg 1.78889216926049 1.76494893061613 1.81283540790485
42C_s_ddg 2.10159562809514 2.02976591216205 2.17342534402823
42D_s_ddg 0.879335659857625 0.855392421213262 0.903278898501988
42E_s_ddg 1.04023729972367 1.04023729972367 1.04023729972367
42F_s_ddg 2.14471799479397 2.07288827886088 2.24049094937142
42H_s_ddg 1.48985852677415 1.44197204948542 1.53774500406288
42I_s_ddg 2.71093243624421 2.39967033386749 3.45317283421946
42K_s_ddg 1.11936112396328 1.11936112396328 1.11936112396328
42L_s_ddg 2.17262918339073 2.14868594474637 2.19657242203509
42M_s_ddg 1.56778160828625 1.54383836964189 1.59172484693061
42N_s_ddg 0.748191960605558 0.700305483316832 0.796078437894284
42P_s_ddg 2.7743328856235 2.5827869764686 3.01376527206713
42Q_s_ddg 1.12345919334487 1.09951595470051 1.14740243198923
42R_s_ddg 1.52254581284611 1.52254581284611 1.52254581284611
42S_s_ddg 1.32296742693442 1.32296742693442 1.34691066557878
42T_s_ddg 2.32200860500543 2.22623565042798 2.41778155958288
42V_s_ddg 2.20954541669859 2.18560217805423 2.23348865534295
42W_s_ddg 1.91134559356166 1.8874023549173 1.93528883220602
42Y_s_ddg 2.10746097531537 1.98774478209355 2.22717716853719
43A_s_ddg 0.207733733144275 0.207733733144275 0.207733733144275
43C_s_ddg 0.19037538310344 0.19037538310344 0.19037538310344
43D_s_ddg 0.651863222443922 0.627919983799559 0.651863222443922
43E_s_ddg 0.28754321283952 0.28754321283952 0.28754321283952
43F_s_ddg 0.629063816058709 0.629063816058709 0.629063816058709
43G_s_ddg 1.15779919293022 1.15779919293022 1.15779919293022
43H_s_ddg 0.319140118268571 0.319140118268571 0.319140118268571
43I_s_ddg 0.788354510363356 0.788354510363356 0.788354510363356
43K_s_ddg -0.356086062638443 -0.380029301282806 -0.33214282399408
43L_s_ddg 0.474375657014183 0.474375657014183 0.474375657014183
43M_s_ddg 0.383237716905007 0.383237716905007 0.383237716905007
43N_s_ddg 0.0141383166071823 -0.00980492203718076 0.0380815552515454
43P_s_ddg 2.56397413139227 2.54003089274791 2.611860608681
43R_s_ddg -0.205721256702657 -0.205721256702657 -0.205721256702657
43S_s_ddg 0.420037809076783 0.420037809076783 0.420037809076783
43T_s_ddg 0.419707681414928 0.419707681414928 0.419707681414928
43V_s_ddg 0.18295960978987 0.18295960978987 0.18295960978987
43W_s_ddg 1.32616323408364 1.32616323408364 1.32616323408364
43Y_s_ddg 0.639854142282708 0.615910903638345 0.639854142282708
44A_s_ddg 0.68500067828837 0.68500067828837 0.68500067828837
44C_s_ddg 0.338732650595965 0.338732650595965 0.338732650595965
44D_s_ddg 1.38544705601305 1.36150381736869 1.40939029465741
44E_s_ddg -0.138255209473832 -0.138255209473832 -0.138255209473832
44F_s_ddg 0.77026712542148 0.746323886777117 0.77026712542148
44G_s_ddg 2.0529002644123 2.0529002644123 2.0529002644123
44H_s_ddg 0.704485533801684 0.704485533801684 0.728428772446047
44I_s_ddg -0.00572350515270232 -0.00572350515270232 0.0182197334916607
44K_s_ddg 0.339339494769159 0.339339494769159 0.339339494769159
44L_s_ddg 0.624121598942236 0.624121598942236 0.624121598942236
44M_s_ddg 0.268675886442864 0.268675886442864 0.268675886442864
44N_s_ddg 0.956783429076521 0.932840190432158 0.956783429076521
44P_s_ddg 2.381423165387 2.33353668809827 2.42930964267573
44Q_s_ddg 0.097436821470249 0.097436821470249 0.097436821470249
44R_s_ddg 0.740609927769795 0.740609927769795 0.740609927769795
44S_s_ddg 0.446340914443518 0.446340914443518 0.446340914443518
44V_s_ddg -0.261981440528327 -0.261981440528327 -0.261981440528327
44W_s_ddg 1.31766474973628 1.31766474973628 1.31766474973628
44Y_s_ddg 0.47363547046069 0.449692231816327 0.497578709105053
45A_s_ddg 2.12059839972054 2.09665516107618 2.1445416383649
45C_s_ddg 2.07270891504243 2.04876567639807 2.09665215368679
45D_s_ddg 2.00774422926936 1.983800990625 2.03168746791372
45E_s_ddg 2.48506858181982 2.46112534317546 2.50901182046418
45F_s_ddg 1.99245262427848 1.96850938563412 2.01639586292284
45H_s_ddg 2.44859939836375 2.37676968243066 2.52042911429684
45I_s_ddg 2.09527919960166 2.0713359609573 2.11922243824602
45K_s_ddg 2.50967387668364 2.46178739939491 2.533617115328
45L_s_ddg 2.21825015124783 2.19430691260347 2.24219338989219
45M_s_ddg 2.37849954136812 2.35455630272376 2.40244278001248
45N_s_ddg 2.57024763943224 2.52236116214351 2.64207735536533
45P_s_ddg 2.92643932092755 2.80672312770573 3.04615551414937
45Q_s_ddg 2.54756915866148 2.49968268137275 2.59545563595021
45R_s_ddg 2.30330151312809 2.27935827448373 2.32724475177245
45S_s_ddg 2.17276931576569 2.14882607712133 2.19671255441005
45T_s_ddg 2.58929768646873 2.54141120918 2.63718416375746
45V_s_ddg 2.00254059895096 2.00254059895096 2.00254059895096
45W_s_ddg 2.414936917372 2.39099367872764 2.43888015601636
45Y_s_ddg 2.41586990437484 2.36798342708611 2.46375638166357
46A_s_ddg 0.726207520480917 0.726207520480917 0.726207520480917
46C_s_ddg 0.557811345386112 0.533868106741749 0.581754584030475
46D_s_ddg 1.53396253182471 1.51001929318035 1.55790577046907
46E_s_ddg 1.04466938573117 1.04466938573117 1.04466938573117
46F_s_ddg 0.298751781775112 0.274808543130749 0.322695020419475
46G_s_ddg 0.886118874307834 0.886118874307834 0.886118874307834
46H_s_ddg 0.638605110328673 0.61466187168431 0.662548348973036
46I_s_ddg -0.0977423988448147 -0.121685637489178 -0.0737991602004516
46K_s_ddg -0.19018899171486 -0.214132230359223 -0.166245753070497
46L_s_ddg 0.180151621789445 0.180151621789445 0.180151621789445
46N_s_ddg 0.724046059184347 0.700102820539984 0.74798929782871
46P_s_ddg 2.45671957656976 2.38488986063667 2.52854929250285
46Q_s_ddg 0.701025455804925 0.677082217160562 0.724968694449288
46R_s_ddg -0.405196312948614 -0.405196312948614 -0.405196312948614
46S_s_ddg 0.5123655795999 0.5123655795999 0.5123655795999
46T_s_ddg 0.407312145366262 0.407312145366262 0.407312145366262
46V_s_ddg -0.00944821619764354 -0.00944821619764354 -0.00944821619764354
46W_s_ddg -0.394971293491246 -0.394971293491246 -0.394971293491246
46Y_s_ddg 0.175332481396124 0.151389242751761 0.199275720040487
47A_s_ddg 2.47405511514841 2.40222539921532 2.5458848310815
47C_s_ddg 2.48428619420758 2.41245647827449 2.58005914878503
47D_s_ddg 3.00876148755891 2.72144262382655 3.43973978315744
47E_s_ddg 2.6010918063829 2.52926209044981 2.67292152231599
47G_s_ddg 2.41956798886419 2.39562475021983 2.44351122750855
47H_s_ddg 3.73084293859512 2.86888634739805 7.37021521253831
47I_s_ddg 1.58355310861571 1.55960986997135 1.60749634726007
47K_s_ddg 2.52925157642092 2.45742186048783 2.60108129235401
47L_s_ddg 2.12800255967238 2.10405932102802 2.15194579831674
47M_s_ddg 2.30093225190461 2.25304577461588 2.34881872919334
47N_s_ddg 2.90777840526288 2.64440278017489 3.4105864167945
47P_s_ddg 2.44351078088105 2.32379458765923 2.58717021274723
47Q_s_ddg 2.63903465774045 2.543261703163 2.75875085096227
47R_s_ddg 2.56059420414448 2.51270772685575 2.60848068143321
47S_s_ddg 2.25682089953199 2.20893442224326 2.30470737682072
47T_s_ddg 2.71132241333248 2.5676629814663 2.87892508384302
47V_s_ddg 1.89768124280754 1.87373800416318 1.89768124280754
47W_s_ddg 1.90200505702203 1.87806181837767 1.92594829566639
47Y_s_ddg 2.44583154971078 2.37400183377769 2.51766126564387
48A_s_ddg 1.55856112038737 1.53461788174301 1.58250435903173
48C_s_ddg 1.55461945004844 1.53067621140408 1.5785626886928
48D_s_ddg 0.756080981728356 0.732137743083993 0.780024220372719
48E_s_ddg 1.87319813326087 1.84925489461651 1.89714137190523
48F_s_ddg 1.76694545329876 1.71905897601003 1.81483193058749
48G_s_ddg 2.06317979213144 2.03923655348708 2.0871230307758
48H_s_ddg 0.00155444722060234 -0.0223887914237607 0.0254976858649654
48I_s_ddg 2.27548733508423 2.17971438050678 2.37126028966168
48K_s_ddg 0.717917800925158 0.693974562280795 0.741861039569521
48L_s_ddg 1.12703099657425 1.10308775792989 1.12703099657425
48M_s_ddg 1.1645804684505 1.14063722980614 1.18852370709486
48N_s_ddg 0.447404007224561 0.423460768580198 0.471347245868924
48Q_s_ddg 0.921540378009019 0.897597139364656 0.945483616653382
48R_s_ddg 0.556547074955931 0.556547074955931 0.556547074955931
48S_s_ddg 1.17250225989757 1.17250225989757 1.17250225989757
48T_s_ddg 1.71056512310302 1.68662188445866 1.73450836174738
48V_s_ddg 2.22133112125265 2.17344464396392 2.24527435989701
48W_s_ddg 1.53476944031155 1.51082620166719 1.55871267895591
48Y_s_ddg 1.46981009400145 1.42192361671272 1.49375333264581
49A_s_ddg -0.679222579540391 -0.703165818184754 -0.655279340896028
49C_s_ddg 0.180604795439765 0.180604795439765 0.180604795439765
49D_s_ddg 2.6745256157047 2.57875266112725 2.79424180892652
49E_s_ddg 1.39544825431181 1.37150501566745 1.41939149295617
49F_s_ddg 1.3988002503464 1.37485701170204 1.42274348899076
49G_s_ddg 0.784346497769173 0.784346497769173 0.784346497769173
49H_s_ddg 1.28046520666058 1.25652196801622 1.30440844530494
49I_s_ddg 1.20513184865945 1.18118861001509 1.22907508730381
49K_s_ddg -0.199258672185659 -0.223201910830022 -0.175315433541296
49L_s_ddg 1.46160918613315 1.46160918613315 1.46160918613315
49M_s_ddg 0.479702430172196 0.455759191527833 0.503645668816559
49N_s_ddg 0.829129079228218 0.805185840583855 0.853072317872581
49P_s_ddg -0.020609654971899 -0.0445528936162621 0.00333358367246406
49Q_s_ddg 0.731863490370709 0.707920251726346 0.731863490370709
49S_s_ddg -0.597257172364352 -0.597257172364352 -0.597257172364352
49T_s_ddg 0.268069511785522 0.244126273141159 0.292012750429885
49V_s_ddg 0.061122911888552 0.061122911888552 0.061122911888552
49W_s_ddg 1.74094148224946 1.7169982436051 1.76488472089382
49Y_s_ddg 1.35564794136278 1.33170470271842 1.37959118000714
4A_s_ddg 1.10990650893143 1.10990650893143 1.10990650893143
4C_s_ddg 0.470139940294089 0.470139940294089 0.470139940294089
4D_s_ddg 2.6540050770266 2.53428888380478 2.79766450889278
4E_s_ddg 0.465159027036632 0.465159027036632 0.465159027036632
4F_s_ddg 1.2196379334776 1.19569469483324 1.24358117212196
4G_s_ddg 2.39630247487959 2.37235923623523 2.42024571352395
4H_s_ddg 1.19433644517373 1.19433644517373 1.19433644517373
4I_s_ddg 0.725812066865276 0.701868828220913 0.725812066865276
4K_s_ddg 0.109316466796773 0.109316466796773 0.109316466796773
4L_s_ddg 0.478111351791476 0.478111351791476 0.478111351791476
4M_s_ddg 0.531488342404483 0.531488342404483 0.531488342404483
4N_s_ddg 2.04589396152569 1.99800748423696 2.09378043881442
4P_s_ddg 2.52193648960764 2.47405001231891 2.56982296689637
4R_s_ddg 0.0841781651942476 0.0841781651942476 0.0841781651942476
4S_s_ddg 1.33724572665275 1.33724572665275 1.33724572665275
4T_s_ddg 0.615814512686334 0.615814512686334 0.615814512686334
4V_s_ddg 0.220098482766768 0.220098482766768 0.220098482766768
4W_s_ddg 1.31737839705928 1.31737839705928 1.31737839705928
4Y_s_ddg 0.905789750762106 0.881846512117743 0.905789750762106
50A_s_ddg -0.405109773100942 -0.405109773100942 -0.405109773100942
50C_s_ddg -0.199576652423626 -0.199576652423626 -0.199576652423626
50D_s_ddg 0.02550826874576 0.02550826874576 0.02550826874576
50E_s_ddg -0.476947620613478 -0.476947620613478 -0.476947620613478
50F_s_ddg 0.638012133940695 0.614068895296332 0.661955372585058
50G_s_ddg -0.130027829553534 -0.130027829553534 -0.130027829553534
50H_s_ddg -0.0484525721876404 -0.12028228812073 0.0233771437454488
50I_s_ddg 0.395300909020483 0.37135767037612 0.395300909020483
50K_s_ddg -0.481853132463164 -0.481853132463164 -0.481853132463164
50L_s_ddg 0.254606729726359 0.254606729726359 0.254606729726359
50M_s_ddg 0.277681085867412 0.277681085867412 0.277681085867412
50P_s_ddg 0.678832923978399 0.654889685334036 0.702776162622762
50Q_s_ddg -0.138062861172905 -0.162006099817268 -0.114119622528542
50R_s_ddg -0.30957335221246 -0.30957335221246 -0.30957335221246
50S_s_ddg -0.524393999533509 -0.524393999533509 -0.524393999533509
50T_s_ddg -0.123815341806431 -0.123815341806431 -0.123815341806431
50V_s_ddg 0.00541755729471184 0.00541755729471184 0.00541755729471184
50W_s_ddg -0.07543003241355 -0.07543003241355 -0.07543003241355
50Y_s_ddg 0.411095760226745 0.411095760226745 0.411095760226745
51A_s_ddg 0.154746153420993 0.154746153420993 0.154746153420993
51C_s_ddg 0.454343989864506 0.454343989864506 0.454343989864506
51D_s_ddg 2.41281852727278 2.29310233405096 2.55647795913896
51E_s_ddg 2.36558260519474 2.31769612790601 2.41346908248347
51F_s_ddg 0.304187652540104 0.304187652540104 0.304187652540104
51G_s_ddg 1.69730262952939 1.69730262952939 1.69730262952939
51H_s_ddg 0.263561761608862 0.239618522964499 0.287505000253225
51I_s_ddg 0.570633219556826 0.546689980912463 0.594576458201189
51K_s_ddg 0.0113101022021994 0.0113101022021994 0.0113101022021994
51L_s_ddg -0.213884852593941 -0.213884852593941 -0.213884852593941
51M_s_ddg 0.184528249152848 0.184528249152848 0.184528249152848
51N_s_ddg 1.40718565525248 1.38324241660812 1.43112889389684
51P_s_ddg 2.5677048866364 2.49587517070331 2.66347784121385
51Q_s_ddg 1.16987002103174 1.14592678238738 1.1938132596761
51R_s_ddg 0.0947987622834944 0.0947987622834944 0.0947987622834944
51S_s_ddg 0.817530519044 0.817530519044 0.817530519044
51T_s_ddg 0.954674073148322 0.930730834503959 0.978617311792685
51V_s_ddg 0.500621773011327 0.500621773011327 0.500621773011327
51W_s_ddg 0.559042957674953 0.559042957674953 0.559042957674953
52A_s_ddg 1.06447364756639 1.04053040892203 1.08841688621075
52C_s_ddg 0.558064961503873 0.510178484215147 0.605951438792599
52D_s_ddg 1.88452305741139 1.86057981876703 1.93240953470012
52E_s_ddg 2.41250900375425 2.26884957188807 2.60405491290915
52F_s_ddg 1.61467548551104 1.59073224686668 1.6386187241554
52G_s_ddg 2.18930422604724 2.14141774875851 2.23719070333597
52H_s_ddg 3.11841415534999 2.56771966652964 6.75778642929317
52I_s_ddg 1.15083582207587 1.12689258343151 1.15083582207587
52K_s_ddg 2.97920479907554 2.73977241263191 3.31441014009662
52L_s_ddg 1.79112119426449 1.74323471697576 1.83900767155322
52M_s_ddg 2.57104477795624 2.35555563015697 2.95413659626605
52N_s_ddg 2.4556906150705 2.28808794455996 2.69512300151413
52P_s_ddg 3.36231452754089 3.12288214109726 3.88906577771688
52Q_s_ddg 3.41067224738786 2.69237508805697 7.05004452133105
52R_s_ddg 2.85317727293814 2.6855746024276 3.06866642073741
52S_s_ddg 2.26670290920237 2.21881643191364 2.33853262513546
52T_s_ddg 0.244725693924764 0.196839216636038 0.29261217121349
52W_s_ddg 2.54407751236777 2.37647484185723 2.75956666016704
52Y_s_ddg 2.95524993212855 2.69187430704056 3.314398511794
53A_s_ddg 0.181634421151813 0.15769118250745 0.205577659796176
53C_s_ddg 0.470428672691198 0.446485434046835 0.494371911335561
53D_s_ddg 1.15332614510383 1.12938290645947 1.17726938374819
53E_s_ddg 0.145947370360664 0.122004131716301 0.169890609005027
53F_s_ddg 0.374783872684476 0.350840634040113 0.398727111328839
53G_s_ddg 0.0203084557069695 -0.00363478293739356 0.0442516943513326
53H_s_ddg 0.106886083664955 0.0829428450205919 0.130829322309318
53I_s_ddg 0.233553954607675 0.209610715963312 0.257497193252038
53K_s_ddg -0.576944605002443 -0.600887843646806 -0.55300136635808
53L_s_ddg 0.389291355152201 0.389291355152201 0.389291355152201
53M_s_ddg 0.0220374852308784 -0.00190575341348466 0.0459807238752415
53N_s_ddg 0.581736793837626 0.557793555193263 0.605680032481989
53P_s_ddg 2.24392313561087 2.19603665832214 2.2918096128996
53Q_s_ddg -0.0285333768386231 -0.0524766154829862 -0.00459013819426004
53R_s_ddg -0.224239873245762 -0.224239873245762 -0.224239873245762
53S_s_ddg 0.372485454463479 0.372485454463479 0.372485454463479
53V_s_ddg 0.135943743265481 0.135943743265481 0.135943743265481
53W_s_ddg 0.335634881882961 0.311691643238598 0.359578120527324
53Y_s_ddg 0.587672317871563 0.5637290792272 0.611615556515926
54A_s_ddg 0.238214536313671 0.214271297669308 0.262157774958034
54C_s_ddg 0.695093888118929 0.671150649474566 0.719037126763292
54D_s_ddg -0.220228542486808 -0.268115019775534 -0.172342065198082
54E_s_ddg -0.0391717229946483 -0.0870582002833744 0.00871475429407782
54F_s_ddg 0.354581250392119 0.330638011747756 0.378524489036482
54G_s_ddg 0.221168565799185 0.221168565799185 0.221168565799185
54H_s_ddg 0.328368058766986 0.304424820122623 0.352311297411349
54I_s_ddg 0.156637222276256 0.10875074498753 0.204523699564982
54K_s_ddg 0.619043273105806 0.595100034461443 0.642986511750169
54L_s_ddg 0.33503175992818 0.33503175992818 0.33503175992818
54M_s_ddg 0.501385368000331 0.453498890711605 0.549271845289057
54N_s_ddg -0.0161455507943111 -0.0640320280830372 0.031740926494415
54Q_s_ddg 0.0741033510145054 0.0262168737257793 0.121989828303232
54R_s_ddg 0.609738072751862 0.609738072751862 0.609738072751862
54S_s_ddg 0.0562097032733325 0.0562097032733325 0.0562097032733325
54T_s_ddg 0.207868508423524 0.183925269779161 0.231811747067887
54V_s_ddg 0.094900923823009 0.070957685178646 0.118844162467372
54W_s_ddg 0.526040066625087 0.502096827980724 0.54998330526945
54Y_s_ddg 0.555241436041456 0.531298197397093 0.579184674685819
55A_s_ddg 0.460645401871786 0.460645401871786 0.460645401871786
55C_s_ddg 0.433863541774409 0.385977064485683 0.481750019063135
55D_s_ddg 0.340094902590809 0.26826518665772 0.387981379879535
55E_s_ddg 0.455453101066296 0.431509862421933 0.479396339710659
55F_s_ddg 0.183436989527915 0.111607273594826 0.231323466816641
55G_s_ddg 0.204487189964786 0.180543951320423 0.228430428609149
55H_s_ddg 0.470622812354463 0.374849857777011 0.566395766931915
55I_s_ddg -0.0340022437283802 -0.0818887210171063 0.0138842335603459
55K_s_ddg 0.180516186850901 0.108686470917812 0.25234590278399
55L_s_ddg -0.160146782482427 -0.18409002112679 -0.136203543838064
55M_s_ddg -0.0631594245962466 -0.0871026632406097 -0.0392161859518835
55N_s_ddg -0.134236815497377 -0.230009770074829 -0.0384638609199248
55P_s_ddg 0.260194158510082 0.188364442576993 0.308080635798808
55Q_s_ddg 0.175264003874577 0.127377526585851 0.223150481163303
55R_s_ddg 0.299109642864575 0.275166404220212 0.323052881508938
55S_s_ddg 0.129936957068656 0.105993718424293 0.153880195713019
55T_s_ddg 0.310611437409536 0.26272496012081 0.358497914698262
55W_s_ddg -0.0139305090545703 -0.0378737476989334 0.0100127295897928
55Y_s_ddg 0.147032360647596 0.0752026447145068 0.194918837936322
56A_s_ddg 0.305402532011609 0.281459293367246 0.329345770655972
56C_s_ddg 0.767267110937966 0.743323872293603 0.791210349582329
56D_s_ddg -0.157310640765674 -0.2051971180544 -0.109424163476948
56E_s_ddg -0.185753984095154 -0.23364046138388 -0.137867506806428
56F_s_ddg 0.856587934928468 0.832644696284105 0.880531173572831
56G_s_ddg 0.553127658602637 0.529184419958274 0.577070897247
56H_s_ddg 0.329109635140173 0.281223157851447 0.376996112428899
56I_s_ddg 0.359910898862084 0.335967660217721 0.383854137506447
56K_s_ddg 0.261719329978492 0.237776091334129 0.285662568622855
56L_s_ddg 0.545000647518688 0.521057408874325 0.568943886163051
56M_s_ddg 0.58417104188062 0.560227803236257 0.608114280524983
56P_s_ddg 0.408161753371198 0.360275276082472 0.456048230659924
56Q_s_ddg 0.627505069453324 0.579618592164598 0.67539154674205
56R_s_ddg 0.523930530654804 0.499987292010441 0.547873769299167
56S_s_ddg 0.370733840397723 0.370733840397723 0.370733840397723
56T_s_ddg 0.214750056452811 0.166863579164085 0.262636533741537
56V_s_ddg 0.290622693680274 0.266679455035911 0.314565932324637
56W_s_ddg 0.599384341900394 0.575441103256031 0.623327580544757
56Y_s_ddg 0.496082410620028 0.472139171975665 0.496082410620028
5C_s_ddg 2.38818443911138 2.34029796182265 2.43607091640011
5D_s_ddg 2.00440973924669 1.98046650060233 2.02835297789105
5E_s_ddg 2.53741364370316 2.48952716641443 2.58530012099189
5F_s_ddg 3.14296087879804 2.92747173099877 3.40633650388603
5G_s_ddg 1.48248313622938 1.48248313622938 1.48248313622938
5H_s_ddg 2.45278616088276 2.38095644494967 2.52461587681585
5I_s_ddg 2.95523532399017 2.78763265347963 3.17072447178944
5K_s_ddg 2.54188807641511 2.49400159912638 2.58977455370384
5L_s_ddg 2.82593350264234 2.75410378670925 2.89776321857543
5M_s_ddg 2.51683245008501 2.44500273415192 2.5886621660181
5N_s_ddg 2.63674551628234 2.56491580034925 2.70857523221543
5P_s_ddg 2.38916910479196 2.34128262750323 2.43705558208069
5Q_s_ddg 2.52623968380323 2.45440996787014 2.59806939973632
5R_s_ddg 2.71476509291605 2.66687861562732 2.76265157020478
5S_s_ddg 1.88787416270834 1.86393092406398 1.9118174013527
5T_s_ddg 2.15249398418057 2.12855074553621 2.17643722282493
5V_s_ddg 2.30365575340754 2.27971251476318 2.3275989920519
5W_s_ddg 2.81894800447061 2.74711828853752 2.8907777204037
5Y_s_ddg 2.6966130252666 2.57689683204478 2.84027245713278
6F_s_ddg 2.26962442507533 2.2217379477866 2.34145414100842
6H_s_ddg 1.21229156000502 1.18834832136066 1.23623479864938
6I_s_ddg 0.256315475843707 0.232372237199344 0.28025871448807
6P_s_ddg 1.80235001562742 1.73052029969433 1.87417973156051
6R_s_ddg 0.546973726273363 0.403314294407185 0.666689919495178
6V_s_ddg 0.497221810293055 0.329619139782514 0.640881242159233
7A_s_ddg 0.263871755666135 0.239928517021772 0.287814994310498
7C_s_ddg -0.000296787636299512 -0.0242400262806626 0.0236464510080635
7D_s_ddg 0.52190843237274 0.450078716439651 0.593738148305829
7E_s_ddg 0.269546615402626 0.245603376758263 0.293489854046989
7G_s_ddg 1.14442814249427 1.14442814249427 1.14442814249427
7H_s_ddg -0.198295247920623 -0.389841157075527 -0.0306925774100816
7I_s_ddg 0.434673820916267 0.410730582271904 0.45861705956063
7K_s_ddg -0.105762731907596 -0.129705970551959 -0.0818194932632329
7L_s_ddg 0.377675882844385 0.377675882844385 0.377675882844385
7M_s_ddg 0.225823940737683 0.20188070209332 0.249767179382046
7N_s_ddg 0.500838542872405 0.429008826939316 0.572668258805494
7P_s_ddg 3.69911884039562 3.17236759021963 5.99766975025447
7Q_s_ddg 0.0510651087024503 0.00317863141372417 0.0989515859911764
7R_s_ddg -0.0452153300328013 -0.0691585686771644 -0.0212720913884382
7S_s_ddg 0.467215014195192 0.443271775550829 0.467215014195192
7T_s_ddg 0.475957432190416 0.452014193546053 0.499900670834779
7V_s_ddg 0.191389211202347 0.167445972557984 0.21533244984671
7W_s_ddg 0.547747215482054 0.547747215482054 0.571690454126417
7Y_s_ddg 0.334345419804514 0.334345419804514 0.358288658448877
8A_s_ddg 1.71963537961494 1.69569214097058 1.7435786182593
8C_s_ddg 2.27872353995563 2.20689382402254 2.35055325588872
8E_s_ddg 1.60562867494271 1.58168543629835 1.60562867494271
8F_s_ddg 2.22062332570988 2.14879360977679 2.29245304164297
8G_s_ddg 1.88643189773583 1.88643189773583 1.88643189773583
8H_s_ddg 1.66578990951508 1.64184667087072 1.68973314815944
8I_s_ddg 2.96822008312454 2.75273093532527 3.2555389468569
8K_s_ddg 2.135794347028 2.08790786973927 2.18368082431673
8L_s_ddg 2.83643405650327 2.76460434057018 2.93220701108072
8M_s_ddg 2.59331082101497 2.49753786643752 2.71302701423679
8N_s_ddg 0.737579115724203 0.737579115724203 0.737579115724203
8P_s_ddg 2.0426129808436 1.99472650355487 2.11444269677669
8Q_s_ddg 1.89682692167036 1.84894044438163 1.94471339895909
8R_s_ddg 2.26865762944214 2.24471439079778 2.2926008680865
8S_s_ddg 1.21556511721469 1.19162187857033 1.23950835585905
8T_s_ddg 1.14236885426104 1.11842561561668 1.1663120929054
8V_s_ddg 2.25197829835689 2.22803505971253 2.27592153700125
8W_s_ddg 2.85593898430733 2.73622279108551 2.99959841617351
8Y_s_ddg 1.58352510299868 1.55958186435432 1.60746834164304
9A_s_ddg 1.50961772331816 1.4856744846738 1.53356096196252
9C_s_ddg 0.960840371309516 0.936897132665153 0.984783609953879
9D_s_ddg 3.05875450260269 2.81932211615906 3.41790308226814
9E_s_ddg 2.76457595095566 2.54908680315639 3.12372453062111
9G_s_ddg 2.46336944322911 2.41548296594038 2.51125592051784
9H_s_ddg -0.122261322477177 -0.218034277054629 -0.0264883678997248
9I_s_ddg 1.84108515445361 1.81714191580925 1.86502839309797
9K_s_ddg 1.02942431590329 0.981537838614564 1.07731079319202
9L_s_ddg 1.12281496023444 1.12281496023444 1.12281496023444
9M_s_ddg 1.19987527355165 1.17593203490729 1.22381851219601
9N_s_ddg 0.588576314248483 0.516746598315394 0.660406030181572
9P_s_ddg 2.801407265867 2.6098613567121 3.06478289095499
9Q_s_ddg 1.37984004497861 1.33195356768988 1.42772652226734
9R_s_ddg 0.0410322947870408 0.0170890561426777 0.0649755334314039
9S_s_ddg 1.15651594505795 1.15651594505795 1.15651594505795
9T_s_ddg 2.2189049409517 2.12313198637425 2.31467789552915
9V_s_ddg 0.702542498050358 0.678599259405995 0.726485736694721
9W_s_ddg 0.323223640030207 0.299280401385844 0.34716687867457
9Y_s_ddg -0.537614431055437 -0.5615576696998 -0.513671192411074
14F_s_ddg 1.19768701137936 0.982197863580093 1.38923292053426
6S_s_ddg 2.83572212477014 1.71038990848508 6.47509439871333
10A_b_ddg -0.0733718869192633 -0.120246058193403 -0.0264977156451232
10E_b_ddg -0.145880871243207 -0.169317956880277 -0.145880871243207
10G_b_ddg -0.150058786284261 -0.173495871921331 -0.126621700647191
10H_b_ddg 0.599387338925315 0.552513167651175 0.646261510199455
10N_b_ddg 0.106041272629731 0.082604186992661 0.129478358266801
10V_b_ddg -0.0160646842050615 -0.0160646842050615 -0.0160646842050615
10Y_b_ddg 0.112119751937214 0.088682666300144 0.135556837574284
11A_b_ddg 0.0235222230315602 -0.0233519482425799 0.0703963943057003
11H_b_ddg 0.162958860519947 0.139521774882877 0.186395946157017
11L_b_ddg 0.168489138346055 0.145052052708985 0.191926223983125
11Q_b_ddg -0.0922623145010801 -0.30319608523471 0.0717972849584101
11R_b_ddg 0.16984026455948 0.14640317892241 0.19327735019655
11S_b_ddg 0.388317488205556 0.364880402568486 0.411754573842626
11T_b_ddg 0.444094233151614 0.420657147514544 0.467531318788684
12E_b_ddg -0.594712346313769 -0.711897774499119 -0.500964003765489
12H_b_ddg 0.398816493131927 0.398816493131927 0.398816493131927
12K_b_ddg -0.183913161150373 -0.207350246787443 -0.160476075513303
12L_b_ddg -0.416216857671997 -0.439653943309067 -0.392779772034927
12P_b_ddg 1.13148827276568 1.01430284458033 1.2721107865881
12R_b_ddg 0.50828824881241 0.48485116317534 0.53172533444948
13A_b_ddg 1.14703683224494 1.07672557533373 1.21734808915615
13D_b_ddg 0.526012893655269 0.502575808018199 0.549449979292339
13G_b_ddg 1.18784049259819 1.14096632132405 1.23471466387233
13K_b_ddg 1.95928896967248 1.88897771276127 2.02960022658369
13Q_b_ddg 1.19406625428901 1.14719208301487 1.24094042556315
13V_b_ddg 1.04850883381339 1.04850883381339 1.07194591945046
14A_b_ddg 0.19201568940786 0.12170443249665 0.26232694631907
14E_b_ddg -0.00900430235775855 -0.0324413879948286 0.0144327832793115
14G_b_ddg 0.115222936768944 0.091785851131874 0.138660022406014
14H_b_ddg 0.149270260267491 0.102396088993351 0.196144431541631
14I_b_ddg 0.302658751656764 0.115162066560204 0.466718351116254
14N_b_ddg 0.0948422105785794 0.0714051249415094 0.118279296215649
14V_b_ddg 0.191298624901089 0.191298624901089 0.191298624901089
14Y_b_ddg 0.02266260603157 -0.000774479605500037 0.04609969166864
15A_b_ddg 0.786256795076581 0.739382623802441 0.833130966350721
15E_b_ddg 0.138178660192006 0.114741574554936 0.161615745829076
15L_b_ddg 1.87290474331259 1.05260674601514 5.43534176014724
15R_b_ddg 1.17567468842387 1.1522376027868 1.19911177406094
15S_b_ddg 0.740768653141152 0.482960711133382 0.975139509511852
15V_b_ddg 1.59173496857961 1.54486079730547 1.66204622549082
16A_b_ddg 2.60608246875783 1.94984407091987 3.19200960968458
16D_b_ddg 1.93992445080423 1.86961319389302 2.01023570771544
16G_b_ddg 2.06115576426944 1.96740742172116 2.15490410681772
16K_b_ddg 2.51837390126601 2.37775138744359 2.70587058636257
16Q_b_ddg 0.913379455179598 0.819631112631318 1.00712779772788
16V_b_ddg 2.37591882864624 2.25873340046089 2.51654134246866
17M_b_ddg 0.250639586690812 0.227202501053742 0.274076672327882
17P_b_ddg 1.15668269629718 1.08637143938597 1.22699395320839
17Q_b_ddg 1.73332689315022 1.5927043793278 1.87394940697264
17R_b_ddg 1.78103861421692 1.14823730201603 5.34347563105157
17S_b_ddg 0.33375119989074 -0.369361369221361 3.89618821672539
17V_b_ddg -0.217080197323639 -0.240517282960709 -0.170206026049499
18A_b_ddg 0.310954630559734 0.264080459285594 0.357828801833874
18C_b_ddg 0.222908235452397 0.222908235452397 0.246345321089467
18D_b_ddg -0.169727483720447 -0.193164569357517 -0.146290398083377
18I_b_ddg -0.0522762565155099 -0.28664711288621 0.15865751421812
18R_b_ddg 0.124768398478578 0.0544571415673679 0.171642569752718
18S_b_ddg 0.186590491301648 0.186590491301648 0.186590491301648
18V_b_ddg 0.180623484367307 0.157186398730237 0.204060570004377
19C_b_ddg 0.91926191004525 0.63801688240041 1.29425528023837
19H_b_ddg 0.961515933242262 0.0709066790336007 4.52395295007691
19I_b_ddg -0.167383775488125 -0.190820861125195 -0.143946689851055
19L_b_ddg -0.126022735472417 -0.126022735472417 -0.126022735472417
19S_b_ddg 1.25463331709038 1.1608849745421 1.37181874527573
19V_b_ddg -0.00477829838978339 -0.0985266409380635 0.0889700441584968
19Y_b_ddg 0.742669769513537 0.695795598239397 0.789543940787677
1A_b_ddg -0.0315288100661819 -0.0549658957032519 -0.00809172442911186
1I_b_ddg 0.0115685829939602 0.0115685829939602 0.0115685829939602
1K_b_ddg -0.106591539875425 -0.153465711149565 -0.0597173686012849
1L_b_ddg 0.11500355606253 -0.14280438594524 0.32593732679616
1M_b_ddg 0.0367867028627994 -0.174147067870831 0.20084630232229
1P_b_ddg -0.187985990183515 -0.234860161457655 -0.141111818909375
1R_b_ddg 0.184226772292677 0.160789686655607 0.207663857929747
1S_b_ddg -0.0567031789512837 -0.0567031789512837 -0.0567031789512837
1V_b_ddg -0.07523799114598 -0.37992010442789 0.15913286522472
20C_b_ddg -0.211617243189288 -0.235054328826358 -0.188180157552218
20G_b_ddg -0.144160434346629 -0.191034605620769 -0.0972862630724889
20H_b_ddg -0.157818168035577 -0.157818168035577 -0.157818168035577
20L_b_ddg -0.225667785969576 -0.249104871606646 -0.202230700332506
20P_b_ddg 1.7533447250744 1.5189738687037 2.52676855109771
20Q_b_ddg -0.196520585142397 -0.548076869698447 0.0612873568653734
20S_b_ddg -0.165272524210111 -0.165272524210111 -0.141835438573041
21G_b_ddg -0.0142186799574894 -0.0610928512316295 0.0326554913166507
21H_b_ddg -0.0425608556145099 -0.23005754071107 0.12149874384498
21K_b_ddg -0.250679202184864 -0.695983829289195 0.0305658254599764
21L_b_ddg -0.211091332632748 -0.234528418269818 -0.187654246995678
21M_b_ddg -0.0384223269921867 -0.319667354637027 0.172511443741444
21P_b_ddg 0.156480601173609 0.109606429899469 0.203354772447749
21Q_b_ddg -0.0392412574082817 -0.0392412574082817 -0.0392412574082817
21W_b_ddg -0.517252734449416 -0.540689820086486 -0.493815648812346
22A_b_ddg -0.605541348599782 -0.675852605510992 -0.535230091688572
22C_b_ddg -0.738095589498733 -0.972466445869433 -0.503724733128033
22E_b_ddg -0.447661145333196 -0.494535316607336 -0.400786974059056
22R_b_ddg -0.432190225129535 -0.455627310766605 -0.408753139492465
22V_b_ddg 0.127516707524207 0.0572054506129969 0.197827964435417
23A_b_ddg -0.362977503750287 -0.433288760661497 -0.292666246839077
23E_b_ddg -0.10038335990619 -0.10038335990619 -0.10038335990619
23G_b_ddg 0.253527530083622 0.183216273172412 0.300401701357762
23H_b_ddg 0.121811862765753 0.0749376914916129 0.168686034039893
23N_b_ddg -0.453643990767602 -0.500518162041742 -0.406769819493462
23V_b_ddg -0.328065149176898 -0.398376406088108 -0.281190977902758
23Y_b_ddg -0.268762834504626 -0.339074091415836 -0.221888663230486
24C_b_ddg -0.131860146189729 -0.178734317463869 -0.0849859749155889
24I_b_ddg -0.0491430854351961 -0.0491430854351961 -0.0491430854351961
24L_b_ddg -0.0453717879745149 -0.0688088736115849 -0.0219347023374449
24N_b_ddg -0.120483016730048 -0.354853873100748 0.0670136683665123
24S_b_ddg -0.245730536222938 -0.269167621860008 -0.222293450585868
24T_b_ddg -0.281129855900589 -0.63268614045664 -0.0467589995298886
24V_b_ddg 0.121990145704311 0.098553060067241 0.145427231341381
24Y_b_ddg -0.0905888477739407 -0.0905888477739407 -0.0905888477739407
25F_b_ddg 0.954901327508723 0.908027156234583 1.00177549878286
25L_b_ddg -0.186289507055956 -0.233163678330096 -0.139415335781816
25M_b_ddg 1.01256632259825 0.94225506568704 1.08287757950946
25N_b_ddg 1.64657473730503 1.55282639475675 1.74032307985331
25S_b_ddg 1.86195441548863 1.1822789320136 5.42439143232328
25T_b_ddg 1.46216310810244 1.36841476555416 1.53247436501365
25V_b_ddg -0.236857316980329 -0.260294402617399 -0.213420231343259
26D_b_ddg -0.444919233119342 -0.515230490030552 -0.374607976208132
26I_b_ddg -0.139236156547008 -0.397044098554778 0.0482605285495523
26L_b_ddg -0.0602117141410875 -0.0602117141410875 -0.0602117141410875
26N_b_ddg -0.171032864930743 -0.194469950567813 -0.147595779293673
26P_b_ddg -0.309938445370581 -3.87237546220523 0.18224035300789
26Q_b_ddg -0.0294809626364949 -0.0294809626364949 -0.0294809626364949
26R_b_ddg -0.0838912258335246 -0.107328311470595 -0.0604541401964546
26Y_b_ddg -0.0767799119631472 -0.100216997600217 -0.0533428263260772
27A_b_ddg 0.488854498503511 0.441980327229371 0.535728669777651
27D_b_ddg 1.41523251148042 1.34492125456921 1.48554376839163
27F_b_ddg 0.909421542603449 0.839110285692239 0.979732799514659
27G_b_ddg 2.83290945561978 1.82511477322577 6.39534647245443
27I_b_ddg -0.0242257481525836 -0.0476628337896536 -0.0242257481525836
27L_b_ddg 0.0314893266660243 0.00805224102895427 0.0549264123030943
28I_b_ddg 0.038659216749688 0.038659216749688 0.038659216749688
28K_b_ddg -0.0911615616123447 -0.0911615616123447 -0.0911615616123447
28L_b_ddg 0.0376553590276273 0.0376553590276273 0.0376553590276273
28N_b_ddg -0.457453776499816 -0.598076290322236 -0.340268348314466
28R_b_ddg -0.189963806116589 -0.236837977390729 -0.143089634842449
28T_b_ddg -0.346185547432336 -0.369622633069406 -0.322748461795266
28V_b_ddg -0.083434203874038 -0.083434203874038 -0.083434203874038
29A_b_ddg 0.21880801773753 0.17193384646339 0.26568218901167
29E_b_ddg 0.0128275442943581 -0.0106095413427119 0.0362646299314281
29F_b_ddg -1.47797241959997 -2.93107172909831 -0.563926079754239
29G_b_ddg -0.00620260182740454 -0.0296396874644746 0.0172344838096655
29H_b_ddg -0.105894515371902 -0.199642857920182 -0.0355832584606919
29N_b_ddg -0.0334659458639088 -0.0569030315009788 -0.0100288602268388
29V_b_ddg -0.381136432607294 -0.404573518244364 -0.357699346970224
29Y_b_ddg 0.406292057529366 0.359417886255226 0.453166228803506
2C_b_ddg -0.238171876051199 -0.261608961688269 -0.214734790414129
2D_b_ddg 0.0534817697934371 -0.016829487117773 0.123793026704647
2F_b_ddg -0.00195949741599345 -0.0253965830530635 0.0214775882210766
2H_b_ddg -0.174224331194187 -0.197661416831257 -0.150787245557117
2I_b_ddg 0.0645497820209599 -0.0995098174385304 0.20517229584338
2N_b_ddg -0.10942526739719 -0.13286235303426 -0.08598818176012
2S_b_ddg -0.133629285666896 -0.203940542578106 -0.0633180287556859
30D_b_ddg -0.00603139349589934 -0.0294684791329694 0.0174056921411707
30H_b_ddg -0.111568365111429 -0.181879622022639 -0.0412571082002189
30I_b_ddg 0.132999873346786 0.132999873346786 0.132999873346786
30K_b_ddg 0.111917558583054 0.088480472945984 0.135354644220124
30S_b_ddg -0.0869144207462979 -0.110351506383368 -0.0634773351092279
30T_b_ddg 0.223177874785714 0.199740789148644 0.270052046059854
30Y_b_ddg -0.110241397055439 -0.133678482692509 -0.086804311418369
31A_b_ddg -0.00545276654789401 -0.0523269378220341 0.0414214047262461
31I_b_ddg -0.417149007983976 -0.604645693080536 -0.253089408524486
31L_b_ddg -0.358136268070875 -0.381573353707945 -0.334699182433805
31P_b_ddg 0.393018053462739 0.322706796551529 0.439892224736879
31T_b_ddg -0.0407278853373152 -0.0407278853373152 -0.0407278853373152
32A_b_ddg 1.50591427128865 1.36529175746623 1.66997387074814
32E_b_ddg 0.921918533202898 0.898481447565828 0.945355618839968
32F_b_ddg 0.989288816672313 0.0283683055524416 4.55172583350696
32G_b_ddg 1.37369812376832 1.32682395249418 1.42057229504246
32H_b_ddg 0.465185563689708 0.418311392415568 0.512059734963848
32N_b_ddg 0.195102963029871 0.171665877392801 0.218540048666941
32V_b_ddg 0.959403160596883 0.865654818048603 1.05315150314516
32Y_b_ddg 0.88879768339599 0.84192351212185 0.93567185467013
33A_b_ddg -0.0665532539937286 -0.0899903396307986 -0.0431161683566586
33H_b_ddg 0.0228937570998705 -0.000543328537199534 0.0463308427369405
33I_b_ddg 0.0134526087148127 -0.197481162018818 0.200949293811373
33L_b_ddg -0.113754416300273 -0.113754416300273 -0.113754416300273
33N_b_ddg 0.0671817206497993 -0.167189135720901 0.25467840574636
33R_b_ddg 0.116083703283385 0.0692095320092449 0.162957874557525
33S_b_ddg 0.074555000268428 0.074555000268428 0.074555000268428
33T_b_ddg 0.0895180758906136 0.0660809902535436 0.112955161527684
33Y_b_ddg -0.20149131746745 -0.36555091692694 -0.0608688036450298
34D_b_ddg -0.0550064033320947 -0.0550064033320947 -0.0550064033320947
34H_b_ddg -0.113117725294973 -0.183428982206183 -0.0662435540208329
34I_b_ddg 0.729223723707105 0.705786638070035 0.752660809344175
34K_b_ddg 1.44229088666557 1.39541671539143 1.48916505793971
34S_b_ddg 0.592396603079216 0.568959517442146 0.615833688716286
34T_b_ddg 0.743738033146719 0.696863861872579 0.790612204420859
34Y_b_ddg 0.268657742343179 0.268657742343179 0.268657742343179
35C_b_ddg 2.13879174281009 2.02160631462474 2.27941425663251
35G_b_ddg 2.61384935766596 1.67636593218316 6.17628637450061
35K_b_ddg 2.6474491392943 1.45215777180373 6.20988615612895
35L_b_ddg 1.82080285090659 1.75049159399538 1.86767702218073
35M_b_ddg 3.01511488501008 1.89013477443072 6.57755190184472
35R_b_ddg 2.15177554023803 2.08146428332682 2.22208679714924
35S_b_ddg 1.63456457584097 1.51737914765562 1.75175000402632
35Y_b_ddg 2.84371393945143 1.695296743235 6.40615095628608
36C_b_ddg 0.515184055553817 0.491746969916747 0.538621141190887
36G_b_ddg 0.523626057797061 0.476751886522921 0.570500229071201
36L_b_ddg 0.532502379649306 0.532502379649306 0.532502379649306
36M_b_ddg 0.705767462421748 0.471396606051048 0.940138318792448
36R_b_ddg 1.64563349781411 1.55188515526583 1.76281892599946
36S_b_ddg 0.370740437203616 0.300429180292406 0.441051694114826
36Y_b_ddg 0.553663185218644 0.366166500122084 0.741159870315204
37E_b_ddg -0.767367977473787 -0.814242148747927 -0.720493806199647
37I_b_ddg -0.577537632773487 -0.600974718410557 -0.554100547136417
37L_b_ddg -0.137336202238021 -0.465455401157002 0.0970346541326793
37N_b_ddg -0.576436415339653 -0.599873500976723 -0.552999329702583
37Q_b_ddg -0.524672059450643 -0.571546230724783 -0.477797888176503
37R_b_ddg -0.138870665263147 -0.162307750900217 -0.138870665263147
37T_b_ddg -0.793109652954454 -0.863420909865664 -0.746235481680314
37Y_b_ddg -0.152725956920402 -0.410533898928172 0.0347707281761583
38A_b_ddg -0.4556120105128 -0.59623452433522 -0.31498949669038
38C_b_ddg 0.538982902405687 -0.164129666706414 4.10141991924033
38E_b_ddg 0.424320589092396 0.307135160907046 0.541506017277746
38L_b_ddg 1.01316430403999 0.145992135468399 4.57560132087464
38R_b_ddg 1.07278769732026 0.93216518349784 1.23684729677975
38V_b_ddg -0.154714665392404 -0.225025922303614 -0.0844034084811939
39D_b_ddg -0.221538228758806 -0.244975314395876 -0.198101143121736
39G_b_ddg -0.270717894574854 -0.317592065848994 -0.247280808937784
39P_b_ddg 1.15208381372979 0.89427587172202 1.4567659270117
39S_b_ddg -0.0898768357608408 -0.113313921397911 -0.0664397501237708
39T_b_ddg 0.0989890471102497 0.0755519614731797 0.12242613274732
39V_b_ddg 0.0357287602590808 0.0357287602590808 0.0357287602590808
3A_b_ddg 0.00517806313163369 -0.0182590225054363 0.00517806313163369
3D_b_ddg 1.60881263389104 1.46819012006862 1.77287223335053
3F_b_ddg -0.00381755877125827 -0.0272546444083283 0.0196195268658118
3G_b_ddg -0.112047199543038 -0.158921370817178 -0.0651730282688979
3I_b_ddg 0.302619025406749 0.302619025406749 0.326056111043819
3L_b_ddg -0.132496764451148 -0.179370935725288 -0.0856225931770079
3N_b_ddg 0.240189261966315 -0.111367022589736 0.708930974707716
40F_b_ddg -0.127748612066383 -0.151185697703453 -0.104311526429313
40G_b_ddg -0.162592049865874 -0.209466221140014 -0.115717878591734
40H_b_ddg -0.153894508841895 -0.271079937027245 -0.0601461662936149
40N_b_ddg -0.397181397363026 -0.608115168096656 -0.209684712266466
40R_b_ddg -0.0949536296180967 -0.0949536296180967 -0.0949536296180967
40S_b_ddg -0.136001553011695 -0.159438638648765 -0.112564467374625
40W_b_ddg -0.0396068095358126 -0.0864809808099527 0.0307044473753975
40Y_b_ddg -0.268995001445206 -0.292432087082276 -0.245557915808136
41D_b_ddg -0.228928237096459 -0.299239494007669 -0.182054065822319
41I_b_ddg -0.68771567552534 -1.20333155954088 -0.289285219695149
41L_b_ddg -0.367867409880226 -0.367867409880226 -0.367867409880226
41N_b_ddg -0.098636388079454 -0.122073473716524 -0.075199302442384
41P_b_ddg 0.414437306965513 0.273814793143093 0.555059820787933
41Q_b_ddg -0.125084139435072 -0.148521225072142 -0.101647053798002
41R_b_ddg 0.18207299143837 0.1586359058013 0.20551007707544
41Y_b_ddg -0.256029520224942 -0.279466605862012 -0.232592434587872
42A_b_ddg -0.158122198932849 -0.181559284569919 -0.134685113295779
42E_b_ddg -0.144378789521938 -0.167815875159008 -0.120941703884868
42L_b_ddg -0.370242063369356 -0.510864577191776 -0.229619549546936
42M_b_ddg -0.132402334611426 -0.273024848433846 0.00822017921099422
42R_b_ddg -0.1410440329613 -0.1410440329613 -0.1410440329613
42V_b_ddg 0.0521444689158451 0.0287073832787751 0.0755815545529151
42W_b_ddg -0.187884683046518 -0.211321768683588 -0.164447597409448
43E_b_ddg -0.230915853622061 -0.277790024896201 -0.184041682347921
43H_b_ddg -0.0796309170476856 -0.103068002684756 -0.0796309170476856
43K_b_ddg 0.29908072844006 0.27564364280299 0.32251781407713
43L_b_ddg -0.0855601170330473 -0.0855601170330473 -0.0855601170330473
43P_b_ddg 0.527593548093351 0.386971034270931 0.691653147552841
43R_b_ddg 0.160943399303645 0.137506313666575 0.184380484940715
44A_b_ddg 0.124597756167308 0.101160670530238 0.148034841804378
44I_b_ddg 0.0552519043812586 0.0318148187441886 0.0786889900183286
44K_b_ddg -0.380306657658735 -0.731862942214786 -0.145935801288035
44N_b_ddg -0.232805963175537 -0.279680134449677 -0.185931791901397
44P_b_ddg -0.18496563293241 -0.23183980420655 -0.13809146165827
44S_b_ddg -0.112490519965602 -0.112490519965602 -0.112490519965602
45A_b_ddg 0.602608618458984 0.532297361547774 0.672919875370194
45C_b_ddg 1.14630692186714 1.07599566495593 1.19318109314128
45D_b_ddg 1.41379682355787 1.32004848100959 1.48410808046908
45F_b_ddg 1.8388912218416 0.924844881995869 5.40132823867625
45H_b_ddg 1.89752750910166 0.842858655433508 5.45996452593631
45I_b_ddg 1.61260701918039 0.557938165512238 5.17504403601504
45N_b_ddg 1.40200132954344 0.394206647149428 4.96443834637808
45R_b_ddg 0.762685438910126 0.622062925087706 0.926745038369616
45S_b_ddg 1.19102700191985 1.12071574500864 1.26133825883106
45V_b_ddg 0.661113863224384 0.614239691950244 0.707988034498524
45Y_b_ddg 0.992651458763223 0.312975975288192 4.55508847559787
46I_b_ddg 0.15007331340129 0.12663622776422 0.17351039903836
46K_b_ddg 1.93243182529733 1.86212056838612 2.00274308220854
46L_b_ddg -0.427896176095635 -0.451333261732705 -0.404459090458565
46R_b_ddg 2.20574303876289 1.99480926802926 2.53386223768187
46T_b_ddg 0.0934341840606692 0.0934341840606692 0.0934341840606692
46V_b_ddg 0.0925707126307633 0.0925707126307633 0.0925707126307633
47C_b_ddg 3.60453578742756 2.59674110503355 7.1669728042622
47I_b_ddg 0.221569888778563 0.198132803141493 0.245006974415633
47L_b_ddg -0.20612502474688 -0.22956211038395 -0.18268793910981
47S_b_ddg 0.935117326631048 0.864806069719838 1.00542858354226
47V_b_ddg 0.504492578201469 0.457618406927329 0.551366749475609
47Y_b_ddg -0.308121301950489 -0.378432558861699 -0.237810045039279
48A_b_ddg 0.547389631173253 0.477078374262043 0.617700888084463
48H_b_ddg 1.84283256661109 1.79595839533695 1.88970673788523
48L_b_ddg 1.54857165226358 1.47826039535237 1.61888290917479
48Q_b_ddg -0.136722548808357 -0.324219233904917 0.0273370506511333
48R_b_ddg 1.43443592374384 1.36412466683263 1.52818426629212
48S_b_ddg 1.12401750727159 1.07714333599745 1.17089167854573
48T_b_ddg 1.04659989388928 0.97628863697807 1.11691115080049
49C_b_ddg -0.287577103166976 -0.287577103166976 -0.287577103166976
49F_b_ddg -0.46973925592598 -0.774421369207891 -0.23536839955528
49G_b_ddg -0.294718127342556 -0.365029384253766 -0.247843956068416
49H_b_ddg -0.297221748715849 -0.297221748715849 -0.297221748715849
49L_b_ddg -0.528172064834145 -0.551609150471215 -0.504734979197075
49N_b_ddg -0.461739357765309 -0.719547299773079 -0.274242672668749
49P_b_ddg 1.05812145962651 1.01124728835237 1.10499563090065
49S_b_ddg -0.399810664711374 -0.423247750348444 -0.376373579074304
49Y_b_ddg -0.388026706894837 -0.669271734539677 -0.177092936161207
4E_b_ddg -0.274473376145319 -0.321347547419459 -0.251036290508249
4H_b_ddg -0.171785972326391 -0.171785972326391 -0.171785972326391
4K_b_ddg 0.0173465459877876 -0.00609053964928244 0.0407836316248576
4L_b_ddg 0.233335038336572 0.233335038336572 0.233335038336572
4M_b_ddg 1.14890800217516 1.03172257398981 1.28953051599758
4P_b_ddg 0.975909701873686 0.718101759865916 1.32746598642974
4R_b_ddg -0.0707245948304992 -0.0941616804675692 -0.0707245948304992
4T_b_ddg 0.0712399174321394 -0.186568024575631 0.28217368816577
50C_b_ddg 0.617527743264928 0.406593972531298 0.805024428361488
50D_b_ddg 0.0390541759786276 0.0156170903415576 0.0624912616156976
50F_b_ddg 0.751808346508112 0.564311661411552 0.939305031604672
50H_b_ddg 0.367563492195844 0.320689320921704 0.414437663469984
50I_b_ddg 0.759177388920256 0.735740303283186 0.759177388920256
50K_b_ddg 0.984176920185998 0.960739834548928 0.984176920185998
50S_b_ddg 0.322180289203579 0.298743203566509 0.345617374840649
50T_b_ddg 0.164020627727536 0.117146456453396 0.187457713364606
50Y_b_ddg 0.722183326845548 0.698746241208478 0.722183326845548
51C_b_ddg 1.83990226119907 1.76959100428786 1.93365060374735
51D_b_ddg 1.41705834069927 0.854568285409589 4.97949535753392
51F_b_ddg 0.328050639880943 0.328050639880943 0.328050639880943
51H_b_ddg -0.346022622938153 -0.369459708575223 -0.322585537301083
51I_b_ddg 2.95626904639662 2.04222270655089 6.51870606323127
51L_b_ddg 1.96190985733152 1.30567145949356 3.01657871099967
51N_b_ddg 2.60775353834682 2.34994559633905 3.31086610745892
51S_b_ddg 3.31272484228813 2.21118181734584 6.87516185912277
52A_b_ddg -0.00281521921542554 -0.0262523048524956 0.0206218664216445
52D_b_ddg 1.8135978307925 1.69641240260715 1.93078325897785
52E_b_ddg 1.5319559896505 0.500724221619418 5.09439300648515
52F_b_ddg 0.76445432095436 0.71758014968022 0.8113284922285
52G_b_ddg -0.0877008463276583 -0.158012103238868 -0.0173895894164482
52I_b_ddg -0.177636642582841 -0.177636642582841 -0.154199556945771
52L_b_ddg 0.720366501926013 0.650055245014803 0.790677758837223
52Y_b_ddg -0.171431366793787 -0.593298908261048 1.00042291505971
53A_b_ddg -0.0816831115119557 -0.105120197149026 -0.0582460258748857
53I_b_ddg 0.298327631277483 0.298327631277483 0.298327631277483
53N_b_ddg -0.0262491429717946 -0.0731233142459347 0.0206250283023455
53P_b_ddg 1.45305782018982 1.21868696381912 1.80461410474587
53S_b_ddg -0.0542267399910618 -0.0542267399910618 -0.0542267399910618
54A_b_ddg 0.0904955483028229 0.0436213770286828 0.137369719576963
54H_b_ddg -0.118879827030904 -0.142316912667974 -0.118879827030904
54L_b_ddg -0.0962456225544097 -0.11968270819148 -0.0728085369173397
54N_b_ddg 0.168353891207541 -0.0894540508002294 0.379287661941171
54Q_b_ddg -0.148267900232186 -0.406075842239956 0.0392287848643743
54R_b_ddg -0.0682666420447959 -0.138577898956006 -0.0213924707706558
54S_b_ddg 0.0236927045107734 0.000255618873703366 0.0471297901478434
54T_b_ddg 0.00136990408002193 -0.0220671815570481 0.024806989717092
55A_b_ddg 0.294706945456559 0.294706945456559 0.294706945456559
55E_b_ddg 0.0314149034936375 0.0314149034936375 0.0314149034936375
55G_b_ddg 0.294071059252016 0.247196887977876 0.340945230526156
55L_b_ddg 0.0802799580589148 0.0568428724218448 0.103717043695985
55M_b_ddg 0.131039906822415 0.131039906822415 0.131039906822415
55P_b_ddg 0.251262929588315 0.0403291588546847 0.415322529047805
55S_b_ddg 0.013550001096552 -0.291132112185358 0.224483771830182
55T_b_ddg -0.00571088995038163 -0.0994592324986618 0.0880374525978985
56D_b_ddg 0.0133307884353098 -0.0101062972017602 0.0367678740723798
56F_b_ddg -0.0947985944263302 -0.329169450797031 0.0926980906702301
56H_b_ddg 0.0569810768605272 0.0101069055863871 0.103855248134667
56I_b_ddg 0.0762219631420127 0.0527848775049427 0.0762219631420127
56K_b_ddg 0.0258623276202349 0.00242524198316486 0.0492994132573049
56S_b_ddg 0.0604957976462423 0.0370587120091723 0.0839328832833123
56T_b_ddg -0.0985054457883257 -0.145379617062466 -0.0516312745141856
56Y_b_ddg -0.0961433465423103 -0.0961433465423103 -0.0961433465423103
5D_b_ddg 0.699530685309572 0.629219428398362 0.769841942220782
5E_b_ddg -1.38637133541342 -1.62074219178412 -1.17543756467979
5G_b_ddg -0.261571925026531 -0.308446096300671 -0.214697753752391
5P_b_ddg 0.42914985137064 0.33540150882236 0.52289819391892
5S_b_ddg -0.317435706831402 -0.340872792468472 -0.293998621194332
5T_b_ddg 0.115244466597186 0.091807380960116 0.138681552234256
5V_b_ddg 0.977968395359883 0.884220052811603 1.07171673790816
6F_b_ddg -0.305280425543447 -0.375591682454657 -0.258406254269307
6H_b_ddg 0.348847631081416 0.325410545444346 0.372284716718486
6I_b_ddg 0.188682341223759 0.165245255586689 0.212119426860829
6P_b_ddg 1.46565534999383 1.32503283617141 1.60627786381625
6R_b_ddg 0.217506724033668 0.147195467122458 0.287817980944878
6V_b_ddg 0.0676311227667366 -0.0495543054186136 0.161379465315017
7C_b_ddg 1.78422755496214 1.69047921241386 1.90141298314749
7I_b_ddg 2.42154807968753 2.32779973713925 2.53873350787288
7L_b_ddg 1.87846758848927 1.83159341721513 1.92534175976341
7S_b_ddg 1.70561345026875 1.65873927899461 1.75248762154289
7V_b_ddg 2.54035471185903 2.30598385548833 2.96222225332629
7Y_b_ddg -0.117082800260869 -0.117082800260869 -0.117082800260869
8A_b_ddg -0.23295603175249 -0.27983020302663 -0.18608186047835
8C_b_ddg -0.576857342191395 -0.694042770376745 -0.459671914006045
8E_b_ddg -0.187708404472736 -0.187708404472736 -0.164271318835666
8G_b_ddg -0.236467533241688 -0.259904618878758 -0.213030447604618
8H_b_ddg -0.354502775808482 -0.401376947082622 -0.307628604534342
8N_b_ddg -0.176584430600669 -0.200021516237739 -0.153147344963599
8V_b_ddg 0.531960253555908 0.485086082281768 0.578834424830048
8Y_b_ddg 0.602710195144306 0.555836023870166 0.649584366418446
9C_b_ddg 3.8281733018595 2.46882233490944 7.39061031869415
9H_b_ddg 2.39288323133967 1.40852563458273 5.95532024817432
9I_b_ddg 1.88759552629107 1.74697301246865 2.05165512575056
9L_b_ddg 1.58193385096209 1.53505967968795 1.60537093659916
9P_b_ddg 1.50035858072059 0.445689727052438 5.06279559755524
9S_b_ddg 1.81459067359706 1.74427941668585 1.88490193050827
9T_b_ddg 2.09878469804401 1.18473835819828 5.66122171487866
9V_b_ddg 4.95448143741444 3.75919006992387 8.51691845424909
9Y_b_ddg 2.15250579372967 2.08219453681846 2.22281705064088
b_dgwt -0.937122792514179 -0.960559878151249 -0.913685706877109
b_fwt 0.983129058749775 0.983129058749775 0.983129058749775
b_f0 0.190350129954069 0.190350129954069 0.190350129954069
s_dgwt -1.17695262347485 -1.17695262347485 -1.17695262347485
s_fwt 1.03075362977329 1.03075362977329 1.03075362977329
s_f0 0.0495950711400139 0.0495950711400139 0.0495950711400139
