par value lower upper
10A_s_ddg 4.1618540985471 -3.39787989905661 11.7215880961508
10E_s_ddg -0.0748050788336766 -0.174275263012673 0.0246651053453195
10G_s_ddg 1.4865641926253 1.28762382426731 1.68550456098329
10H_s_ddg 0.820209975942179 -6.73952402166153 8.37994397354589
10N_s_ddg 0.69148079944865 0.343335154822164 0.94015625989614
10V_s_ddg -0.0677838515312004 -0.266724219889193 0.0814214247372938
10Y_s_ddg -1.01088002602202 -8.57061402362573 1.42613948636339
11A_s_ddg -0.912724434437522 -8.47245843204123 0.33065286779993
11H_s_ddg 1.13586460971048 1.03639442553148 1.23533479388948
11L_s_ddg 1.98513361230798 1.73645815186049 2.23380907275547
11Q_s_ddg 0.732692374784815 -6.82704162281889 8.29242637238852
11R_s_ddg 0.753604673090673 -6.80612932451303 1.40016087025415
11S_s_ddg 1.05051571292292 0.752105160385931 1.34892626545991
11T_s_ddg 1.91147491297343 1.66279945252594 2.16015037342092
12E_s_ddg -0.63904953778651 -8.19878353539022 6.9206844598172
12H_s_ddg 0.364456931910064 0.264986747731068 0.414192023999562
12K_s_ddg 0.369386628543003 0.269916444364007 0.468856812721999
12L_s_ddg 0.452155748889605 0.352685564710609 0.551625933068601
12P_s_ddg -2.6412005319828 -10.2009345295865 -0.253916111686892
12R_s_ddg 0.275392208191905 -0.221958712703076 0.573802760728893
13A_s_ddg 0.855070912758487 -6.70466308484522 8.41480491036219
13D_s_ddg 0.354424886013507 0.205219609745013 0.503630162282001
13G_s_ddg 1.49712700597933 0.999776085084349 2.2431533873218
13K_s_ddg 1.86472198571608 1.16843069646311 2.61074836705855
13Q_s_ddg 4.64639788513689 2.45805383319898 12.2061318827406
13V_s_ddg 0.614231274777125 0.315820722240137 0.862906735224615
14A_s_ddg 0.807902710547245 -6.75183128705646 8.36763670815095
14E_s_ddg -0.272732692436457 -0.421937968704951 -0.123527416167963
14G_s_ddg 0.788698434749001 -0.802824512114937 1.28604935564398
14H_s_ddg 0.60998326551294 -6.94975073209077 8.16971726311665
14I_s_ddg 0.705984574334569 -6.85374942326914 8.26571857193828
14N_s_ddg 0.713154696114063 0.26553886730858 1.06130034074055
14V_s_ddg 0.439233717823782 0.389498625734284 0.48896880991328
14Y_s_ddg 0.712462600943014 0.56325732467452 0.861667877211508
15A_s_ddg 1.7710704760589 1.37318973934292 2.36789158113288
15E_s_ddg 1.08541584552206 0.737270200895573 1.38382639805905
15L_s_ddg 0.83779942744412 -6.72193457015959 4.46846114997748
15R_s_ddg 1.84269172626012 1.39507589745464 2.3897777392446
15S_s_ddg 0.681221492952019 -6.87851250465169 8.24095549055573
15V_s_ddg -1.20091799619447 -8.76065199379818 0.0921943981324798
16A_s_ddg 1.13372937406817 -6.42600462353554 8.69346337167188
16D_s_ddg 0.59243733564642 0.0950864147514393 1.23899353280989
16G_s_ddg 0.528934924238583 -7.03079907336512 1.82204731856553
16K_s_ddg -1.45874416819438 -9.01847816579809 1.575096449265
16Q_s_ddg 0.759571550563596 -6.80016244704011 8.3193055481673
16V_s_ddg -0.922130505571362 -8.48186450317507 0.470452072934584
17M_s_ddg 1.67830620239098 1.52910092612249 1.82751147865947
17P_s_ddg -0.568309606470045 -1.01592543527553 0.973478248304395
17Q_s_ddg -0.518478240511326 -8.07821223811503 0.774634153815624
17R_s_ddg 0.691270899602452 -6.86846309800125 8.25100489720616
17S_s_ddg 0.939885524822537 -6.61984847278117 8.49961952242624
17V_s_ddg 6.16706046142146 4.12792168575204 13.7267944590252
18A_s_ddg 4.8483802986994 2.90871170720898 12.4081142963031
18C_s_ddg 0.426687347572611 0.227746979214619 0.625627715930603
18D_s_ddg 0.888689169082664 0.789218984903668 0.98815935326166
18I_s_ddg 0.808162432966081 -6.75157156463763 8.36789643056979
18R_s_ddg 0.61632930595263 -6.94340469165108 8.17606330355634
18S_s_ddg 0.190900550849308 -0.00803981750868429 0.340105827117802
18V_s_ddg 1.4786343017794 1.13048865715291 1.92625013058488
19C_s_ddg 0.668462232770047 -6.89127176483366 8.22819623037375
19H_s_ddg 0.898631075055768 -6.66110292254794 8.45836507265948
19I_s_ddg 1.34180630778562 1.19260103151713 1.49101158405411
19L_s_ddg 1.48221981585025 1.38274963167125 1.58169000002925
19S_s_ddg 1.67016811104219 1.22255228223671 2.26698921611617
19V_s_ddg 0.90215999190233 -6.65757400570138 8.46189398950604
19Y_s_ddg 0.672897882881919 -6.88683611472179 1.81680500094037
1A_s_ddg 0.689309033571552 0.540103757303058 0.838514309840046
1I_s_ddg -0.17285326721516 -0.272323451394156 -0.123118175125662
1K_s_ddg -0.848916793235659 -8.40865079083937 1.38916235079175
1L_s_ddg 0.688093538444308 -6.8716404591594 8.24782753604801
1M_s_ddg 0.851201827403045 -6.70853217020066 8.41093582500675
1P_s_ddg -1.42021396706605 -8.97994796466976 0.967070453229858
1R_s_ddg -0.0529242292600631 -7.61265822686377 0.543896875813914
1S_s_ddg -0.0145273775783641 -0.0642624696678622 0.035207714511134
1V_s_ddg 0.609391780965224 -6.95034221663848 8.16912577856893
20C_s_ddg 0.678034354190086 0.429358893742596 0.876974722548078
20G_s_ddg 5.07760088757696 3.13793229608654 12.6373348851807
20H_s_ddg 0.328208872274515 0.228738688095519 0.427679056453511
20L_s_ddg 1.322834962384 0.0297225680570501 2.06886134372647
20P_s_ddg 0.804797883537422 -6.75493611406629 8.36453188114113
20Q_s_ddg 0.249233905683291 -7.31050009192042 7.808967903287
20S_s_ddg 0.470780500022872 0.371310315843876 0.570250684201868
21G_s_ddg 1.87741076910709 1.03191420358562 2.92184770298655
21H_s_ddg 0.799164758929478 -6.76056923867423 8.35889875653318
21K_s_ddg -0.320377182816704 -7.88011118042041 7.239356814787
21L_s_ddg 1.27525559538572 1.17578541120672 1.37472577956472
21M_s_ddg 0.680853776289757 -6.87888022131395 8.24058777389346
21P_s_ddg 2.78957435346881 2.59063398511082 3.0382498139163
21Q_s_ddg 0.362760399493975 0.263290215314979 0.462230583672971
21W_s_ddg 1.63897699991108 1.44003663155309 1.78818227617957
22A_s_ddg 0.826203457741419 -6.73353053986229 8.38593745534513
22C_s_ddg 0.690091944116553 -6.86964205348715 8.24982594172026
22E_s_ddg 2.11271810395915 2.01324791978015 2.21218828813815
22R_s_ddg 2.75578288808026 2.55684251972227 3.00445834852775
22V_s_ddg 0.65149210673459 -6.90824189086912 8.2112261043383
23A_s_ddg 0.696971641986672 0.0504154448231972 8.25670563959038
23E_s_ddg 0.481685098975675 0.431950006886177 0.531420191065173
23G_s_ddg 3.60700442852571 2.81124295509374 11.1667384261294
23H_s_ddg 4.82007891890396 2.97988051159253 12.3798129165077
23N_s_ddg 0.594383735642328 0.54464864355283 0.644118827731826
23V_s_ddg 1.72534028492105 1.47666482447356 1.97401574536854
23Y_s_ddg 1.20947303073503 0.761857201929548 1.60735376745101
24C_s_ddg -0.458277679965233 -8.01801167756894 2.07821201659917
24I_s_ddg -0.780390932456508 -0.879861116635504 -0.680920748277512
24L_s_ddg -0.186669633313004 -0.385610001670996 0.0122707350449883
24N_s_ddg 0.722037357454453 -6.83769664014925 8.28177135505816
24S_s_ddg 1.19150617682469 1.09203599264569 1.29097636100369
24T_s_ddg -0.028286954934326 -7.58802095253803 7.53144704266938
24V_s_ddg -2.49616816427259 -10.0559021618763 -0.208353928155679
24Y_s_ddg 0.0478161322613122 -0.00191895982818587 0.0975512243508103
25F_s_ddg 6.46601608207117 4.17820184595426 14.0257500796749
25L_s_ddg 0.840042136744458 -6.71969186085925 8.39977613434817
25M_s_ddg 0.69404651533339 -1.04668170779904 1.48980798876536
25N_s_ddg 0.966356685373038 0.66794613283605 1.31450232999952
25S_s_ddg 1.02426336824556 -6.53547062935815 8.58399736584927
25T_s_ddg -1.59275309167338 -9.15248708927709 0.0485049472800563
25V_s_ddg 3.79448269860148 3.346866869796 11.3542166962052
26D_s_ddg 4.7227011453428 2.48462200131539 12.2824351429465
26I_s_ddg 0.845488214081228 -6.71424578352248 8.40522221168493
26L_s_ddg -0.503946497193752 -0.603416681372748 -0.404476313014756
26N_s_ddg 0.769305381333863 0.669835197154867 0.868775565512859
26P_s_ddg 2.49482572854359 -5.06490826906012 10.0545597261473
26Q_s_ddg -0.680179178946872 -1.02832482357336 -0.530973902678378
26R_s_ddg -0.0597781309206182 -0.159248315099614 0.0396920532583779
26Y_s_ddg 0.196186938393304 -0.102223614143684 0.444862398840794
27A_s_ddg 2.44061795076819 2.1422073982312 2.73902850330518
27D_s_ddg 0.37220816144156 -0.174877851542919 0.819823990247043
27F_s_ddg 0.97932953183399 -6.58040446576972 8.5390635294377
27G_s_ddg -0.185504496988624 -7.74523849459233 7.37422950061508
27I_s_ddg 0.298600881868499 0.149395605600005 0.447806158136993
27L_s_ddg -0.714707339483842 -8.27444133708755 1.37416652827508
28I_s_ddg -1.32635404449725 -1.62476459703424 -1.12741367613926
28K_s_ddg 0.929029908051823 0.829559723872827 1.02850009223082
28L_s_ddg -0.731093716615608 -0.880298992884102 -0.581888440347114
28N_s_ddg 0.844270826192961 -6.71546317141075 8.40400482379667
28R_s_ddg 2.65879267656856 1.7138259268681 10.2185266741723
28T_s_ddg 0.31136991973004 0.112429551372048 0.510310288088032
28V_s_ddg 0.0611950887990107 -0.237215463737978 0.160665272978007
29A_s_ddg -2.52323038579604 -10.0829643833997 -0.0862108734106344
29E_s_ddg 0.878004438025732 0.67906406966774 1.07694480638372
29F_s_ddg 0.670254004269116 -6.88947999333459 8.22998800187282
29G_s_ddg 1.43457243360221 1.13616188106522 1.6832478940497
29H_s_ddg -0.380869097793635 -7.94060309539734 2.00641532250227
29N_s_ddg 1.34781686571303 1.19861158944454 1.49702214198152
29V_s_ddg 1.40589726398867 1.30642707980967 1.55510254025716
29Y_s_ddg 2.17389182158799 1.57707071651401 2.52203746621448
2C_s_ddg -3.33326980603237 -10.8930038036361 -0.647574833199474
2D_s_ddg 0.755329259367526 -6.80440473823618 8.31506325697123
2F_s_ddg 0.277495572567739 -0.120385164148246 0.575906125104727
2H_s_ddg 1.01596643789208 0.866761161623586 1.16517171416057
2I_s_ddg 0.692328476157355 -6.86740552144635 8.25206247376106
2N_s_ddg 0.963631482950975 0.864161298771979 1.06310166712997
2S_s_ddg 0.710146523837231 -6.84958747376648 8.26988052144094
30D_s_ddg 0.39378559416127 -0.153300418823209 0.741931238787757
30H_s_ddg 1.10710293732113 0.361076555978659 8.66683693492484
30I_s_ddg 1.05578670648001 1.00605161439051 1.10552179856951
30K_s_ddg 0.486365888255648 -0.0109850326393326 0.834511532882135
30S_s_ddg -0.230716997692013 -0.678332826497496 0.167163739023972
30T_s_ddg -0.864414073232466 -8.42414807083617 1.27419488661595
30Y_s_ddg 0.773256359454376 0.524580899006886 0.972196727812368
31A_s_ddg 0.686561993627232 -6.87317200397647 8.24629599123094
31I_s_ddg 0.723155596390318 -6.83657840121339 8.28288959399402
31L_s_ddg 1.75225661989839 1.65278643571939 1.85172680407739
31P_s_ddg 2.29885162248728 1.95070597786079 2.59726217502427
31T_s_ddg 0.546902285512742 0.497167193423244 0.59663737760224
32A_s_ddg 0.683605291552855 -6.87612870605085 8.24333928915656
32E_s_ddg 1.23863996688499 -0.203677703710454 2.23334180867495
32F_s_ddg 0.824042851385317 -6.73569114621839 8.38377684898902
32G_s_ddg -1.21951247224765 -8.77924646985136 0.720156119242775
32H_s_ddg 0.813901641243101 -6.74583235636061 8.37363563884681
32N_s_ddg 0.824670133099584 0.625729764741592 1.02361050145758
32V_s_ddg 3.18256326375201 2.58574215867803 10.7422972613557
32Y_s_ddg 2.96774259311343 2.56986185639745 3.36562332982941
33A_s_ddg 1.87910601255334 -0.309238039384575 9.43884001015705
33H_s_ddg 1.2470130318392 1.09780775557071 1.3464832160182
33I_s_ddg 0.634215493898399 -6.92551850370531 8.19394949150211
33L_s_ddg 0.917338334886715 0.867603242797217 1.01680851906571
33N_s_ddg 0.727037038732909 -6.8326969588708 8.28677103633662
33R_s_ddg 1.84925013049331 1.10322374915084 9.40898412809702
33S_s_ddg 0.80031876110966 0.750583669020162 0.899788945288656
33T_s_ddg 0.68994909419964 0.540743817931146 0.839154370468134
33Y_s_ddg 0.768785018713668 -6.79094897889004 8.32851901631737
34D_s_ddg 0.864426777265386 0.76495659308639 0.963896961444382
34H_s_ddg -2.19976362556064 -9.75949762316435 5.35997037204307
34I_s_ddg -0.445009553900327 -0.793155198526813 -0.196334093452837
34K_s_ddg -2.00656966800861 -9.56630366561232 0.132039291839807
34S_s_ddg 0.735192771080461 0.436782218543473 0.983868231527951
34T_s_ddg 0.805864243891193 -6.75386975371251 8.3655982414949
34Y_s_ddg -1.17935817118645 -2.4227354734239 -0.731742342380967
35C_s_ddg 2.02552924879504 -5.53420474880867 9.58526324639875
35G_s_ddg 1.23235090036527 -6.32738309723844 8.79208489796898
35K_s_ddg 0.980039884679617 -6.57969411292409 8.53977388228332
35L_s_ddg -1.01310562883984 -1.70939691809281 0.0810663971291177
35M_s_ddg 1.06459267869057 -6.49514131891314 8.62432667629428
35R_s_ddg 4.0550147937503 3.85607442539231 4.25395516210829
35S_s_ddg -1.07457811395606 -8.63431211155977 6.48515588364765
35Y_s_ddg 0.971675317985531 -6.58805867961818 8.53140931558924
36C_s_ddg 2.41215750544234 2.21321713708435 2.66083296588983
36G_s_ddg 3.29201196140611 2.44651539588464 10.8517459590098
36L_s_ddg 0.700023514470484 0.401612961933496 0.948698974917974
36M_s_ddg 0.779312753363613 -6.78042124424009 8.33904675096732
36R_s_ddg -1.46528514991792 -2.21131153126039 -0.271642939769966
36S_s_ddg 1.12920856408961 -6.4305254335141 8.68894256169332
36Y_s_ddg 0.636158726630568 -6.92357527097314 8.19589272423427
37E_s_ddg 0.303207526064455 0.203737341885459 0.402677710243451
37I_s_ddg -0.418841004235834 -0.51831118841483 -0.319370820056838
37L_s_ddg 0.664062345922577 -6.89567165168113 8.22379634352628
37N_s_ddg 1.27084620647093 1.17137602229193 1.37031639064993
37Q_s_ddg 2.89854265706878 2.3017215519948 10.4582766546725
37R_s_ddg 0.45906755169932 0.409332459609822 0.508802643788818
37T_s_ddg 6.89898904674843 4.76038008690001 14.4587230443521
37Y_s_ddg 0.717198348200973 -6.84253564940273 8.27693234580468
38A_s_ddg 0.682332648397582 -6.87740134920612 8.24206664600129
38C_s_ddg 0.82317477704442 -6.73655922055929 3.9564855786828
38E_s_ddg -1.16951448052561 -8.72924847812932 1.36697521603879
38L_s_ddg 0.914024197721092 -6.64570979988261 8.4737581953248
38R_s_ddg 2.60907506755255 2.06198905456807 3.35510144889502
38V_s_ddg -0.65121155035688 -8.21094554796059 1.93501323829702
39D_s_ddg 0.672816356208966 0.473875987850974 0.871756724566958
39G_s_ddg 3.43534408911608 -0.344522909685773 10.9950780867198
39P_s_ddg -2.038854643923 -9.59858864152671 5.8192899062177
39S_s_ddg -0.106135997148058 -7.66586999475177 0.391214923746923
39T_s_ddg -0.48552945157494 -0.73420491202243 -0.286589083216948
39V_s_ddg -0.152920879486839 -0.252391063665835 -0.0534506953078429
3A_s_ddg 0.470714972528743 0.371244788349747 0.570185156707739
3D_s_ddg 1.05143743128368 -0.49035042349076 1.84719890471565
3F_s_ddg 1.08550947602139 0.787098923484401 1.33418493646888
3G_s_ddg 1.50267539856138 0.607443740950415 1.95029122736686
3I_s_ddg 0.139972601627963 0.0405024174489668 0.239442785806959
3L_s_ddg 4.19862893623257 1.86107960802616 11.7583629338363
3N_s_ddg 0.773161085864616 -6.78657291173909 8.33289508346832
40F_s_ddg 1.95449821410887 1.85502802992987 2.05396839828787
40G_s_ddg 0.912601622249925 -6.64713237535378 8.47233561985363
40H_s_ddg 0.887109286383081 -6.67262471122063 8.44684328398679
40N_s_ddg 0.768562451324847 -6.79117154627886 8.32829644892855
40R_s_ddg 0.849105962609947 0.699900686341453 0.948576146788943
40S_s_ddg 1.05256510864463 0.853624740286638 1.25150547700262
40W_s_ddg 2.69172238076939 1.69702053897943 10.2514563783731
40Y_s_ddg 1.70665056781228 1.65691547572278 1.75638565990178
41D_s_ddg 0.769016341732456 -6.79071765587125 8.32875033933616
41I_s_ddg 0.740789629387386 -6.81894436821632 8.30052362699109
41L_s_ddg 1.43069977279914 1.38096468070964 1.53016995697814
41N_s_ddg -0.162004302253337 -0.410679762700827 0.0369360661046553
41P_s_ddg 1.18251228421413 -6.37722171338958 8.74224628181784
41Q_s_ddg -0.597337783390065 -8.15707178099377 -0.249192138763579
41R_s_ddg -2.26862302322019 -9.8283570208239 -0.677100076356252
41Y_s_ddg 1.26366389797076 1.11445862170227 1.41286917423925
42A_s_ddg -3.03697930628337 -10.5967133038871 -0.599959793897964
42E_s_ddg 1.26482974412387 1.16535955994487 1.36429992830287
42L_s_ddg 0.717277698497173 -6.84245629910653 8.27701169610088
42M_s_ddg 0.666396794561923 -6.89333720304178 8.22613079216563
42R_s_ddg 1.24942804367176 1.14995785949276 1.34889822785076
42V_s_ddg 2.47684878261717 2.37737859843817 2.62605405888566
42W_s_ddg 1.74778529043133 1.59858001416284 1.89699056669982
43E_s_ddg -0.227806884609214 -7.78754088221292 7.33192711299449
43H_s_ddg -5.8507501383844 -13.4104841359881 -2.71743933674602
43K_s_ddg -2.89448912211297 -10.4542231197167 -0.905085438533047
43L_s_ddg 0.614464857207345 0.514994673028349 0.713935041386341
43P_s_ddg -0.0714334458156305 -7.63116744341934 2.21638079030128
43R_s_ddg -0.96218976896548 -1.31033541359197 -0.663779216428492
44A_s_ddg 0.957887230222552 0.560006493506567 1.30603287484904
44I_s_ddg -0.754122329266126 -1.15200306598211 -0.405976684639639
44K_s_ddg -0.632233775363952 -8.19196777296766 6.92750022223975
44N_s_ddg 2.41544637901581 1.76889018185234 3.45988331289527
44P_s_ddg 2.81149777949348 -4.74823621811023 10.3712317770972
44S_s_ddg 0.718940928935909 0.619470744756913 0.818411113114905
45A_s_ddg 2.82145284173984 1.2796649869654 4.26377051233528
45C_s_ddg -1.28117068561457 -1.82825669859905 0.310352261249368
45D_s_ddg 0.0872138682660249 -0.260931776360462 0.634299881250504
45F_s_ddg 0.93599203921767 -6.62374195838604 8.49572603682138
45H_s_ddg 1.21864952173361 -6.3410844758701 8.77838351933732
45I_s_ddg 0.948153798695358 -6.61158019890835 8.50788779629906
45N_s_ddg 1.1519145589618 -6.40781943864191 8.71164855656551
45R_s_ddg 0.78807939899994 -6.77165459860377 8.34781339660365
45S_s_ddg -1.14662666507693 -1.8926530464194 -0.10218973119747
45V_s_ddg 2.53144559713201 1.03939283444707 10.0911795947357
45Y_s_ddg 0.913738419787725 -6.64599557781598 8.77188296992842
46I_s_ddg 0.482218347049164 0.183807794512176 0.730893807496654
46K_s_ddg -0.84561473714957 -8.40534873475328 0.895113485982862
46L_s_ddg -0.302390331799547 -0.451595608068041 -0.252655239710049
46R_s_ddg 0.721831981374755 -6.83790201622895 8.28156597897846
46T_s_ddg 0.978949778716869 0.829744502448375 1.12815505498536
46V_s_ddg -0.0819508382510779 -0.330626298698568 0.116989530106914
47C_s_ddg 3.44354234881471 -4.116191648789 11.0032763464184
47I_s_ddg 1.62068753165478 1.47148225538629 1.76989280792327
47L_s_ddg 1.56743927253272 1.46796908835372 1.66690945671172
47S_s_ddg 0.788347670658741 -6.77138632694497 2.47934080170168
47V_s_ddg 0.976044898612899 -6.58368909899081 8.53577889621661
47Y_s_ddg 1.90612229112883 1.75691701486034 2.05532756739732
48A_s_ddg 0.716128221281957 -6.84360577632175 8.27586221888566
48H_s_ddg -1.3813929106968 -8.94112690830051 0.259865128256636
48L_s_ddg 6.05089521281164 2.91758441117326 13.6106292104153
48Q_s_ddg 0.661537031679452 -6.89819696592425 8.22127102928316
48R_s_ddg -0.801963769137031 -8.36169776674074 6.75777022846668
48S_s_ddg 2.12929917817171 1.58221316518723 3.07426592787217
48T_s_ddg -2.16419737670221 -9.72393137430592 0.620967780309682
49C_s_ddg 0.372264551573832 0.322529459484334 0.42199964366333
49F_s_ddg 0.718517088278667 -6.84121690932504 8.27825108588237
49G_s_ddg 0.250392153542995 -7.30934184406071 7.8101261511467
49H_s_ddg 1.16293190681542 1.11319681472592 1.26240209099442
49L_s_ddg 1.46767797903232 1.36820779485332 1.56714816321132
49N_s_ddg -0.38632344393192 -7.94605744153563 7.17341055367179
49P_s_ddg 4.66402600279242 2.82382759548099 12.2237600003961
49S_s_ddg -0.5631150455844 -0.712320321852894 -0.413909769315906
49Y_s_ddg 0.658433858596982 -6.90130013900673 8.21816785620069
4E_s_ddg 0.336601612167733 -0.60836513753273 0.734482348883718
4H_s_ddg 0.9185473900205 0.819077205841504 1.0180175741995
4K_s_ddg 0.32884881445399 0.229378630274994 0.428318998632986
4L_s_ddg 0.282265590338297 0.182795406159301 0.381735774517293
4M_s_ddg 0.714456930981283 -6.84527706662242 8.27419092858499
4P_s_ddg 0.388840792210716 -7.17089320539299 7.94857478981442
4R_s_ddg -0.0823020059082088 -0.430447650534695 0.166373454539282
4T_s_ddg 0.68479492164145 -6.87493907596226 8.24452891924516
50C_s_ddg 0.700666041038392 -6.85906795656531 8.2604000386421
50D_s_ddg 0.0698754860382624 -0.0295946981407337 0.169345670217259
50F_s_ddg 0.653333559547376 -6.90640043805633 8.21306755715108
50H_s_ddg -1.94457151528233 -9.50430551288604 0.492447997103076
50I_s_ddg 0.169519276830357 -0.128891275706631 0.368459645188349
50K_s_ddg 0.290056587134565 -0.10782414958142 0.588467139671554
50S_s_ddg -0.813431609950481 -8.37316560755419 -0.3160806890555
50T_s_ddg -0.835318053827425 -8.39505205143113 0.507529432589023
50Y_s_ddg 0.313867945535164 0.16466266926667 0.41333812971416
51C_s_ddg 1.68235410445824 -5.87737989314547 3.52255251176967
51D_s_ddg 0.78104214970226 -6.77869184790145 8.34077614730597
51F_s_ddg -0.0218234423587015 -0.171028718627196 0.0776467418202946
51H_s_ddg 0.339038931303105 0.140098562945113 0.537979299661097
51I_s_ddg 0.879703676932841 -6.68003032067087 8.43943767453655
51L_s_ddg 0.727415566130856 -6.83231843147285 8.28714956373456
51N_s_ddg -0.658177521943143 -8.21791151954685 1.48043143790527
51S_s_ddg 0.490831559997191 -7.06890243760652 8.0505655576009
52A_s_ddg 1.10675093165165 1.00728074747265 1.20622111583065
52D_s_ddg 1.28593556765671 0.340968817956247 2.03196194899918
52E_s_ddg 1.10084487684957 -6.45888912075414 8.66057887445328
52F_s_ddg 1.61440394774477 1.21652321102879 2.06201977655025
52G_s_ddg 0.862309358664596 -6.69742463893911 8.4220433562683
52I_s_ddg 1.15054748528716 1.00134220901867 1.29975276155565
52L_s_ddg 4.05565170169588 1.12128126841549 11.6153856992996
52Y_s_ddg 0.754319457450835 -6.80541454015287 8.51299382341253
53A_s_ddg 0.656403728177266 0.407728267729776 0.855344096535258
53I_s_ddg 1.00898505052055 0.909514866341554 1.10845523469955
53N_s_ddg -0.713237107063274 -8.27297110466698 0.778815655621668
53P_s_ddg 3.82837199761851 1.29188230105411 11.3881059952222
53S_s_ddg 0.340479925868728 0.191274649600234 0.489685202137222
54A_s_ddg -1.56990096615967 -9.12963496376338 1.06605891458373
54H_s_ddg 0.0800737171256113 -0.467012295858867 0.3784842696626
54L_s_ddg 0.0996049736460638 -0.248540670980423 0.348280434093554
54N_s_ddg 0.867746092132747 -6.69198790547096 8.42748008973645
54Q_s_ddg 0.617560746017198 -6.94217325158651 8.17729474362091
54R_s_ddg 0.688358872332031 -6.87137512527168 8.24809286993574
54S_s_ddg 0.737295716052896 0.488620255605406 0.985971176500386
54T_s_ddg 1.61768839047151 1.51821820629251 1.71715857465051
55A_s_ddg 0.4793794267287 0.379909242549704 0.578849610907696
55E_s_ddg 0.91113872939253 0.861403637303032 0.960873821482028
55G_s_ddg 0.634092475202852 -6.92564152240085 8.19382647280656
55L_s_ddg -2.2389379524839 -9.79867195008761 -0.100328992635483
55M_s_ddg 0.431205612111294 0.2820003358428 0.580410888379788
55P_s_ddg 0.682217154592891 -6.87751684301082 8.2419511521966
55S_s_ddg 0.626224220814474 -6.93350977678923 8.18595821841818
55T_s_ddg 0.883365219930076 -6.67636877767363 8.44309921753378
56D_s_ddg -0.274990273118654 -0.772341194013635 0.222360647776327
56F_s_ddg 0.809805170936524 -6.74992882666718 8.36953916854023
56H_s_ddg 1.85935997659422 0.118631753461788 2.95353200256318
56I_s_ddg -0.14959428521145 -0.298799561479944 -0.000389008942955765
56K_s_ddg 0.237265285775115 0.237265285775115 0.386470562043609
56S_s_ddg 0.241901110868316 -0.155979625847669 0.490576571315806
56T_s_ddg -0.913409919782519 -8.47314391738623 1.32466922424489
56Y_s_ddg -0.194641980406445 -0.343847256674939 -0.0951717962274489
5D_s_ddg 0.52435547511906 -7.03537852248465 2.21534860616199
5E_s_ddg 0.829030912839357 -6.73070308476435 8.38876491044306
5G_s_ddg -0.135827059458046 -7.69556105706175 1.55516607158489
5P_s_ddg 3.02556580103353 1.68271831461708 10.5852997986372
5S_s_ddg 1.05348492729985 0.357193638046877 1.50110075610533
5T_s_ddg 1.54300781781226 1.34406744945427 1.74194818617025
5V_s_ddg 0.654696788553231 -6.90503720905048 1.59966353825369
6F_s_ddg 1.83737166582272 1.68816638955423 1.98657694209121
6H_s_ddg 0.606024394929173 0.357348934481683 0.854699855376663
6I_s_ddg -0.0308129852907154 -0.279488445738206 0.168127383067277
6P_s_ddg 1.58313260180861 -5.9766013957951 9.14286659941232
6R_s_ddg -0.11184412014652 -0.211314304325516 -0.0123739359675239
6V_s_ddg 0.800036218268195 -6.75969777933551 8.3597702158719
7C_s_ddg -0.550342997951687 -8.11007699555539 2.18508706697071
7I_s_ddg 1.82965302043211 1.23283191535813 2.52594430968508
7L_s_ddg -0.131987361906392 -0.380662822353882 0.166423190630596
7S_s_ddg -0.940101236023446 -8.49983523362715 0.601686618750994
7V_s_ddg 1.55060716756475 -6.00912683003896 3.04265993024969
7Y_s_ddg -0.141889576860345 -0.241359761039341 -0.0424193926813489
8A_s_ddg 0.758055315486533 -6.80167868211717 8.31778931309024
8C_s_ddg 0.834138645635234 -6.72559535196847 8.39387264323894
8E_s_ddg -0.15601540750431 -0.852306696757283 0.241865329211675
8G_s_ddg 1.56035742910997 1.41115215284148 1.70956270537846
8H_s_ddg 1.95656397696952 -5.60317002063419 9.51629797457323
8N_s_ddg 1.12861899613326 0.929678627775268 1.32755936449125
8V_s_ddg 0.925047485329196 -0.268594724818758 1.57160368249267
8Y_s_ddg -0.989873460246648 -8.54960745785035 2.14343734139173
9C_s_ddg 0.88000581888078 -6.67972817872293 8.191064356037
9H_s_ddg 0.862001801374708 -6.697732196229 8.42173579897841
9I_s_ddg -4.18813526984629 -11.74786926745 -1.15429465238691
9L_s_ddg -0.208928620105996 -0.407868988463988 -0.00998825174800372
9P_s_ddg 1.25493429805408 -6.30479969954963 8.81466829565779
9S_s_ddg 0.605593286290635 -1.0356647526628 1.35161966763311
9T_s_ddg 0.930688637188816 -6.62904536041489 4.95923109643816
9V_s_ddg 4.12086010320935 -3.43887389439436 11.6805941008131
9Y_s_ddg 1.16673859456314 0.768857857847156 1.51488423918963
10A_b_ddg -1.79269813260856 -6.94706265153562 0.0384576833260533
10E_b_ddg -0.0904348593749306 -0.0904348593749306 -0.0565245664872526
10G_b_ddg 0.127137843075466 0.093227550187788 0.161048135963144
10H_b_ddg 0.431678147321889 -4.72268637160517 0.499498733097245
10N_b_ddg 0.0826925117230906 0.0826925117230906 0.0826925117230906
10V_b_ddg 0.0174084059102463 0.0174084059102463 0.0174084059102463
10Y_b_ddg 0.129329635001146 0.0275987563381119 0.129329635001146
11A_b_ddg 0.0725927184941215 0.0386824256064435 0.0725927184941215
11H_b_ddg 0.476319010238637 0.442408717350959 0.476319010238637
11L_b_ddg 0.502751723316515 0.401020844653481 0.570572309091871
11Q_b_ddg 0.198865505403347 -4.95549901352371 0.334506676954059
11R_b_ddg 0.353235544781515 0.285414959006159 0.353235544781515
11S_b_ddg 0.321714802726563 0.287804509838885 0.321714802726563
11T_b_ddg 0.157273042522994 0.0555421638599599 0.22509362829835
12E_b_ddg -0.2487901812485 -5.40315470017556 -0.214879888360822
12H_b_ddg 0.348079849792782 0.314169556905104 0.348079849792782
12K_b_ddg -0.0365675136667171 -5.19093203259378 -0.0365675136667171
12L_b_ddg -0.127183310187374 -0.127183310187374 -0.093273017299696
12P_b_ddg 1.35913444334331 1.29131385756795 1.46086532200634
12R_b_ddg 0.395584985756138 0.395584985756138 0.395584985756138
13A_b_ddg 0.940761551138318 -4.21360296778874 1.04249242980135
13D_b_ddg 0.401817387293811 0.367907094406133 0.401817387293811
13G_b_ddg 0.824876841196805 0.587504790983059 0.892697426972161
13K_b_ddg 1.26562588695427 0.892612665189812 1.43517735139266
13Q_b_ddg -1.40446647327308 -6.55883099220014 0.426689342661533
13V_b_ddg 0.865281693844057 0.831371400956379 0.865281693844057
14A_b_ddg 0.152105666660145 -5.00225885226692 0.219926252435501
14E_b_ddg 0.0169322379106657 0.0169322379106657 0.0169322379106657
14G_b_ddg 0.215740947506898 0.18183065461922 0.215740947506898
14H_b_ddg 0.172046703134757 -4.9823178157923 0.239867288910113
14I_b_ddg 0.335262946977179 -4.81910157194988 0.470904118527891
14N_b_ddg 0.143241483906421 0.109331191018743 0.143241483906421
14V_b_ddg 0.211610884768918 0.17770059188124 0.211610884768918
14Y_b_ddg 0.18975461245442 0.18975461245442 0.223664905342098
15A_b_ddg 0.56904093960468 0.331668889390934 0.670771818267714
15E_b_ddg 0.181641508940289 0.147731216052611 0.215551801827967
15L_b_ddg 1.77580713651699 1.33497332897718 3.03048797336108
15R_b_ddg 0.869405315751307 0.665943558425239 0.971136194414341
15S_b_ddg 0.673219522190417 0.503668057752027 0.876681279516485
15V_b_ddg 1.54296554388952 1.47514495811416 1.5768758367772
16A_b_ddg 1.79933243656762 -3.35503208235944 2.10452507255672
16D_b_ddg 1.57733385544704 1.50951326967168 1.6451544412224
16G_b_ddg 1.68104433559797 1.4775825782719 1.782775214261
16K_b_ddg 1.91307379488503 1.84525320910967 2.01480467354806
16Q_b_ddg 0.640900411658043 -4.51346410726902 0.742631290321077
16V_b_ddg 1.88890371739475 1.82108313161939 1.95672430317011
17M_b_ddg 0.260169770155335 0.226259477267657 0.294080063043013
17P_b_ddg 1.63209556891345 1.56427498313809 1.66600586180113
17Q_b_ddg 1.9257772852948 1.82404640663177 1.99359787107016
17R_b_ddg 2.18029713351503 1.94292508330128 2.58722064816717
17S_b_ddg 1.67233699776382 1.12977231156097 6.82670151669088
17V_b_ddg -3.46410763701719 -8.61847215594425 -1.46340035664419
18A_b_ddg -2.27715836503129 -7.43152288395835 -0.513823134872033
18C_b_ddg 0.188318458283483 0.188318458283483 0.188318458283483
18D_b_ddg 0.180361921714149 0.180361921714149 0.180361921714149
18I_b_ddg 0.198226006406459 -4.9561385125206 0.367777470844849
18R_b_ddg 0.106434618715951 -5.04792990021111 0.174255204491307
18S_b_ddg 0.133192977032149 0.133192977032149 0.133192977032149
18V_b_ddg 0.137975554910092 0.0362446762470579 0.205796140685448
19C_b_ddg 1.59487853130565 -3.69512715917212 1.8322505815194
19H_b_ddg 1.84177495194319 1.16356909418963 6.99613947087025
19I_b_ddg 0.467472049042564 0.433561756154886 0.501382341930242
19L_b_ddg 0.160469043849948 0.12655875096227 0.160469043849948
19S_b_ddg 1.60737226428637 1.4039105069603 1.74301343583708
19V_b_ddg 0.89345818172935 -4.26090633719771 0.995189060392384
19Y_b_ddg 1.31090527253958 1.14135380810119 1.37872585831494
1A_b_ddg 0.00228610267817933 0.00228610267817933 0.00228610267817933
1I_b_ddg 0.0507315149804081 0.0507315149804081 0.0846418078680861
1K_b_ddg -0.0173136932791151 -0.119044571942149 -0.0173136932791151
1L_b_ddg 0.0780821313036787 -5.07628238762338 0.247633595742069
1M_b_ddg 0.0167686842343591 -5.1375958346927 0.152409855785071
1P_b_ddg -0.0389274159886213 -0.0728377088762993 -0.0389274159886213
1R_b_ddg 0.209133332104801 0.175223039217123 0.209133332104801
1S_b_ddg -0.00775305662049572 -0.00775305662049572 0.0261572362671823
1V_b_ddg -0.0281671837794023 -5.18253170270646 0.10747398777131
20C_b_ddg 0.0288205101671479 0.0288205101671479 0.0288205101671479
20G_b_ddg -2.60104018147808 -7.75540470040514 -0.803794658431145
20H_b_ddg -0.0455584182896293 -0.0455584182896293 -0.0116481254019513
20L_b_ddg -0.0504893789661036 -0.253951136292172 -0.0504893789661036
20P_b_ddg 1.97508325128171 -3.31492243919606 2.21245530149546
20Q_b_ddg -0.0604781507909915 -0.230029615229382 0.109073313647399
20S_b_ddg -0.0370703236563308 -0.0370703236563308 -0.0370703236563308
21G_b_ddg 0.062334562000372 -0.480230124202476 0.231886026438762
21H_b_ddg 0.0884446093295917 -5.06591990959747 0.224085780880304
21K_b_ddg -0.133414024450737 -0.302965488889127 0.0022271470999751
21L_b_ddg 0.0905930207086043 0.0905930207086043 0.0905930207086043
21M_b_ddg 0.0404744060453021 -5.11389011288176 0.210025870483692
21P_b_ddg 0.246024776353332 0.11038360480262 0.347755655016366
21Q_b_ddg -0.0195935417362949 -0.0195935417362949 -0.0195935417362949
21W_b_ddg 0.2339126644032 0.200002371515522 0.267822957290878
22A_b_ddg 0.228206791000013 -4.92615772792705 0.329937669663047
22C_b_ddg 0.408686960073168 -4.74567755885389 0.578238424511558
22E_b_ddg 0.198070141289411 0.130249555514055 0.231980434177089
22R_b_ddg -0.0808887147666544 -0.250440179205045 0.0547524567840577
22V_b_ddg 1.03401069607972 -4.12035382284734 1.10183128185508
23A_b_ddg 0.260073770130386 -4.89429074879667 0.327894355905742
23E_b_ddg 0.0407269494480801 0.0407269494480801 0.0407269494480801
23G_b_ddg -0.0605318967412382 -5.2148964156683 0.583763668124644
23H_b_ddg -1.83779289621764 -6.9921574151447 -0.176188544721417
23N_b_ddg 0.292860949446847 0.292860949446847 0.292860949446847
23V_b_ddg 0.665804209641777 0.597983623866421 0.733624795417133
23Y_b_ddg 0.461874930365773 0.394054344590417 0.529695516141129
24C_b_ddg 0.042272635284088 -0.229009707817336 0.076182928171766
24I_b_ddg -0.029304296167941 -0.029304296167941 0.00460599671973702
24L_b_ddg -0.0102046221818773 -0.0102046221818773 -0.0102046221818773
24N_b_ddg 0.142816491889502 0.0071753203387899 0.278457663440214
24S_b_ddg -0.0271799339453409 -0.0271799339453409 -0.0271799339453409
24T_b_ddg -0.10108806212472 -0.236729233675432 0.0345531094259921
24V_b_ddg 0.110370971134313 0.110370971134313 0.110370971134313
24Y_b_ddg 0.0119457506975428 0.0119457506975428 0.0458560435852208
25F_b_ddg -2.81340935094234 -7.9677738698694 -0.507509434580235
25L_b_ddg 0.299906003790405 -4.85445851513665 0.367726589565761
25M_b_ddg 1.17933652536021 1.07760564669718 1.17933652536021
25N_b_ddg 1.6862464833987 1.61842589762334 1.75406706917406
25S_b_ddg 2.14516221050457 -3.00920230842249 2.65381660381974
25T_b_ddg 1.74003621770883 1.67221563193347 1.80785680348419
25V_b_ddg -1.33021658430141 -6.48458110322847 -0.957203362536952
26D_b_ddg -2.52418043448999 -7.67854495341705 -0.659114325667699
26I_b_ddg -0.0297483251117567 -5.18411284403882 0.139803139326633
26L_b_ddg -0.0524044458847638 -0.0524044458847638 -0.0184941529970858
26N_b_ddg -0.0554047006490845 -0.0554047006490845 -0.0554047006490845
26P_b_ddg 0.803089594841597 -4.35127492408546 1.34565428104445
26Q_b_ddg -0.00236523910171327 -0.00236523910171327 0.0315450537859648
26R_b_ddg -0.0384920572932557 -0.0384920572932557 -0.0384920572932557
26Y_b_ddg -0.00420399115904264 -0.00420399115904264 -0.00420399115904264
27A_b_ddg 0.612027247687522 0.442475783249132 0.747668419238234
27D_b_ddg 1.6885428604172 1.62072227464184 1.75636344619256
27F_b_ddg 1.07069149908912 -4.08367301983794 1.17242237775215
27G_b_ddg 2.59901574035086 2.29382310436176 3.24331130521674
27I_b_ddg 0.0758172770060471 0.0758172770060471 0.0758172770060471
27L_b_ddg 0.109009963836138 0.00727908517310392 0.109009963836138
28I_b_ddg 0.120449899933184 0.120449899933184 0.120449899933184
28K_b_ddg -0.000815235908729455 -0.000815235908729455 -0.000815235908729455
28L_b_ddg 0.00864844778547461 0.00864844778547461 0.0425587406731526
28N_b_ddg -0.0190804612320804 -5.17344498015914 0.0826504174309537
28R_b_ddg -0.485484515423302 -5.63984903435036 -0.0785610007711657
28T_b_ddg -0.194078708763921 -0.194078708763921 -0.194078708763921
28V_b_ddg -0.0308524477870762 -0.0308524477870762 -0.0308524477870762
29A_b_ddg 0.651974873928551 0.618064581040873 0.685885166816229
29E_b_ddg 0.0479599493249779 0.0479599493249779 0.0479599493249779
29F_b_ddg 0.724549101278799 -4.42981541764826 0.894100565717189
29G_b_ddg 0.521211607953135 0.487301315065457 0.555121900840813
29H_b_ddg 0.570653238274427 0.299370895173003 0.604563531162105
29N_b_ddg 0.161879252988002 0.127968960100324 0.161879252988002
29V_b_ddg 0.454588911644915 0.420678618757237 0.488499204532593
29Y_b_ddg 0.485764091158356 0.316212626719966 0.655315555596746
2C_b_ddg -0.0679197663733616 -0.0679197663733616 0.101631698065029
2D_b_ddg 0.162323964485465 -4.9920405544416 0.230144550260821
2F_b_ddg 0.0254886061050121 0.0254886061050121 0.0254886061050121
2H_b_ddg -0.0817924142371577 -0.0817924142371577 -0.0817924142371577
2I_b_ddg 0.0279178055781021 -5.12644671334896 0.129648684241136
2N_b_ddg 0.0195003857713472 0.0195003857713472 0.0195003857713472
2S_b_ddg 0.0170509885993436 -5.13731353032772 0.0848715743746996
30D_b_ddg 0.00226385717499663 -0.0316464357126814 0.00226385717499663
30H_b_ddg -0.0301330970146489 -5.18449761594171 0.0376874887607071
30I_b_ddg 0.22814271086941 0.194232417981732 0.22814271086941
30K_b_ddg 0.104708505779882 0.104708505779882 0.104708505779882
30S_b_ddg -0.00738783613081453 -0.00738783613081453 -0.00738783613081453
30T_b_ddg 0.199543829954872 0.0978129512918379 0.199543829954872
30Y_b_ddg 0.086584652847 0.086584652847 0.086584652847
31A_b_ddg 0.101167706209041 -5.05319681271802 0.168988291984397
31I_b_ddg 0.300346812982547 -4.85401770594451 0.435987984533259
31L_b_ddg 0.0548576843137685 0.0209473914260905 0.0548576843137685
31P_b_ddg 0.8444627480224 0.708821576471688 0.980103919573112
31T_b_ddg -0.0175924724470792 -0.0175924724470792 -0.0175924724470792
32A_b_ddg 1.42124857641743 -3.73311594250963 1.55688974796814
32E_b_ddg 0.936093686943583 0.664811343842159 1.03782456560662
32F_b_ddg 2.16143256608968 1.2119443652347 7.31579708501674
32G_b_ddg 1.24909163645821 1.14736075779518 1.28300192934589
32H_b_ddg 0.368578381155022 -4.78578613777204 0.436398966930378
32N_b_ddg 0.151125613879695 0.151125613879695 0.151125613879695
32V_b_ddg 0.755905605204907 -4.39845891372215 1.16282911985704
32Y_b_ddg 0.375128854238103 0.0360259253613228 0.612500904451849
33A_b_ddg -0.200564882865647 -5.35492940179271 0.00289687446042114
33H_b_ddg 0.0485945374384601 0.0485945374384601 0.0485945374384601
33I_b_ddg 0.165937103479745 -4.98842741544731 0.301578275030457
33L_b_ddg 0.0351591305251253 0.0351591305251253 0.0351591305251253
33N_b_ddg 0.115601976831317 -5.17440371364645 0.285153441269707
33R_b_ddg -0.0871612932071026 -5.24152581213416 0.0484798783436095
33S_b_ddg 0.10954997724333 0.10954997724333 0.10954997724333
33T_b_ddg 0.161141715591094 0.161141715591094 0.161141715591094
33Y_b_ddg 0.190741600845265 -4.96362291808179 0.326382772395977
34D_b_ddg -0.0638952543089316 -0.0638952543089316 -0.0638952543089316
34H_b_ddg -0.0524051935422392 -0.0863154864299172 -0.0184949006545612
34I_b_ddg 0.590561043695522 0.556650750807844 0.590561043695522
34K_b_ddg 1.16309716548476 1.06136628682173 1.19700745837244
34S_b_ddg 0.494755836692001 0.460845543804323 0.494755836692001
34T_b_ddg 0.557332274277859 -4.5970322446492 0.625152860053215
34Y_b_ddg 0.225811760340127 0.225811760340127 0.225811760340127
35C_b_ddg 1.57975086501651 -3.57461365391055 1.91885379389329
35G_b_ddg 2.3892213090128 -2.76514320991426 3.13524775254172
35K_b_ddg 2.08132188425521 1.23356456206326 7.23568640318227
35L_b_ddg 1.58834142885962 1.52052084308426 1.6222517217473
35M_b_ddg 3.27377228485494 1.54434734758336 8.428136803782
35R_b_ddg 0.10646086680846 -0.0291803047422521 0.242102038359172
35S_b_ddg 1.58092636867023 1.51310578289487 1.68265724733326
35Y_b_ddg 2.91846043032138 1.46031783615123 8.07282494924844
36C_b_ddg 0.286992530348922 0.15135135879821 0.388723409011956
36G_b_ddg 0.0923343956218081 -5.06203012330525 0.702719667600012
36L_b_ddg 0.469540358885481 0.469540358885481 0.469540358885481
36M_b_ddg 0.615861153264568 0.446309688826178 0.819322910590636
36R_b_ddg 2.00723260265614 1.93941201688078 2.0750531884315
36S_b_ddg 0.99941378708626 -4.1549507318408 1.10114466574929
36Y_b_ddg 0.60039942641993 -4.55396509250713 0.76995089085832
37E_b_ddg -0.335172656545693 -0.335172656545693 -0.267352070770337
37I_b_ddg -0.199114824515168 -0.199114824515168 -0.131294238739812
37L_b_ddg -0.0335097149620752 -5.32351540543985 0.102131456588637
37N_b_ddg -0.166881784560053 -0.166881784560053 -0.166881784560053
37Q_b_ddg -0.934638261128523 -6.08900278005558 -0.595535332251743
37R_b_ddg 0.00528901659443087 0.00528901659443087 0.00528901659443087
37T_b_ddg -4.91732991231938 -10.0716944312464 -2.78098146039566
37Y_b_ddg -0.0400064228528516 -5.33001211333062 0.0956347486978605
38A_b_ddg 0.704850165668393 -4.44951435325867 0.806581044331427
38C_b_ddg 1.70333355023078 1.22858944980329 3.29711731595165
38E_b_ddg 1.44197606109684 1.30633488954613 1.5097966468722
38L_b_ddg 1.78884388332355 1.2462791971207 6.94320840225061
38R_b_ddg 1.30460234865999 0.762037662457142 1.60979498464909
38V_b_ddg 0.93109923274946 0.659816889648036 0.965009525637138
39D_b_ddg -0.0203983070918427 -0.0203983070918427 -0.0203983070918427
39G_b_ddg -1.18973880905245 -6.34410332797951 -0.104609436646753
39P_b_ddg 1.7817746942834 1.64613352273269 1.91741586583411
39S_b_ddg -0.0322671093997992 -0.0322671093997992 0.00164318348787882
39T_b_ddg 0.116292560164023 0.116292560164023 0.116292560164023
39V_b_ddg 0.106351157007522 0.106351157007522 0.106351157007522
3A_b_ddg 0.0694078055508174 0.0694078055508174 0.0694078055508174
3D_b_ddg 1.91607306484218 1.74652160040379 2.05171423639289
3F_b_ddg 0.0430812765225717 0.00917098363489368 0.0769915694102497
3G_b_ddg 0.615024660097907 0.479383488547195 0.716755538760941
3I_b_ddg 0.782353179834536 0.71453259405918 0.782353179834536
3L_b_ddg -1.33443455443095 -6.48879907335801 0.598452140166697
3N_b_ddg 1.06346131684343 0.792178973742006 1.43647453860789
40F_b_ddg 0.0156403446672418 -0.0182699482204362 0.0495506375549198
40G_b_ddg 0.620248497700632 -4.53411602122643 0.721979376363666
40H_b_ddg 0.0658422168593312 -5.08852230206773 0.167573095522365
40N_b_ddg 0.166629445900037 -4.98773507302702 0.336180910338427
40R_b_ddg 0.133173952926215 0.133173952926215 0.133173952926215
40S_b_ddg 0.0605691944423856 0.0605691944423856 0.0605691944423856
40W_b_ddg 0.236858989903445 -4.91750552902361 0.677692797443259
40Y_b_ddg 0.199011965115566 0.165101672227888 0.199011965115566
41D_b_ddg -0.0388203433648012 -5.19318486229186 0.0290002424105548
41I_b_ddg 0.616930666212037 -4.53743385271502 0.786482130650427
41L_b_ddg 0.0724564303911804 0.0724564303911804 0.0724564303911804
41N_b_ddg -0.0748151222557988 -0.0748151222557988 -0.0748151222557988
41P_b_ddg 1.16755342208218 -3.98681109684488 1.30319459363289
41Q_b_ddg 0.0469615476305422 0.0469615476305422 0.0469615476305422
41R_b_ddg 0.212399011336887 0.212399011336887 0.212399011336887
41Y_b_ddg 0.0279791571674643 0.0279791571674643 0.0279791571674643
42A_b_ddg 0.443354671086619 0.443354671086619 0.443354671086619
42E_b_ddg 0.0363273991504739 0.0363273991504739 0.0363273991504739
42L_b_ddg 0.47371386792724 -4.68065065099982 0.609355039477952
42M_b_ddg 0.307337459142915 -4.84702705978414 0.442978630693627
42R_b_ddg 0.242747720443794 0.242747720443794 0.242747720443794
42V_b_ddg 0.469796389235626 0.435886096347948 0.503706682123304
42W_b_ddg 0.331402997480463 0.297492704592785 0.636595633469565
43E_b_ddg -0.0740509634107142 -5.22841548233777 -0.0401406705230362
43H_b_ddg 0.0401886168621096 0.0401886168621096 0.108009202637466
43K_b_ddg 0.234769268471573 0.234769268471573 0.234769268471573
43L_b_ddg 0.00730149595104007 0.00730149595104007 0.00730149595104007
43P_b_ddg 1.5173516554807 1.17824872660392 1.61908253414373
43R_b_ddg 0.120861887308257 0.120861887308257 0.120861887308257
44A_b_ddg 0.156356067166652 0.122445774278974 0.156356067166652
44I_b_ddg 0.0709764888806874 0.0709764888806874 0.0709764888806874
44K_b_ddg -0.142390049452613 -0.278031221003325 -0.0406591707895789
44N_b_ddg -0.412038472518707 -1.1919752089353 -0.140756129417283
44P_b_ddg 0.123776045839611 -5.03058847308745 0.666340732042459
44S_b_ddg -0.0260870893712478 -0.0260870893712478 0.0417334964041082
45A_b_ddg 0.574341930425126 -0.612518320643605 1.21863749529101
45C_b_ddg 1.66977426731047 1.60195368153511 1.70368456019815
45D_b_ddg 1.80965529016832 1.74183470439296 1.87747587594368
45F_b_ddg 1.90922477113801 1.43448067071052 7.06358929006507
45H_b_ddg 4.24744246966778 1.907632260418 9.40180698859484
45I_b_ddg 2.12570217402487 1.21012426605756 7.28006669295193
45N_b_ddg 2.40866739531518 1.39135860868484 7.56303191424224
45R_b_ddg 1.4873137841849 -3.66705073474216 1.62295495573561
45S_b_ddg 1.75099999316795 1.68317940739259 1.78491028605563
45V_b_ddg 0.737545526013275 -4.41681899291378 1.21228962644077
45Y_b_ddg 1.61923951034361 -3.53512500858345 2.3991762467602
46I_b_ddg 0.0942968315581767 0.0942968315581767 0.0942968315581767
46K_b_ddg 1.53038940895726 1.4625688231819 1.59820999473262
46L_b_ddg -0.19371790003184 -0.19371790003184 -0.125897314256484
46R_b_ddg 1.69134681507273 -3.46301770385433 1.8948085723988
46T_b_ddg 0.0687584956594629 0.0687584956594629 0.0687584956594629
46V_b_ddg 0.0833387891583317 0.0833387891583317 0.0833387891583317
47C_b_ddg 1.92308919842636 -3.2312753205007 7.07745371735342
47I_b_ddg 0.475041269867384 0.441130976979706 0.508951562755062
47L_b_ddg 0.477987677152812 0.444077384265134 0.477987677152812
47S_b_ddg 1.58920314443269 1.14836933689288 1.69093402309572
47V_b_ddg 0.996430507296007 -4.15793401163105 1.09816138595904
47Y_b_ddg 0.523066916829753 0.455246331054397 0.556977209717431
48A_b_ddg 0.851583555452601 -4.30278096347446 0.919404141227957
48H_b_ddg 1.48356550373771 1.41574491796235 1.51747579662539
48L_b_ddg -2.24817661768226 -7.40254113660932 0.769839449321084
48Q_b_ddg 0.0641023902131556 -5.0902621287139 0.199743561763868
48R_b_ddg 1.2498529632277 -3.90451155569936 1.31767354900306
48S_b_ddg 0.862943005389325 0.286468026298799 1.03249446982772
48T_b_ddg 1.3919832726299 1.35807297974222 1.42589356551758
49C_b_ddg -0.16431600857091 -0.16431600857091 -0.096495422795554
49F_b_ddg -0.00227366106672234 -5.15663817999378 0.167277803371668
49G_b_ddg -0.0461225658210043 -5.20048708474806 -0.0122122729333263
49H_b_ddg 0.0565225074930981 0.0565225074930981 0.0565225074930981
49L_b_ddg -0.08717979127383 -0.121090084161508 -0.053269498386152
49N_b_ddg -0.11723010617947 -0.218960984842504 -0.0154992275164359
49P_b_ddg -1.42352536082398 -6.57788987975104 0.170258404896887
49S_b_ddg -0.303501339589366 -0.303501339589366 -0.201770460926332
49Y_b_ddg 0.0388356181475751 -0.096805553403137 0.208387082585965
4E_b_ddg -0.0878367940633917 -0.12174708695107 -0.0878367940633917
4H_b_ddg 0.135626145855051 0.135626145855051 0.135626145855051
4K_b_ddg 0.020043513436766 0.020043513436766 0.020043513436766
4L_b_ddg 0.251684135743731 0.251684135743731 0.251684135743731
4M_b_ddg 0.967310874548122 -4.18705364437894 1.10295204609883
4P_b_ddg 1.78525634259879 -3.50474934787898 1.98871809992486
4R_b_ddg -0.012169060153461 -0.012169060153461 -0.012169060153461
4T_b_ddg 0.132175988364219 -5.15782970211355 0.301727452802609
50C_b_ddg 0.428232194929316 -4.72613232399774 0.597783659367706
50D_b_ddg 0.0440700752242974 0.0440700752242974 0.0440700752242974
50F_b_ddg 0.663436576989169 0.527795405438457 0.832988041427559
50H_b_ddg 0.288413527366068 0.25450323447839 0.322323820253746
50I_b_ddg 0.635455019887556 0.5676344341122 0.635455019887556
50K_b_ddg 0.714583877326631 0.714583877326631 0.714583877326631
50S_b_ddg 0.208341411825248 0.208341411825248 0.208341411825248
50T_b_ddg 0.143966750936491 0.110056458048813 0.143966750936491
50Y_b_ddg 0.613041645691741 0.579131352804063 0.613041645691741
51C_b_ddg 1.37699218546687 0.359683398836529 1.61436423568062
51D_b_ddg 1.94096103474203 -3.21340348418503 2.38179484228184
51F_b_ddg 0.308780044257256 0.308780044257256 0.308780044257256
51H_b_ddg -0.170295652940101 -0.170295652940101 -0.170295652940101
51I_b_ddg 2.3159788221782 1.7055935502 7.47034334110526
51L_b_ddg 1.40644307942871 1.03342985766425 2.05073864429459
51N_b_ddg 2.2205167414471 1.98314469123335 2.35615791299781
51S_b_ddg 2.09825170012432 1.86087964991057 2.4373546290011
52A_b_ddg 0.172171611703336 0.172171611703336 0.172171611703336
52D_b_ddg 1.89750227612483 1.69404051879876 2.03314344767554
52E_b_ddg 3.0020046407556 1.40822087503473 8.15636915968266
52F_b_ddg 0.94003009530378 0.804388923753068 1.04176097396681
52G_b_ddg 0.70502866306683 -4.44933585586023 0.772849248842186
52I_b_ddg 0.08761627421442 0.08761627421442 0.08761627421442
52L_b_ddg -0.566325855886112 -5.72069037481317 1.12918878849779
52Y_b_ddg 1.28277244974289 0.909759227978432 1.96097830749645
53A_b_ddg -0.0387245947469882 -0.0387245947469882 -0.0387245947469882
53I_b_ddg 0.173163902686319 0.173163902686319 0.173163902686319
53N_b_ddg 0.104253066959894 0.070342774072216 0.104253066959894
53P_b_ddg 0.429408923034217 -4.72495559589284 1.88755151720437
53S_b_ddg 0.0231796566406151 0.0231796566406151 0.0231796566406151
54A_b_ddg 0.128318313380823 0.094408020493145 0.162228606268501
54H_b_ddg -0.018197355024346 -0.018197355024346 -0.018197355024346
54L_b_ddg 0.00898903136001049 0.00898903136001049 0.00898903136001049
54N_b_ddg 0.0996274847680491 -5.05473703415901 0.269178949206439
54Q_b_ddg -0.0742524847010841 -5.22861700362814 0.061388686849628
54R_b_ddg 0.0386965038187201 -5.11566801510834 0.106517089594076
54S_b_ddg 0.00106897535891445 0.00106897535891445 0.00106897535891445
54T_b_ddg -0.153298841642759 -0.187209134530437 -0.119388548755081
55A_b_ddg 0.280641228697866 0.246730935810188 0.280641228697866
55E_b_ddg 0.0334272490502096 0.0334272490502096 0.0334272490502096
55G_b_ddg 0.227946168718668 -4.92641835020839 0.295766754494024
55L_b_ddg 0.0811815060932899 0.0811815060932899 0.0811815060932899
55M_b_ddg 0.0628401216944442 0.0628401216944442 0.0628401216944442
55P_b_ddg 0.200856823684131 -4.95350769524293 0.336497995234843
55S_b_ddg 0.0281515069323495 -5.12621301199471 0.163792678483062
55T_b_ddg 0.0207158224176117 -5.13364869650945 0.122446701080646
56D_b_ddg 0.0222853871867138 0.0222853871867138 0.0222853871867138
56F_b_ddg 0.0656389763319126 -5.08872554259515 0.235190440770303
56H_b_ddg -0.120737390351445 -0.697212369441971 0.0149037811992671
56I_b_ddg 0.156365739622537 0.088545153847181 0.156365739622537
56K_b_ddg 0.049507142162178 0.0155968492745 0.049507142162178
56S_b_ddg 0.11359323558251 0.11359323558251 0.11359323558251
56T_b_ddg 0.00162325890830566 -0.100107619754728 0.0355335517959837
56Y_b_ddg 0.0852245985949909 0.0852245985949909 0.0852245985949909
5D_b_ddg 1.26043062022099 0.92132769134421 1.32825120599635
5E_b_ddg -0.0338329512676254 -5.18819747019468 0.101808220283087
5G_b_ddg 0.206195928114843 0.0705547565641309 0.240106221002521
5P_b_ddg 0.481349188470929 -4.67301533045613 1.15955504622449
5S_b_ddg 0.320514425606142 0.252693839830786 0.320514425606142
5T_b_ddg 0.747707051917892 0.713796759030214 0.78161734480557
5V_b_ddg 1.65299818914152 1.51735701759081 1.75472906780455
6F_b_ddg 0.419427030311616 0.385516737423938 0.453337323199294
6H_b_ddg 0.542473979815737 0.508563686928059 0.542473979815737
6I_b_ddg 0.184893843232103 0.184893843232103 0.184893843232103
6P_b_ddg 1.59187963688837 -3.56248488203869 1.82925168710212
6R_b_ddg 0.295503182352731 0.261592889465053 0.329413475240409
6V_b_ddg 0.102609525139686 -5.05175499378737 0.20434040380272
7C_b_ddg 1.44569185924281 1.03876834459067 1.51351244501817
7I_b_ddg 1.67559783816935 1.37040520218025 1.81123900972006
7L_b_ddg 1.55575576807303 1.52184547518535 1.55575576807303
7S_b_ddg 1.4498244909727 1.38200390519734 1.48373478386038
7V_b_ddg 1.83816373585261 1.12604758521137 2.10944607895403
7Y_b_ddg 0.0199777565427801 0.0199777565427801 0.0199777565427801
8A_b_ddg 0.304042759363618 -4.85032175956344 0.371863345138974
8C_b_ddg 0.372005673733811 -4.78235884519325 0.473736552396845
8E_b_ddg 0.349324128244964 0.349324128244964 0.349324128244964
8G_b_ddg 0.317091132802894 0.283180839915216 0.351001425690572
8H_b_ddg -0.0234314261669771 -5.17779594509404 0.247850916934447
8N_b_ddg -0.0483812380219196 -0.0822915309095976 -0.0483812380219196
8V_b_ddg 1.2610526583274 1.15932177966437 1.36278353699043
8Y_b_ddg 0.947889040641919 0.303593475776037 0.947889040641919
9C_b_ddg 2.36024787560654 -2.79411664332052 3.14018461202313
9H_b_ddg 1.65698280720923 1.11441812100638 6.81134732613629
9I_b_ddg 2.01207740719807 1.94425682142271 2.07989799297343
9L_b_ddg 1.53901194439073 1.50510165150305 1.53901194439073
9P_b_ddg 3.62627750292133 1.69339080832368 8.78064202184839
9S_b_ddg 1.68210848121055 1.58037760254752 1.74992906698591
9T_b_ddg 2.19527227369515 1.75443846615534 4.77245453315868
9V_b_ddg 1.0419606296749 -4.11240388925216 2.70356498117112
9Y_b_ddg 1.52706365174894 1.45924306597358 1.5948842375243
b_dgwt -0.558869779576448 -0.592780072464126 -0.491049193801092
b_fwt 0.996207198712977 0.996207198712977 1.00245719871298
b_f0 0.137784099497572 0.125284099497572 0.137784099497572
s_dgwt -2.36160961301491 -2.46107979719391 -2.26213942883591
