par value lower upper
10A_s_ddg 0.400167112779187 0.400167112779187 0.400167112779187
10C_s_ddg 0.358419530823832 0.333341858781075 0.383497202866589
10E_s_ddg -0.157262292778276 -0.157262292778276 -0.157262292778276
10F_s_ddg 0.362072725231407 0.33699505318865 0.387150397274164
10G_s_ddg 1.39136027960369 1.39136027960369 1.39136027960369
10H_s_ddg 0.170384791445418 0.120229447359905 0.220540135530931
10I_s_ddg 0.0804407203574922 0.0302853762719788 0.130596064443006
10K_s_ddg 0.272285947170689 0.272285947170689 0.272285947170689
10L_s_ddg 0.684081121524919 0.684081121524919 0.684081121524919
10M_s_ddg 0.451093802924537 0.42601613088178 0.476171474967294
10N_s_ddg 0.256722962243896 0.231645290201139 0.281800634286653
10P_s_ddg 1.61370037933586 1.5886227072931 1.63877805137862
10Q_s_ddg 0.156540997392206 0.131463325349449 0.181618669434963
10R_s_ddg 0.620603639251411 0.620603639251411 0.620603639251411
10S_s_ddg 0.407032523107654 0.407032523107654 0.432110195150411
10T_s_ddg 0.198776609928692 0.173698937885935 0.223854281971449
10V_s_ddg 0.0612425589169888 0.0612425589169888 0.0612425589169888
10W_s_ddg 0.710603027789022 0.710603027789022 0.710603027789022
10Y_s_ddg 0.166708270417384 0.141630598374627 0.191785942460141
11A_s_ddg 0.10090994403667 0.0758322719939133 0.125987616079427
11C_s_ddg 1.11359218140431 1.0634368373188 1.16374752548982
11D_s_ddg 1.91297020839055 1.86281486430504 1.96312555247606
11E_s_ddg 1.80441998348329 1.75426463939778 1.8545753275688
11F_s_ddg 2.65136357684716 2.47581987254786 2.92721796931748
11G_s_ddg -0.161587166241233 -0.161587166241233 -0.161587166241233
11H_s_ddg 1.48092202659952 1.48092202659952 1.50599969864228
11I_s_ddg 2.0458381211702 1.94552743299917 2.17122648138398
11K_s_ddg 0.899536158199441 0.874458486156684 0.924613830242198
11L_s_ddg 1.87133413990496 1.87133413990496 1.87133413990496
11M_s_ddg 1.82013090516023 1.74489788903196 1.8953639212885
11N_s_ddg 1.24863736234568 1.22355969030292 1.27371503438844
11Q_s_ddg 1.26932264472133 1.24424497267857 1.29440031676409
11R_s_ddg 1.13534535998326 1.13534535998326 1.13534535998326
11S_s_ddg 0.632747941544898 0.632747941544898 0.632747941544898
11T_s_ddg 0.610118603456578 0.585040931413821 0.635196275499335
11V_s_ddg 1.43980873996218 1.41473106791942 1.46488641200494
11W_s_ddg 2.50325226545821 2.40294157728718 2.62864062567199
11Y_s_ddg 2.8947674918146 2.56875775525876 3.42139860471249
12A_s_ddg 0.324719633594085 0.299641961551328 0.349797305636842
12C_s_ddg 0.274902359783848 0.199669343655578 0.350135375912118
12D_s_ddg 0.434368154602942 0.359135138474672 0.509601170731212
12E_s_ddg 0.146809826340122 0.121732154297365 0.171887498382879
12F_s_ddg 1.27937296084272 1.20413994471445 1.35460597697099
12G_s_ddg 0.625645929552947 0.625645929552947 0.625645929552947
12H_s_ddg 0.679362576814722 0.679362576814722 0.679362576814722
12I_s_ddg 0.577846657280776 0.352147608895966 0.828623377708343
12K_s_ddg 0.16177134915067 0.136693677107913 0.186849021193427
12L_s_ddg 0.470578666947895 0.470578666947895 0.470578666947895
12M_s_ddg 0.389595887177278 0.339440543091765 0.439751231262791
12N_s_ddg 0.234035207003503 -0.0418191854668208 0.48481192743107
12P_s_ddg 1.84357182014644 1.79341647606093 1.8686494921892
12R_s_ddg 0.250572344753933 0.250572344753933 0.250572344753933
12S_s_ddg 0.276953070183116 0.226797726097603 0.327108414268629
12T_s_ddg -0.00399853796763041 -0.0792315540959005 0.0712344781606397
12V_s_ddg 0.335786758933472 0.310709086890715 0.360864430976229
12W_s_ddg 1.26328841862526 1.2382107465825 1.28836609066802
12Y_s_ddg 1.22704595767284 1.17689061358733 1.27720130175835
13A_s_ddg 0.503980952180499 0.478903280137742 0.529058624223256
13C_s_ddg 0.39272577287301 0.342570428787497 0.442881116958523
13D_s_ddg 0.297913963666951 0.297913963666951 0.297913963666951
13F_s_ddg 0.677958703702902 0.577648015531875 0.778269391873929
13G_s_ddg 0.320153583556818 0.295075911514061 0.345231255599575
13H_s_ddg -0.235913646606068 -0.361302006819852 -0.110525286392284
13I_s_ddg 0.756357220309193 0.656046532138166 0.85666790848022
13K_s_ddg -0.210338766801677 -0.235416438844434 -0.18526109475892
13L_s_ddg 0.652656499902469 0.627578827859712 0.677734171945226
13M_s_ddg 0.40113398138031 0.350978637294797 0.451289325465823
13N_s_ddg -0.281074177945171 -0.381384866116198 -0.180763489774144
13P_s_ddg 2.00945674323904 1.8589907109825 2.18500044753834
13Q_s_ddg 1.76344242467764 1.71328708059213 1.81359776876315
13R_s_ddg -0.0654691260685679 -0.115624470154081 -0.0153137819830545
13S_s_ddg 0.152391498763408 0.102236154677895 0.177469170806165
13T_s_ddg 0.253222662620835 0.203067318535322 0.303378006706348
13V_s_ddg 0.718979592561135 0.718979592561135 0.718979592561135
13W_s_ddg 0.971217836829784 0.946140164787027 0.996295508872541
13Y_s_ddg 0.220461157860928 0.0950727976471445 0.320771846031955
14A_s_ddg 0.295600327902028 0.245444983816515 0.345755671987541
14C_s_ddg 0.881320044344473 0.806087028216203 0.956553060472743
14E_s_ddg -0.133073915802434 -0.158151587845191 -0.107996243759677
14G_s_ddg 0.877168358996809 0.877168358996809 0.877168358996809
14H_s_ddg 0.560632263188014 0.485399247059744 0.635865279316284
14I_s_ddg 0.861285561430992 0.685741857131695 1.01175159368753
14K_s_ddg 0.252390276316601 0.177157260188331 0.327623292444871
14L_s_ddg 0.946304820574473 0.89614947648896 0.996460164659986
14M_s_ddg 0.734610490009409 0.659377473881139 0.809843506137679
14N_s_ddg 0.593256898638078 0.568179226595321 0.618334570680835
14P_s_ddg 0.244012789902086 0.168779773773816 0.319245806030356
14Q_s_ddg 0.458788277130271 0.358477588959244 0.559098965301298
14R_s_ddg 0.545760956865299 0.495605612779786 0.595916300950812
14S_s_ddg 0.595202207051219 0.545046862965706 0.645357551136732
14T_s_ddg 0.525136434082171 0.474981089996658 0.575291778167684
14V_s_ddg 0.434554223861432 0.434554223861432 0.434554223861432
14W_s_ddg 1.52666565692098 1.45143264079271 1.62697634509201
14Y_s_ddg 0.52264077146054 0.497563099417783 0.547718443503297
15A_s_ddg 1.01611419659435 0.991036524551593 1.04119186863711
15C_s_ddg 0.332119819498872 0.181653787242332 0.457508179712656
15D_s_ddg 0.486436281651037 0.411203265522767 0.561669297779307
15E_s_ddg 0.793422508847231 0.768344836804474 0.818500180889988
15F_s_ddg 1.1301367888387 1.07998144475319 1.18029213292421
15H_s_ddg 0.244531309982035 0.0689876056827381 0.394997342238575
15I_s_ddg 1.21870113374453 1.14346811761626 1.2939341498728
15K_s_ddg 0.802404515440195 0.752249171354682 0.852559859525708
15L_s_ddg 1.67142317476069 1.64634550271793 1.69650084680345
15M_s_ddg 1.39709257177257 1.34693722768706 1.44724791585808
15N_s_ddg 0.364580940019861 0.289347923891591 0.439813956148131
15P_s_ddg 2.60064202238655 2.34986530195898 3.00188477507066
15Q_s_ddg 0.88259505449486 0.782284366323833 0.982905742665887
15R_s_ddg 1.24197587422203 1.21689820217927 1.26705354626479
15S_s_ddg 0.752153490315317 0.701998146229804 0.80230883440083
15T_s_ddg 0.499621650987722 0.449466306902209 0.549776995073235
15V_s_ddg 2.06321936930392 2.03814169726116 2.08829704134668
15W_s_ddg 0.434150236276739 0.409072564233982 0.459227908319496
15Y_s_ddg 0.640075594793718 0.539764906622691 0.740386282964745
16A_s_ddg 0.46414517685966 0.439067504816903 0.489222848902417
16C_s_ddg 0.213357060896432 0.163201716810919 0.263512404981945
16D_s_ddg 1.3199514867945 1.29487381475174 1.34502915883726
16F_s_ddg -0.386919072544996 -0.51230743275878 -0.261530712331213
16G_s_ddg 0.539526916084111 0.539526916084111 0.539526916084111
16H_s_ddg -0.463326563059102 -0.538559579187372 -0.413171218973589
16I_s_ddg 0.367719635101467 0.292486618973197 0.442952651229737
16K_s_ddg 0.0403127803912893 0.0152351083485326 0.0904681244768027
16L_s_ddg -0.383461265682916 -0.408538937725673 -0.358383593640159
16M_s_ddg -0.920563242924337 -0.995796259052607 -0.845330226796067
16N_s_ddg 0.642752058826945 0.617674386784188 0.667829730869702
16P_s_ddg 2.67439501104612 2.57408432287509 2.7997833712599
16Q_s_ddg -0.633996064939263 -0.709229081067533 -0.558763048810993
16R_s_ddg 0.199284176033786 0.174206503991029 0.224361848076543
16S_s_ddg 0.811275405220402 0.786197733177645 0.836353077263159
16T_s_ddg 0.626100488682736 0.601022816639979 0.651178160725493
16V_s_ddg 0.554786064774929 0.554786064774929 0.554786064774929
16W_s_ddg -0.418433054025684 -0.468588398111197 -0.368277709940171
16Y_s_ddg -0.526726039500389 -0.727347415842443 -0.376260007243849
17A_s_ddg 2.74713229945873 2.52143325107392 3.09821970805732
17C_s_ddg 3.01635603835431 2.56495794158469 4.4708610168342
17D_s_ddg 3.80056096320315 3.22377450621975 7.61236711370217
17E_s_ddg 3.58098153439564 3.05435042149775 7.39278768489466
17F_s_ddg 0.87515169378938 0.824996349703867 0.925307037874893
17G_s_ddg 2.68815772526223 2.61292470913396 2.78846841343326
17H_s_ddg 3.34844133062554 2.84688788977041 7.16024748112456
17I_s_ddg 0.739866797015593 0.639556108844566 0.84017748518662
17K_s_ddg 2.98756616361093 2.78694478726888 3.33865357220952
17M_s_ddg 1.18732663166825 1.18732663166825 1.21240430371101
17N_s_ddg 2.33829631915378 2.21290795894 2.48876235141032
17P_s_ddg 2.51328857927179 2.48821090722903 2.5634439233573
17Q_s_ddg 2.78512284854804 2.78512284854804 2.83527819263355
17R_s_ddg 2.82857561070095 2.75334259457268 2.90380862682922
17S_s_ddg 3.2017209261654 2.97602187778059 3.57788600680675
17T_s_ddg 3.69939205477366 3.14768326983301 7.51119820527268
17V_s_ddg 1.62494025322902 1.62494025322902 1.62494025322902
17W_s_ddg 2.19233487169768 2.14217952761217 2.26756788782595
17Y_s_ddg 3.52321269923911 2.94642624225571 7.33501884973813
18A_s_ddg -0.0730387243594014 -0.0730387243594014 -0.0730387243594014
18C_s_ddg 0.287152541899142 0.287152541899142 0.287152541899142
18D_s_ddg 1.09030545973045 1.09030545973045 1.09030545973045
18E_s_ddg 0.242845156942784 0.217767484900027 0.267922828985541
18F_s_ddg 0.104028886182687 0.0538735420971736 0.1541842302682
18H_s_ddg 0.220429191650444 0.145196175522174 0.295662207778714
18I_s_ddg 1.19508510121801 1.17000742917525 1.24524044530352
18K_s_ddg -0.0216879979571722 -0.0718433420426856 0.0284673461283412
18L_s_ddg 0.772189279663943 0.772189279663943 0.772189279663943
18M_s_ddg 0.258320717594004 0.233243045551247 0.283398389636761
18N_s_ddg 0.715178308238104 0.665022964152591 0.765333652323617
18P_s_ddg 0.403602648928122 0.353447304842609 0.453757993013635
18Q_s_ddg 0.256095523781546 0.205940179696033 0.306250867867059
18R_s_ddg 0.184887712155267 0.184887712155267 0.184887712155267
18S_s_ddg 0.012471626166729 0.012471626166729 0.012471626166729
18T_s_ddg 0.231567726940258 0.181412382854745 0.281723071025771
18V_s_ddg 0.776333349254941 0.776333349254941 0.776333349254941
18W_s_ddg 0.0576003335888905 0.0576003335888905 0.0576003335888905
18Y_s_ddg 0.263230442386006 0.238152770343249 0.288308114428763
19A_s_ddg 1.99992112017199 1.97484344812923 1.99992112017199
19C_s_ddg 2.42843653700407 2.37828119291856 2.50366955313234
19D_s_ddg 2.97715892547065 2.82669289321411 3.22793564589822
19E_s_ddg 2.66794072632717 2.5927077101989 2.74317374245544
19G_s_ddg 2.74344147468982 2.71836380264706 2.76851914673258
19H_s_ddg 2.75944207426428 2.65913138609325 2.90990810652082
19I_s_ddg 1.63081290066707 1.63081290066707 1.63081290066707
19K_s_ddg 2.60147962104082 2.52624660491255 2.67671263716909
19L_s_ddg 1.38063007945093 1.38063007945093 1.38063007945093
19M_s_ddg 1.89198621262571 1.86690854058295 1.91706388466847
19N_s_ddg 2.81924026410973 2.69385190389595 2.96970629636627
19P_s_ddg 3.38394127355559 3.032853864957 4.01088307462451
19Q_s_ddg 3.05825496932601 2.90778893706947 3.28395401771082
19R_s_ddg 2.73033224729121 2.6801769032057 2.78048759137672
19S_s_ddg 2.6121356213314 2.58705794928864 2.66229096541691
19T_s_ddg 2.85999835041206 2.73460999019828 3.03554205471136
19V_s_ddg 2.35204118376923 2.32696351172647 2.40219652785474
19W_s_ddg 2.72290132332001 2.6727459792345 2.79813433944828
19Y_s_ddg 2.33032782862171 2.30525015657895 2.35540550066447
1A_s_ddg 0.326706334865537 0.326706334865537 0.326706334865537
1C_s_ddg 0.119494435079527 0.0944167630367703 0.144572107122284
1D_s_ddg 0.154485186953264 0.104329842867751 0.204640531038777
1E_s_ddg 0.141232820575777 0.141232820575777 0.166310492618534
1F_s_ddg -0.147887256295874 -0.172964928338631 -0.122809584253117
1G_s_ddg 0.315576537950519 0.315576537950519 0.315576537950519
1H_s_ddg 0.13759782338536 0.112520151342603 0.162675495428117
1I_s_ddg 0.132227328749678 0.132227328749678 0.132227328749678
1K_s_ddg 0.0964053099724052 0.0964053099724052 0.0964053099724052
1L_s_ddg -0.00675011640982853 -0.0318277884525852 0.0183275556329282
1M_s_ddg 0.00609070182995568 0.00609070182995568 0.00609070182995568
1N_s_ddg 0.0751230359634839 0.0500453639207272 0.100200708006241
1P_s_ddg 0.212412728712737 0.162257384627224 0.26256807279825
1Q_s_ddg 0.170310352586662 0.145232680543905 0.195388024629419
1R_s_ddg 0.403890954431743 0.403890954431743 0.403890954431743
1S_s_ddg 0.0297779646086731 0.0297779646086731 0.0297779646086731
1V_s_ddg 0.106215718521969 0.106215718521969 0.106215718521969
1W_s_ddg 0.530965603304533 0.530965603304533 0.530965603304533
1Y_s_ddg 0.152567113413011 0.127489441370254 0.177644785455768
20A_s_ddg 0.617163424982283 0.617163424982283 0.617163424982283
20C_s_ddg 0.832834278567044 0.832834278567044 0.832834278567044
20D_s_ddg 1.33815548844761 1.31307781640485 1.36323316049037
20E_s_ddg 0.595659460043568 0.595659460043568 0.595659460043568
20F_s_ddg 1.09016952999073 1.06509185794797 1.11524720203349
20G_s_ddg 1.07055717931162 1.07055717931162 1.07055717931162
20H_s_ddg 0.189972840476761 0.189972840476761 0.189972840476761
20I_s_ddg 1.16397714314224 1.13889947109948 1.189054815185
20K_s_ddg -0.375557846064003 -0.40063551810676 -0.375557846064003
20L_s_ddg 0.941000525005214 0.941000525005214 0.941000525005214
20M_s_ddg 0.715254939427153 0.715254939427153 0.715254939427153
20N_s_ddg 0.648366306332854 0.623288634290097 0.673443978375611
20P_s_ddg 2.15997185576354 2.13489418372078 2.21012719984905
20Q_s_ddg 0.341640033829252 0.341640033829252 0.366717705872009
20S_s_ddg 0.357611835165789 0.357611835165789 0.357611835165789
20T_s_ddg 0.775522394308206 0.775522394308206 0.775522394308206
20V_s_ddg 0.823593632180313 0.823593632180313 0.823593632180313
20W_s_ddg 1.54530758652199 1.54530758652199 1.54530758652199
20Y_s_ddg 1.24466533771618 1.21958766567342 1.26974300975894
21A_s_ddg -0.208499479594173 -0.208499479594173 -0.208499479594173
21C_s_ddg 0.808181536116218 0.808181536116218 0.808181536116218
21D_s_ddg 1.81039095291703 1.76023560883152 1.86054629700254
21E_s_ddg 0.0158398176419919 0.0158398176419919 0.0158398176419919
21F_s_ddg 1.63827235448163 1.61319468243887 1.66335002652439
21G_s_ddg 1.26871338583545 1.26871338583545 1.26871338583545
21H_s_ddg 0.812400159944152 0.787322487901395 0.837477831986909
21I_s_ddg 1.00494660595021 0.979868933907453 1.03002427799297
21K_s_ddg -0.463196305297402 -0.463196305297402 -0.463196305297402
21L_s_ddg 1.24686868703482 1.24686868703482 1.24686868703482
21M_s_ddg 0.520277686161527 0.520277686161527 0.520277686161527
21N_s_ddg 1.33091003244945 1.30583236040669 1.35598770449221
21P_s_ddg 2.04002177581379 2.04002177581379 2.06509944785655
21Q_s_ddg 0.118293203102103 0.118293203102103 0.118293203102103
21S_s_ddg 0.454132782178829 0.454132782178829 0.454132782178829
21T_s_ddg 0.425885925967611 0.425885925967611 0.425885925967611
21V_s_ddg 0.271354915671721 0.271354915671721 0.271354915671721
21W_s_ddg 1.97628858878408 1.97628858878408 1.97628858878408
21Y_s_ddg 1.52665010832875 1.50157243628599 1.55172778037151
22A_s_ddg 1.96002262369627 1.93494495165351 1.98510029573903
22C_s_ddg 2.37114558265178 2.29591256652351 2.44637859878005
22D_s_ddg 1.42265109116199 1.39757341911923 1.44772876320475
22E_s_ddg 1.67895460385115 1.67895460385115 1.67895460385115
22F_s_ddg 1.7039927221234 1.67891505008064 1.72907039416616
22H_s_ddg 1.82897479138462 1.75374177525635 1.90420780751289
22I_s_ddg 3.53426001298511 3.00762890008722 7.34606616348413
22K_s_ddg 2.17235161189634 2.07204092372531 2.29773997211012
22L_s_ddg 2.09565158993608 2.07057391789332 2.12072926197884
22M_s_ddg 2.42136054595353 2.29597218573975 2.57182657821007
22N_s_ddg 1.65099379652902 1.62591612448626 1.67607146857178
22P_s_ddg 2.28670285653205 2.21146984040378 2.36193587266032
22Q_s_ddg 2.25234871858833 2.12696035837455 2.40281475084487
22R_s_ddg 1.90314960125256 1.90314960125256 1.90314960125256
22S_s_ddg 2.22626087363663 2.20118320159387 2.27641621772214
22T_s_ddg 2.69472594093628 2.59441525276525 2.84519197319282
22V_s_ddg 2.34101656461611 2.31593889257335 2.36609423665887
22W_s_ddg 2.18553861090579 2.16046093886303 2.2356939549913
22Y_s_ddg 1.7919021585709 1.74174681448539 1.84205750265641
23A_s_ddg 1.7420829722944 1.7420829722944 1.76716064433716
23C_s_ddg 2.71444392151254 2.58905556129876 2.88998762581184
23E_s_ddg 0.489397701344999 0.489397701344999 0.489397701344999
23F_s_ddg 2.64301762195065 2.51762926173687 2.81856132624995
23G_s_ddg 2.52417240530165 2.49909473325889 2.54925007734441
23H_s_ddg 1.71651195798608 1.69143428594332 1.74158963002884
23I_s_ddg 3.55202540056702 3.07554963175464 7.36383155106604
23K_s_ddg 3.19111814263696 2.99049676629491 3.49205020715004
23L_s_ddg 2.80101427746081 2.70070358928978 2.92640263767459
23M_s_ddg 1.94578859543176 1.920710923389 1.97086626747452
23N_s_ddg 1.35556227567495 1.35556227567495 1.35556227567495
23P_s_ddg 3.59143423947928 3.14003614270966 5.34687128247225
23Q_s_ddg 1.39857611569717 1.37349844365441 1.42365378773993
23R_s_ddg 2.96789823884794 2.86758755067691 3.09328659906172
23S_s_ddg 2.11507345774297 2.06491811365746 2.16522880182848
23T_s_ddg 1.85734890128393 1.83227122924117 1.88242657332669
23V_s_ddg 2.13431833619984 2.13431833619984 2.13431833619984
23W_s_ddg 1.56499893166232 1.56499893166232 1.59007660370508
23Y_s_ddg 1.71535224618293 1.69027457414017 1.71535224618293
24A_s_ddg 1.34654095670096 1.29638561261545 1.39669630078647
24C_s_ddg 0.599139937871263 0.574062265828506 0.62421760991402
24D_s_ddg 1.75177808263364 1.57623437833434 1.97747713101845
24E_s_ddg 0.741712478337142 0.666479462208872 0.791867822422655
24G_s_ddg 2.15368328999752 2.10352794591201 2.20383863408303
24H_s_ddg 0.213975138774955 -0.036801581652612 0.439674187159765
24I_s_ddg -0.529707851958999 -0.529707851958999 -0.529707851958999
24K_s_ddg -0.0533881019666346 -0.153698790137661 0.0469225862043922
24L_s_ddg -0.0551559757585659 -0.0551559757585659 -0.0551559757585659
24M_s_ddg -0.110359892876388 -0.185592909004658 -0.0351268767481179
24N_s_ddg 1.13141222484757 1.0561792087193 1.20664524097584
24P_s_ddg 2.06703576662359 1.89149206232429 2.31781248705116
24Q_s_ddg 0.608237476489825 0.507926788318798 0.708548164660852
24R_s_ddg -0.199680057938481 -0.249835402023994 -0.149524713852968
24S_s_ddg 0.786239649626966 0.786239649626966 0.786239649626966
24T_s_ddg 0.297760679303578 0.197449991132551 0.398071367474605
24V_s_ddg -0.129181493139429 -0.154259165182186 -0.104103821096672
24W_s_ddg 0.159755826640227 0.0845228105119569 0.234988842768497
24Y_s_ddg 0.202720789278594 0.202720789278594 0.202720789278594
25A_s_ddg 2.75023285301438 2.6248444928006 2.92577655731368
25C_s_ddg 2.65065504605224 2.37480065358192 3.0769754707791
25D_s_ddg 2.73511596130211 2.5094169129173 3.0862033699007
25E_s_ddg 1.78169743744765 1.73154209336214 1.83185278153316
25F_s_ddg 2.40507134713772 2.37999367509496 2.43014901918048
25G_s_ddg 2.287451879251 2.26237420720824 2.31252955129376
25H_s_ddg 3.48410829843144 2.90732184144804 7.29591444893046
25K_s_ddg 3.59111763681856 3.03940885187791 7.40292378731758
25L_s_ddg 1.61484374444333 1.61484374444333 1.61484374444333
25M_s_ddg 2.33182922303152 2.30675155098876 2.35690689507428
25N_s_ddg 2.8719257227041 2.82177037861859 2.92208106678961
25P_s_ddg 2.44888995478957 2.34857926661854 2.57427831500335
25Q_s_ddg 3.25486606643753 2.85362331375342 4.10750691589126
25R_s_ddg 2.69266630989769 2.59235562172666 2.81805467011147
25S_s_ddg 2.83079823141942 2.73048754324839 2.9561865916332
25T_s_ddg 2.67562982136797 2.65055214932521 2.72578516545348
25V_s_ddg 0.989777409223531 0.989777409223531 0.989777409223531
25W_s_ddg 2.32992702883551 2.20453866862173 2.48039306109205
25Y_s_ddg 2.72833653687754 2.4023268003217 3.25496764977543
26A_s_ddg 0.322141973582209 0.271986629496696 0.372297317667722
26C_s_ddg 0.277082613114519 0.201849596986249 0.352315629242789
26D_s_ddg 0.300171410293737 0.224938394165467 0.375404426422007
26E_s_ddg -0.651453199708979 -0.776841559922762 -0.551142511537952
26F_s_ddg -0.174796638460325 -0.275107326631352 -0.0744859502892982
26G_s_ddg 1.16547151416997 1.14039384212721 1.19054918621273
26I_s_ddg 0.472004126103832 0.296460421804535 0.622470158360372
26K_s_ddg -0.147986125522458 -0.273374485736242 -0.0476754373514312
26L_s_ddg -0.258338222075514 -0.258338222075514 -0.258338222075514
26M_s_ddg 0.00338036684004704 -0.0969303213309798 0.0786133829683172
26N_s_ddg 0.361183830986328 0.336106158943571 0.386261503029085
26P_s_ddg 2.54515618149637 2.4699231653681 2.6454668696674
26Q_s_ddg -0.182471852822118 -0.182471852822118 -0.182471852822118
26R_s_ddg -0.090502990757311 -0.115580662800068 -0.0654253187145543
26S_s_ddg 0.433260925067257 0.383105580981744 0.48341626915277
26T_s_ddg 0.348977227500338 0.248666539329311 0.449287915671365
26V_s_ddg 0.0824617778716498 0.0323064337861364 0.132617121957163
26W_s_ddg 0.28743791069444 0.21220489456617 0.36267092682271
26Y_s_ddg 0.139285271538494 0.114207599495737 0.164362943581251
27A_s_ddg 2.10510737818618 2.10510737818618 2.13018505022894
27C_s_ddg 1.99106959370713 1.91583657757886 2.0663026098354
27D_s_ddg 2.64383982552141 2.61876215347865 2.69399516960692
27E_s_ddg 2.85636661359809 2.70590058134155 3.0820656619829
27F_s_ddg 1.85289598520788 1.80274064112237 1.90305132929339
27G_s_ddg 2.81441863248177 2.76426328839626 2.86457397656728
27H_s_ddg 3.24106853651691 2.73951509566178 7.05287468701593
27I_s_ddg 0.479324615707724 0.479324615707724 0.479324615707724
27K_s_ddg 2.78331104035557 2.60776733605627 3.08424310486865
27L_s_ddg 0.439899905850379 0.414822233807622 0.464977577893136
27M_s_ddg 1.69288389420468 1.61765087807641 1.76811691033295
27N_s_ddg 3.12162666654527 2.74546158590392 3.84887915578521
27P_s_ddg 2.97291642425132 2.49644065543894 4.40234373068845
27Q_s_ddg 2.62683521564375 2.32590315113067 3.10331098445613
27R_s_ddg 2.62553798964094 2.50014962942716 2.80108169394024
27S_s_ddg 2.91453247034568 2.7891441101319 3.11515384668773
27T_s_ddg 3.05881225958033 2.73280252302449 3.63559871656373
27W_s_ddg 1.79334709150216 1.74319174741665 1.84350243558767
27Y_s_ddg 2.57317422203737 2.34747517365256 2.94933930267872
28A_s_ddg 1.31430007570206 1.31430007570206 1.31430007570206
28C_s_ddg 0.992399379793929 0.967321707751172 0.992399379793929
28D_s_ddg 1.32142822973129 1.29635055768853 1.34650590177405
28E_s_ddg 0.303708075344935 0.303708075344935 0.303708075344935
28F_s_ddg 0.639326790443552 0.614249118400795 0.664404462486309
28G_s_ddg 2.1523731980086 2.1523731980086 2.1523731980086
28H_s_ddg 0.821504282928275 0.771348938842762 0.871659627013788
28I_s_ddg -0.0959289839569455 -0.0959289839569455 -0.0959289839569455
28K_s_ddg 0.597920303158559 0.597920303158559 0.597920303158559
28L_s_ddg -0.451874702274418 -0.451874702274418 -0.451874702274418
28N_s_ddg 1.32780504645581 1.30272737441305 1.35288271849857
28P_s_ddg 2.88539989106868 2.7600115308549 3.06094359536798
28Q_s_ddg 0.511119628263462 0.511119628263462 0.511119628263462
28R_s_ddg 1.06951919901301 1.06951919901301 1.06951919901301
28S_s_ddg 0.694446254774559 0.694446254774559 0.694446254774559
28T_s_ddg 0.033608023153447 0.033608023153447 0.033608023153447
28V_s_ddg 0.0575871195735345 0.0575871195735345 0.0575871195735345
28W_s_ddg 0.76877777876394 0.76877777876394 0.76877777876394
28Y_s_ddg 1.44495676288842 1.41987909084566 1.47003443493118
29A_s_ddg 1.68648466106804 1.66140698902528 1.7115623331108
29C_s_ddg 1.44978589836495 1.39963055427944 1.49994124245046
29E_s_ddg 0.457892198769857 0.457892198769857 0.457892198769857
29F_s_ddg 2.51312514138326 2.38773678116948 2.68866884568256
29G_s_ddg 1.80305496011818 1.80305496011818 1.82813263216094
29H_s_ddg 1.63668957344216 1.6116119013994 1.66176724548492
29I_s_ddg 2.9504055864768 2.42377447357891 6.76221173697582
29K_s_ddg 2.26927377593969 2.19404075981142 2.36958446411072
29L_s_ddg 2.98445646491655 2.83399043266001 3.23523318534412
29M_s_ddg 2.53922540715951 2.43891471898848 2.68969143941605
29N_s_ddg 1.06918927355348 1.06918927355348 1.06918927355348
29P_s_ddg 3.22356578690669 2.67185700196604 7.03537193740571
29Q_s_ddg 1.34320107177073 1.29304572768522 1.39335641585624
29R_s_ddg 2.66096574477482 2.56065505660379 2.7863541049886
29S_s_ddg 1.67417076718489 1.62401542309938 1.7243261112704
29T_s_ddg 2.57761524027628 2.35191619189147 2.92870264887487
29V_s_ddg 1.74755228111962 1.74755228111962 1.74755228111962
29W_s_ddg 2.64617399629669 2.57094098016842 2.72140701242496
29Y_s_ddg 1.8057830289617 1.78070535691894 1.83086070100446
2A_s_ddg 0.960067122100589 0.960067122100589 0.960067122100589
2C_s_ddg 0.319467153052096 0.319467153052096 0.319467153052096
2D_s_ddg 0.843156928763917 0.843156928763917 0.843156928763917
2E_s_ddg 0.472875114554186 0.472875114554186 0.472875114554186
2F_s_ddg 0.128295041161271 0.128295041161271 0.128295041161271
2G_s_ddg 1.45321706119097 1.45321706119097 1.45321706119097
2H_s_ddg 0.501974252789556 0.501974252789556 0.501974252789556
2I_s_ddg -0.252294582736968 -0.277372254779725 -0.227216910694211
2K_s_ddg 0.107356842429032 0.107356842429032 0.107356842429032
2L_s_ddg -0.218421326292887 -0.218421326292887 -0.218421326292887
2M_s_ddg -0.0449615569305525 -0.0700392289733092 -0.0198838848877958
2N_s_ddg 0.698804952850195 0.698804952850195 0.698804952850195
2P_s_ddg 1.22359787961643 1.22359787961643 1.22359787961643
2Q_s_ddg 0.300788829509598 0.275711157466841 0.300788829509598
2R_s_ddg 0.184394360407447 0.184394360407447 0.184394360407447
2S_s_ddg 0.721247816867924 0.721247816867924 0.721247816867924
2T_s_ddg -0.0854525947712057 -0.0854525947712057 -0.0854525947712057
2V_s_ddg -0.188411654277934 -0.188411654277934 -0.188411654277934
2W_s_ddg -0.0806194202806104 -0.0806194202806104 -0.0806194202806104
30A_s_ddg 0.480287426501313 0.455209754458556 0.50536509854407
30C_s_ddg 0.287486902662791 0.212253886534521 0.337642246748304
30D_s_ddg -0.0921829144551328 -0.142338258540646 -0.0671052424123761
30E_s_ddg 0.936232183873916 0.911154511831159 0.986387527959429
30F_s_ddg 0.938874269779263 0.88871892569375 0.989029613864776
30G_s_ddg 0.735803979056698 0.710726307013941 0.760881651099455
30H_s_ddg 0.578786741168636 0.553709069125879 0.603864413211393
30I_s_ddg 0.899206177065616 0.899206177065616 0.899206177065616
30K_s_ddg 0.188766817915435 0.163689145872678 0.213844489958192
30L_s_ddg 1.63426385072419 1.58410850663868 1.6844191948097
30M_s_ddg 0.146619093565174 0.0713860774369039 0.221852109693444
30P_s_ddg 1.24566335913721 1.22058568709445 1.27074103117997
30Q_s_ddg 0.184255404356156 0.109022388227886 0.259488420484426
30R_s_ddg 0.0910715101178389 0.0659938380750822 0.116149182160596
30S_s_ddg 0.0981838441118878 0.0731061720691311 0.123261516154645
30T_s_ddg 0.173837120026399 0.148759447983642 0.198914792069156
30V_s_ddg 0.790716759497877 0.76563908745512 0.815794431540634
30W_s_ddg 0.809090064016648 0.758934719931135 0.859245408102161
30Y_s_ddg 0.765071368704846 0.739993696662089 0.790149040747603
31A_s_ddg 0.697818773429218 0.672741101386461 0.722896445471975
31C_s_ddg 1.24773714016794 1.22265946812518 1.2728148122107
31D_s_ddg 0.443505317147947 0.368272301019677 0.518738333276217
31E_s_ddg 1.00080735655228 0.975729684509523 1.02588502859504
31F_s_ddg 2.31658141703642 2.11596004069437 2.6175134815495
31G_s_ddg 0.995203549344797 0.97012587730204 1.02028122138755
31H_s_ddg 0.630562588586857 0.53025190041583 0.730873276757884
31I_s_ddg 1.72161485313055 1.67145950904504 1.79684786925882
31K_s_ddg 0.530647386827113 0.4804920427416 0.580802730912626
31L_s_ddg 1.43455493010285 1.43455493010285 1.43455493010285
31M_s_ddg 2.06041149512593 1.88486779082663 2.3111882155535
31N_s_ddg 0.787489672073432 0.712256655945162 0.837645016158945
31P_s_ddg 2.38424341021533 2.38424341021533 2.40932108225809
31Q_s_ddg 0.680875629201236 0.630720285115723 0.731030973286749
31R_s_ddg 0.745922545587673 0.720844873544916 0.77100021763043
31T_s_ddg 0.0903701135869143 0.0903701135869143 0.0903701135869143
31V_s_ddg 1.54949791930203 1.52442024725927 1.57457559134479
31W_s_ddg 2.18233772925037 2.1071047131221 2.2826484174214
31Y_s_ddg 2.05348062446249 1.90301459220595 2.22902432876179
32A_s_ddg 1.12852948205772 1.12852948205772 1.15360715410048
32C_s_ddg 1.20999820723393 1.18492053519117 1.23507587927669
32E_s_ddg 1.49222941177992 1.49222941177992 1.51730708382268
32F_s_ddg 2.81881385300818 2.59311480462337 3.19497893364953
32G_s_ddg 0.870676487937473 0.870676487937473 0.870676487937473
32H_s_ddg 0.565588029972188 0.490355013843918 0.640821046100458
32I_s_ddg 3.25212736228695 2.77565159347457 7.06393351278597
32K_s_ddg 1.08526994031207 1.06019226826931 1.11034761235483
32L_s_ddg 1.57412846264219 1.54905079059943 1.59920613468495
32M_s_ddg 1.53341954701223 1.48326420292672 1.58357489109774
32N_s_ddg 0.342180873049324 0.342180873049324 0.342180873049324
32P_s_ddg 2.30348196672741 2.2533266226419 2.37871498285568
32Q_s_ddg 0.900108078759684 0.849952734674171 0.950263422845197
32R_s_ddg 1.20555262985809 1.20555262985809 1.23063030190085
32S_s_ddg 0.949737435343596 0.924659763300839 0.974815107386353
32T_s_ddg 1.39862723770372 1.34847189361821 1.44878258178923
32V_s_ddg 2.69779221765213 2.67271454560937 2.74794756173764
32W_s_ddg 2.06364902627191 2.0134936821864 2.11380437035742
32Y_s_ddg 1.96133686782536 1.9362591957826 1.98641453986812
33A_s_ddg 0.26427201553437 0.239194343491613 0.289349687577127
33C_s_ddg 0.750926021404606 0.725848349361849 0.776003693447363
33D_s_ddg 0.432893774641019 0.382738430555506 0.483049118726532
33E_s_ddg 0.154518805816419 0.129441133773662 0.179596477859176
33F_s_ddg 1.63244964446369 1.60737197242093 1.65752731650645
33G_s_ddg 0.785264989900367 0.76018731785761 0.810342661943124
33H_s_ddg 0.632375303272153 0.607297631229396 0.65745297531491
33I_s_ddg 0.923044972918393 0.897967300875636 0.94812264496115
33K_s_ddg 0.516228896006389 0.466073551920876 0.566384240091902
33L_s_ddg 0.67350495964203 0.67350495964203 0.67350495964203
33M_s_ddg 0.826522034938232 0.801444362895475 0.851599706980989
33N_s_ddg 0.573856705055075 0.548779033012318 0.598934377097832
33Q_s_ddg 0.535426170126053 0.510348498083296 0.56050384216881
33R_s_ddg 0.398874065398879 0.398874065398879 0.423951737441636
33S_s_ddg 0.554477881690573 0.554477881690573 0.554477881690573
33T_s_ddg 0.631197824976578 0.631197824976578 0.631197824976578
33V_s_ddg 0.788990078498365 0.763912406455608 0.814067750541122
33W_s_ddg 1.73108436169296 1.68092901760745 1.78123970577847
33Y_s_ddg 1.407925704848 1.35777036076249 1.45808104893351
34A_s_ddg 0.686188236210879 0.661110564168122 0.711265908253636
34C_s_ddg 0.669116621335169 0.618961277249656 0.719271965420682
34D_s_ddg 0.120507194771557 0.0954295227288003 0.145584866814314
34E_s_ddg 0.242749600049423 0.167516583921153 0.317982616177693
34F_s_ddg -0.106680550473113 -0.20699123864414 -0.00636986230208618
34G_s_ddg 0.910899392601945 0.910899392601945 0.935977064644702
34H_s_ddg -0.466302531194637 -0.616768563451177 -0.340914170980853
34I_s_ddg 0.707310177681829 0.707310177681829 0.707310177681829
34K_s_ddg 0.0298118651499767 0.00473419310721999 0.0548895371927334
34L_s_ddg 0.312009656287984 0.261854312202471 0.362165000373497
34M_s_ddg 0.320745185829062 0.245512169700792 0.395978201957332
34P_s_ddg 3.58354127221387 3.08198783135874 7.39534742271289
34Q_s_ddg 0.504941035454078 0.429708019325808 0.555096379539591
34R_s_ddg 0.310957555629945 0.285879883587188 0.336035227672702
34S_s_ddg 0.717888334114943 0.692810662072186 0.7429660061577
34T_s_ddg 0.444299083604154 0.369066067475884 0.519532099732424
34V_s_ddg -0.215837628480804 -0.291070644609074 -0.140604612352534
34W_s_ddg 0.576468617122336 0.526313273036823 0.626623961207849
34Y_s_ddg 0.210631850008087 0.210631850008087 0.210631850008087
35A_s_ddg 1.50652931402859 1.50652931402859 1.50652931402859
35C_s_ddg 1.26698858627134 1.26698858627134 1.2920662583141
35D_s_ddg 2.02413895092584 1.97398360684033 2.07429429501135
35E_s_ddg 1.19519206544708 1.17011439340432 1.22026973748984
35F_s_ddg 0.764019392051355 0.738941720008598 0.789097064094112
35G_s_ddg 2.48153630695728 2.45645863491452 2.50661397900004
35H_s_ddg 0.820111800257798 0.795034128215041 0.845189472300555
35I_s_ddg 0.546873311068905 0.521795639026148 0.571950983111662
35K_s_ddg 0.463887169249245 0.438809497206488 0.488964841292002
35L_s_ddg 0.867562769780326 0.867562769780326 0.867562769780326
35M_s_ddg 0.216663555897674 0.191585883854917 0.241741227940431
35N_s_ddg 0.944595203667311 0.919517531624554 0.969672875710068
35P_s_ddg 2.83381244193601 2.70842408172223 2.98427847419255
35Q_s_ddg 0.778195787498165 0.753118115455408 0.803273459540922
35R_s_ddg 0.408533215017442 0.408533215017442 0.408533215017442
35S_s_ddg 1.2418225816617 1.2418225816617 1.2418225816617
35T_s_ddg 0.518264054295916 0.493186382253159 0.543341726338673
35V_s_ddg 0.334838784901366 0.334838784901366 0.334838784901366
35Y_s_ddg 0.552927685398342 0.527850013355585 0.578005357441099
36A_s_ddg 2.06503868516694 2.03996101312418 2.0901163572097
36C_s_ddg 1.55737912428171 1.55737912428171 1.55737912428171
36D_s_ddg 3.08305452586268 2.7821224613496 3.58460796671781
36E_s_ddg 2.65755243923199 2.55724175106096 2.78294079944577
36F_s_ddg 1.40649429171012 1.38141661966736 1.43157196375288
36G_s_ddg 2.18648706371487 2.18648706371487 2.21156473575763
36H_s_ddg 2.75826507787363 2.50748835744606 3.13443015851498
36I_s_ddg 0.421334005946922 0.371178661861409 0.471489350032435
36K_s_ddg 2.7423624430708 2.59189641081426 2.96806149145561
36L_s_ddg 0.700866424989624 0.700866424989624 0.700866424989624
36M_s_ddg 0.633739264322154 0.608661592279397 0.658816936364911
36N_s_ddg 2.61040258593797 2.45993655368143 2.81102396228002
36P_s_ddg 1.81091904332565 1.76076369924014 1.86107438741116
36Q_s_ddg 2.5486429238768 2.39817689162026 2.74926430021885
36R_s_ddg 2.86704408342671 2.84196641138395 2.89212175546947
36S_s_ddg 2.15049467080319 2.12541699876043 2.17557234284595
36T_s_ddg 2.36410482076986 2.28887180464159 2.46441550894089
36V_s_ddg 0.83955829806747 0.83955829806747 0.83955829806747
36Y_s_ddg 1.00222679384023 0.977149121797473 1.05238213792574
37A_s_ddg 1.24860572775955 1.24860572775955 1.27368339980231
37C_s_ddg 0.813677395095681 0.788599723052924 0.838755067138438
37D_s_ddg 2.40246380768761 2.32723079155934 2.50277449585864
37E_s_ddg 0.293998740774602 0.293998740774602 0.293998740774602
37F_s_ddg 0.712283269703781 0.687205597661024 0.737360941746538
37G_s_ddg 1.76171902284095 1.76171902284095 1.76171902284095
37H_s_ddg 0.386266472575042 0.311033456446772 0.461499488703312
37I_s_ddg -0.165092487458365 -0.190170159501122 -0.165092487458365
37L_s_ddg 0.429687263833457 0.429687263833457 0.429687263833457
37M_s_ddg 0.422974584426016 0.397896912383259 0.448052256468773
37N_s_ddg 0.787432279658774 0.787432279658774 0.787432279658774
37P_s_ddg 2.97126399017133 2.77064261382928 3.27219605468441
37Q_s_ddg 0.426868824598403 0.401791152555646 0.45194649664116
37R_s_ddg 0.495768958520863 0.495768958520863 0.495768958520863
37S_s_ddg 0.966739591394905 0.966739591394905 0.966739591394905
37T_s_ddg 0.570361783962135 0.570361783962135 0.570361783962135
37V_s_ddg 0.339487325200705 0.339487325200705 0.339487325200705
37W_s_ddg 0.620572354619409 0.620572354619409 0.620572354619409
37Y_s_ddg 0.465201164875589 0.415045820790076 0.515356508961102
38A_s_ddg 2.42846871280136 2.37831336871585 2.50370172892963
38C_s_ddg 3.0459549158896 2.82025586750479 3.39704232448819
38D_s_ddg 2.94326469897646 2.69248797854889 3.34450745166057
38E_s_ddg 2.63042518779058 2.58026984370507 2.68058053187609
38F_s_ddg 3.19403840063795 2.8178733199966 3.84605787374962
38H_s_ddg 3.02869844134691 2.55222267253453 4.25750437144199
38I_s_ddg 3.54365443616297 2.99194565122232 7.35546058666199
38K_s_ddg 3.03565564573226 2.83503426939021 3.38674305433085
38L_s_ddg 2.72483915770529 2.64960614157702 2.82514984587632
38M_s_ddg 3.27354091494651 2.89737583430516 3.9757157321437
38N_s_ddg 2.69210472416171 2.49148334781966 2.99303678867479
38P_s_ddg 3.26560429959483 2.83928387486797 4.2687111813051
38Q_s_ddg 2.98163308183191 2.78101170548986 3.28256514634499
38R_s_ddg 2.93708713993324 2.88693179584773 2.98724248401875
38S_s_ddg 3.78973424240109 3.28818080154596 7.60154039290011
38T_s_ddg 3.48142933966674 3.00495357085436 7.29323549016576
38V_s_ddg 2.35262341550934 2.32754574346658 2.3777010875521
38W_s_ddg 2.63679484624212 2.58663950215661 2.71202786237039
38Y_s_ddg 3.13003006910674 2.62847662825161 6.94183621960576
39C_s_ddg 0.20507860634842 0.154923262262907 0.255233950433933
39D_s_ddg 0.537204997311779 0.512127325269022 0.562282669354536
39E_s_ddg -0.456774928192881 -0.481852600235638 -0.431697256150124
39F_s_ddg 0.778230522891666 0.702997506763396 0.853463539019936
39G_s_ddg 0.719026940204369 0.719026940204369 0.719026940204369
39H_s_ddg 0.193758796431262 0.0683704362174785 0.319147156645046
39I_s_ddg 0.747102607895274 0.646791919724247 0.847413296066301
39K_s_ddg 0.154269206559597 0.12919153451684 0.179346878602354
39L_s_ddg 0.628348274752358 0.603270602709601 0.653425946795115
39M_s_ddg 0.25868839018354 0.208533046098027 0.308843734269053
39N_s_ddg 0.525035686172715 0.449802670044445 0.600268702300985
39P_s_ddg 2.84437288211039 2.71898452189661 2.94468357028142
39Q_s_ddg 0.0827080428334718 0.0325526987479584 0.132863386918985
39R_s_ddg 0.122110053056066 0.0970323810133093 0.147187725098823
39S_s_ddg -0.0130689422821598 -0.0381466143249165 0.0120087297605969
39T_s_ddg 0.250377618585474 0.225299946542717 0.275455290628231
39V_s_ddg 0.336233148159208 0.336233148159208 0.336233148159208
39W_s_ddg 0.868968406345097 0.84389073430234 0.894046078387854
39Y_s_ddg 0.387143241158589 0.311910225030319 0.462376257286859
3A_s_ddg 0.411025827070848 0.411025827070848 0.411025827070848
3C_s_ddg 0.473380240467694 0.473380240467694 0.473380240467694
3D_s_ddg 2.63630127424005 2.61122360219729 2.68645661832556
3E_s_ddg 2.39438803235611 2.39438803235611 2.41946570439887
3F_s_ddg 0.657317402630861 0.657317402630861 0.657317402630861
3G_s_ddg 2.21386374885869 2.21386374885869 2.21386374885869
3H_s_ddg 0.979913241293887 0.979913241293887 0.979913241293887
3I_s_ddg 1.77048222845093 1.77048222845093 1.77048222845093
3K_s_ddg 2.29781462836196 2.2727369563192 2.32289230040472
3L_s_ddg 1.88353986193061 1.88353986193061 1.88353986193061
3M_s_ddg 0.82307978983019 0.82307978983019 0.82307978983019
3N_s_ddg 2.36612163168677 2.31596628760126 2.41627697577228
3P_s_ddg 2.80728729513121 2.7571319510457 2.88252031125948
3Q_s_ddg 2.04948338299913 2.02440571095637 2.07456105504189
3R_s_ddg 2.48050233282024 2.45542466077748 2.505580004863
3S_s_ddg 1.84915834845052 1.84915834845052 1.84915834845052
3T_s_ddg 1.90048166266354 1.90048166266354 1.9255593347063
3W_s_ddg 0.635008393607379 0.635008393607379 0.635008393607379
3Y_s_ddg 0.0749701410055688 0.0498924689628121 0.100047813048326
40A_s_ddg 0.477936868565077 0.45285919652232 0.503014540607834
40D_s_ddg 2.4811809621001 2.38087027392907 2.60656932231388
40E_s_ddg 2.45455843784817 2.3793254217199 2.52979145397644
40F_s_ddg 1.29788947266644 1.29788947266644 1.29788947266644
40G_s_ddg 2.16264428741699 2.16264428741699 2.16264428741699
40H_s_ddg 0.997380598956307 0.97230292691355 1.02245827099906
40I_s_ddg 0.662743664724533 0.637665992681776 0.712899008810046
40K_s_ddg 1.10155123693713 1.10155123693713 1.10155123693713
40L_s_ddg 0.466870617388239 0.466870617388239 0.466870617388239
40M_s_ddg 1.16452862080588 1.13945094876312 1.18960629284864
40N_s_ddg 1.66296867874691 1.63789100670415 1.71312402283242
40P_s_ddg 2.92991857503856 2.70421952665375 3.28100598363715
40Q_s_ddg 2.15161539801975 2.07638238189148 2.25192608619078
40R_s_ddg 0.947387941714768 0.947387941714768 0.947387941714768
40S_s_ddg 0.913772652785167 0.913772652785167 0.913772652785167
40T_s_ddg 1.16708503978358 1.14200736774082 1.19216271182634
40V_s_ddg 0.339985591026701 0.339985591026701 0.339985591026701
40W_s_ddg 2.14451648185 2.11943880980724 2.16959415389276
40Y_s_ddg 1.38179700500154 1.38179700500154 1.38179700500154
41A_s_ddg 0.861317983992335 0.836240311949578 0.886395656035092
41C_s_ddg 1.4230117270747 1.39793405503194 1.44808939911746
41D_s_ddg 0.667850380214607 0.64277270817185 0.692928052257364
41E_s_ddg 1.16565377603893 1.14057610399617 1.19073144808169
41F_s_ddg 1.63035920332922 1.55512618720095 1.70559221945749
41G_s_ddg 0.645085607593808 0.645085607593808 0.645085607593808
41I_s_ddg 2.24574227923945 2.14543159106842 2.34605296741048
41K_s_ddg 0.154034178855092 0.128956506812335 0.179111850897849
41L_s_ddg 1.10030328787853 1.10030328787853 1.10030328787853
41M_s_ddg 1.20190035505621 1.17682268301345 1.22697802709897
41N_s_ddg -0.420331344270138 -0.445409016312895 -0.395253672227381
41P_s_ddg 2.3966350245887 2.32140200846043 2.47186804071697
41Q_s_ddg 0.52927612845385 0.504198456411093 0.52927612845385
41R_s_ddg 0.247814337361311 0.247814337361311 0.247814337361311
41S_s_ddg 0.989295584885195 0.964217912842438 1.01437325692795
41T_s_ddg 2.40364149916045 2.30333081098942 2.52902985937423
41V_s_ddg 2.57679882341289 2.47648813524186 2.70218718362667
41W_s_ddg 1.60607715873672 1.58099948669396 1.63115483077948
41Y_s_ddg 0.904578969799195 0.904578969799195 0.929656641841952
42A_s_ddg 1.69060607943546 1.69060607943546 1.69060607943546
42C_s_ddg 2.15488872636306 2.07965571023479 2.23012174249133
42D_s_ddg 0.890013830369735 0.864936158326978 0.915091502412492
42E_s_ddg 0.978399828735559 0.978399828735559 0.978399828735559
42F_s_ddg 2.1918715777077 2.11663856157943 2.29218226587873
42H_s_ddg 1.50897408278255 1.45881873869704 1.55912942686806
42I_s_ddg 2.92559541877699 2.47419732200737 4.00393531661553
42K_s_ddg 1.13297868332299 1.13297868332299 1.13297868332299
42L_s_ddg 2.18470437194138 2.15962669989862 2.20978204398414
42M_s_ddg 1.57748227570309 1.55240460366033 1.60255994774585
42N_s_ddg 0.758348554925555 0.708193210840042 0.808503899011068
42P_s_ddg 2.89931268002934 2.69869130368729 3.22532241658518
42Q_s_ddg 1.13553935676358 1.11046168472082 1.16061702880634
42R_s_ddg 1.41796757652187 1.41796757652187 1.41796757652187
42S_s_ddg 1.34083037249595 1.34083037249595 1.36590804453871
42T_s_ddg 2.38441860442349 2.30918558829522 2.48472929259452
42V_s_ddg 2.09200092783888 2.09200092783888 2.09200092783888
42W_s_ddg 1.61871920635725 1.61871920635725 1.61871920635725
42Y_s_ddg 2.14738446807459 2.02199610786081 2.29785050033113
43A_s_ddg 0.214070159703818 0.214070159703818 0.214070159703818
43C_s_ddg 0.195692155898902 0.195692155898902 0.195692155898902
43D_s_ddg 0.658508157809545 0.658508157809545 0.658508157809545
43E_s_ddg 0.278949640863696 0.278949640863696 0.278949640863696
43F_s_ddg 0.639052892229402 0.639052892229402 0.639052892229402
43G_s_ddg 1.17569349689554 1.17569349689554 1.17569349689554
43H_s_ddg 0.272914640795832 0.272914640795832 0.272914640795832
43I_s_ddg 0.801912053532202 0.801912053532202 0.826989725574959
43K_s_ddg -0.362181669197397 -0.387259341240154 -0.362181669197397
43L_s_ddg 0.468960215648137 0.468960215648137 0.468960215648137
43M_s_ddg 0.399504877835399 0.399504877835399 0.399504877835399
43N_s_ddg -0.0143154016306584 -0.0393930736734151 0.0107622704120983
43P_s_ddg 2.67112518267263 2.62096983858712 2.72128052675814
43R_s_ddg -0.18233793994536 -0.18233793994536 -0.18233793994536
43S_s_ddg 0.425555135029741 0.425555135029741 0.425555135029741
43T_s_ddg 0.422126367780816 0.422126367780816 0.422126367780816
43V_s_ddg 0.185482075534008 0.185482075534008 0.185482075534008
43W_s_ddg 1.35037009430538 1.35037009430538 1.35037009430538
43Y_s_ddg 0.65000626232834 0.65000626232834 0.675083934371097
44A_s_ddg 0.719378526639283 0.719378526639283 0.719378526639283
44C_s_ddg 0.346652712830687 0.346652712830687 0.346652712830687
44D_s_ddg 1.40754782644462 1.38247015440186 1.43262549848738
44E_s_ddg -0.143077037522565 -0.143077037522565 -0.143077037522565
44F_s_ddg 0.784828417855998 0.784828417855998 0.784828417855998
44G_s_ddg 2.1009443966226 2.1009443966226 2.1009443966226
44H_s_ddg 0.715598693823951 0.715598693823951 0.740676365866708
44I_s_ddg -0.0201713993214174 -0.0201713993214174 -0.0201713993214174
44K_s_ddg 0.342855924396224 0.342855924396224 0.342855924396224
44L_s_ddg 0.633990270112934 0.633990270112934 0.633990270112934
44M_s_ddg 0.275152050159566 0.275152050159566 0.275152050159566
44N_s_ddg 0.914797204413863 0.914797204413863 0.914797204413863
44P_s_ddg 2.27845674624481 2.25337907420205 2.30353441828757
44Q_s_ddg 0.104583320292688 0.104583320292688 0.104583320292688
44R_s_ddg 0.749257879933933 0.749257879933933 0.749257879933933
44S_s_ddg 0.391161018996775 0.391161018996775 0.391161018996775
44V_s_ddg -0.258527894665565 -0.258527894665565 -0.258527894665565
44W_s_ddg 1.336727923282 1.336727923282 1.336727923282
44Y_s_ddg 0.469971918863993 0.469971918863993 0.469971918863993
45A_s_ddg 2.19817099437108 2.19817099437108 2.19817099437108
45C_s_ddg 2.52571760927178 2.50063993722902 2.55079528131454
45D_s_ddg 2.59735480036661 2.59735480036661 2.62243247240937
45E_s_ddg 2.58342139428185 2.55834372223909 2.60849906632461
45F_s_ddg 2.0341941838321 2.0341941838321 2.05927185587486
45H_s_ddg 2.55220840314462 2.47697538701635 2.62744141927289
45I_s_ddg 2.15345291948354 2.12837524744078 2.1785305915263
45K_s_ddg 2.61110166598493 2.58602399394217 2.66125701007044
45L_s_ddg 2.28376607830759 2.28376607830759 2.30884375035035
45M_s_ddg 2.46190881376696 2.4368311417242 2.48698648580972
45N_s_ddg 2.69034069761313 2.61510768148486 2.7655737137414
45P_s_ddg 3.11214720553956 2.98675884532578 3.31276858188161
45Q_s_ddg 2.64733494628184 2.59717960219633 2.69749029036735
45R_s_ddg 2.38743285076574 2.38743285076574 2.4125105228085
45S_s_ddg 2.54795892743749 2.54795892743749 2.57303659948025
45T_s_ddg 2.69703783747341 2.6468824933879 2.74719318155892
45V_s_ddg 2.08640428836209 2.08640428836209 2.08640428836209
45W_s_ddg 2.50194309089838 2.47686541885562 2.52702076294114
45Y_s_ddg 2.50375310090974 2.45359775682423 2.55390844499525
46A_s_ddg 0.735390508687556 0.735390508687556 0.735390508687556
46C_s_ddg 0.561558240589137 0.53648056854638 0.586635912631894
46D_s_ddg 1.53234944432329 1.50727177228053 1.55742711636605
46E_s_ddg 1.06289908282064 1.06289908282064 1.06289908282064
46F_s_ddg 0.296564397594376 0.271486725551619 0.321642069637133
46G_s_ddg 0.899927838832036 0.899927838832036 0.899927838832036
46H_s_ddg 0.643609843682797 0.61853217164004 0.668687515725554
46I_s_ddg -0.180015707774678 -0.205093379817435 -0.154938035731921
46K_s_ddg -0.0879937178066886 -0.113071389849445 -0.0629160457639319
46L_s_ddg 0.0658628680008311 0.0658628680008311 0.0658628680008311
46N_s_ddg 0.729491551852105 0.704413879809348 0.754569223894862
46P_s_ddg 2.5587412663352 2.48350825020693 2.63397428246347
46Q_s_ddg 0.724727260538378 0.699649588495621 0.749804932581135
46R_s_ddg -0.401084261155799 -0.401084261155799 -0.401084261155799
46S_s_ddg 0.521679837163386 0.521679837163386 0.521679837163386
46T_s_ddg 0.43793324933066 0.43793324933066 0.43793324933066
46V_s_ddg 0.00868804829632316 0.00868804829632316 0.00868804829632316
46W_s_ddg -0.393099417614453 -0.393099417614453 -0.393099417614453
46Y_s_ddg 0.110716017738077 0.0856383456953203 0.135793689780834
47A_s_ddg 2.57363822678524 2.49840521065697 2.64887124291351
47C_s_ddg 3.5197542949174 3.39436593470362 3.72037567125945
47D_s_ddg 3.26148826311154 2.88532318247019 4.01381842439424
47E_s_ddg 2.70519931788068 2.62996630175241 2.80551000605171
47G_s_ddg 2.51174750048578 2.48666982844302 2.53682517252854
47H_s_ddg 3.59929028663655 3.02250382965315 7.41109643713557
47I_s_ddg 1.60589866403344 1.60589866403344 1.60589866403344
47K_s_ddg 2.63105511221512 2.55582209608685 2.73136580038615
47L_s_ddg 1.80321225718565 1.80321225718565 1.80321225718565
47M_s_ddg 2.38082025455892 2.33066491047341 2.43097559864443
47N_s_ddg 3.16272707218572 2.76148431950161 3.94013490551118
47P_s_ddg 2.52763415562703 2.40224579541325 2.70317785992633
47Q_s_ddg 2.78655132401075 2.66116296379697 2.96209502831005
47R_s_ddg 2.66073263859072 2.61057729450521 2.71088798267623
47S_s_ddg 2.64037927022275 2.61530159817999 2.69053461430826
47T_s_ddg 2.84289739212306 2.69243135986652 3.06859644050787
47V_s_ddg 1.99711059822731 1.99711059822731 1.99711059822731
47W_s_ddg 1.94744649365792 1.94744649365792 1.97252416570068
47Y_s_ddg 1.92376654366427 1.92376654366427 1.92376654366427
48A_s_ddg 1.62077850798057 1.62077850798057 1.64585618002333
48C_s_ddg 1.61239172578784 1.58731405374508 1.6374693978306
48D_s_ddg 0.765063335785404 0.739985663742647 0.790141007828161
48E_s_ddg 1.91321044911035 1.88813277706759 1.93828812115311
48F_s_ddg 1.80156109336864 1.77648342132588 1.85171643745415
48G_s_ddg 2.11496171669414 2.08988404465138 2.1400393887369
48H_s_ddg 0.251523868127762 0.226446196085005 0.276601540170519
48I_s_ddg 2.33466054509271 2.23434985692168 2.43497123326374
48K_s_ddg 0.729964998981073 0.704887326938316 0.75504267102383
48L_s_ddg 1.35191171038569 1.35191171038569 1.35191171038569
48M_s_ddg 1.18346659898445 1.15838892694169 1.20854427102721
48N_s_ddg 0.459575304751927 0.43449763270917 0.484652976794684
48Q_s_ddg 0.926134325592736 0.901056653549979 0.951211997635493
48R_s_ddg 0.612865347368319 0.612865347368319 0.612865347368319
48S_s_ddg 1.39608616431573 1.39608616431573 1.39608616431573
48T_s_ddg 2.13161613463699 2.10653846259423 2.15669380667975
48V_s_ddg 2.2646817111153 2.23960403907254 2.31483705520081
48W_s_ddg 1.57001991290191 1.54494224085915 1.59509758494467
48Y_s_ddg 1.49941736434539 1.47433969230263 1.52449503638815
49A_s_ddg -0.71251027834544 -0.737587950388197 -0.687432606302683
49C_s_ddg 0.0789241375206483 0.0789241375206483 0.0789241375206483
49D_s_ddg 2.78775880096307 2.68744811279204 2.93822483321961
49E_s_ddg 1.42010542502674 1.39502775298398 1.4451830970695
49F_s_ddg 1.4124890247002 1.38741135265744 1.43756669674296
49G_s_ddg 0.795718107384441 0.795718107384441 0.795718107384441
49H_s_ddg 0.875497247333767 0.875497247333767 0.875497247333767
49I_s_ddg 1.21992078717221 1.19484311512945 1.24499845921497
49K_s_ddg -0.195082001398028 -0.220159673440785 -0.170004329355271
49L_s_ddg 1.27158413831024 1.27158413831024 1.27158413831024
49M_s_ddg 0.479615696151934 0.454538024109177 0.504693368194691
49N_s_ddg 0.827633774629011 0.802556102586254 0.852711446671768
49P_s_ddg 0.024973841733343 -0.000103830309413706 0.0500515137760997
49Q_s_ddg 0.73746163350845 0.712383961465693 0.762539305551207
49S_s_ddg -0.62724516003579 -0.62724516003579 -0.62724516003579
49T_s_ddg 0.266129810964098 0.241052138921341 0.291207483006855
49V_s_ddg 0.0660885250675559 0.0660885250675559 0.0660885250675559
49W_s_ddg 1.77822308522017 1.77822308522017 1.77822308522017
49Y_s_ddg 1.3698604345096 1.34478276246684 1.3698604345096
4A_s_ddg 1.12689126043456 1.12689126043456 1.12689126043456
4C_s_ddg 0.471239479232353 0.471239479232353 0.471239479232353
4D_s_ddg 2.75770689953583 2.63231853932205 2.93325060383513
4E_s_ddg 0.446723585763699 0.446723585763699 0.446723585763699
4F_s_ddg 1.23969548134471 1.23969548134471 1.23969548134471
4G_s_ddg 2.46820840998086 2.4431307379381 2.49328608202362
4H_s_ddg 1.00108605440223 1.00108605440223 1.00108605440223
4I_s_ddg 0.738998125660723 0.713920453617966 0.738998125660723
4K_s_ddg 0.118125700034332 0.118125700034332 0.118125700034332
4L_s_ddg 0.517307207821869 0.517307207821869 0.517307207821869
4M_s_ddg 0.544480436718817 0.544480436718817 0.544480436718817
4N_s_ddg 2.08881049617333 2.06373282413057 2.11388816821609
4P_s_ddg 2.6757087848638 2.62555344077829 2.72586412894931
4R_s_ddg 0.0757315807411118 0.0757315807411118 0.0757315807411118
4S_s_ddg 1.3573984438263 1.3573984438263 1.3573984438263
4T_s_ddg 0.621527000010927 0.621527000010927 0.621527000010927
4V_s_ddg 0.227177621113652 0.227177621113652 0.227177621113652
4W_s_ddg 1.33754480670903 1.33754480670903 1.33754480670903
4Y_s_ddg 0.91661033943351 0.891532667390753 0.941688011476267
50A_s_ddg -0.403899265838785 -0.403899265838785 -0.403899265838785
50C_s_ddg -0.192397823079149 -0.192397823079149 -0.192397823079149
50D_s_ddg 0.0367765714708831 0.0367765714708831 0.0367765714708831
50E_s_ddg -0.474922138726664 -0.474922138726664 -0.474922138726664
50F_s_ddg 0.651834632759204 0.626756960716447 0.676912304801961
50G_s_ddg -0.118390036380999 -0.118390036380999 -0.118390036380999
50H_s_ddg 0.0323062992305473 -0.0429267168977228 0.107539315358817
50I_s_ddg 0.880525626279465 0.880525626279465 0.880525626279465
50K_s_ddg -0.436442733203911 -0.436442733203911 -0.436442733203911
50L_s_ddg 0.263269717746983 0.263269717746983 0.263269717746983
50M_s_ddg 0.285123026664468 0.285123026664468 0.285123026664468
50P_s_ddg 0.687300846180918 0.662223174138161 0.712378518223675
50Q_s_ddg -0.142325286989994 -0.142325286989994 -0.142325286989994
50R_s_ddg -0.307266991633298 -0.307266991633298 -0.307266991633298
50S_s_ddg -0.516952967355257 -0.516952967355257 -0.516952967355257
50T_s_ddg -0.126640955180079 -0.126640955180079 -0.126640955180079
50V_s_ddg 0.0165676668034334 0.0165676668034334 0.0165676668034334
50W_s_ddg -0.0661917326396521 -0.0661917326396521 -0.0661917326396521
50Y_s_ddg 0.951609356565967 0.951609356565967 0.951609356565967
51A_s_ddg 0.163814149486418 0.163814149486418 0.163814149486418
51C_s_ddg 0.523699546373688 0.523699546373688 0.523699546373688
51D_s_ddg 2.75997215543263 2.63458379521885 2.91043818768917
51E_s_ddg 2.44238238464142 2.39222704055591 2.51761540076969
51F_s_ddg 0.38457820952816 0.38457820952816 0.38457820952816
51G_s_ddg 1.73371315138337 1.73371315138337 1.73371315138337
51H_s_ddg 0.0430076924971511 0.0179300204543944 0.0680853645399078
51I_s_ddg 0.601018010637266 0.575940338594509 0.626095682680023
51K_s_ddg 0.0163477626865879 0.0163477626865879 0.0163477626865879
51L_s_ddg -0.211413108587961 -0.211413108587961 -0.211413108587961
51M_s_ddg 0.202525804125175 0.202525804125175 0.202525804125175
51N_s_ddg 2.43399905467289 2.38384371058738 2.43399905467289
51P_s_ddg 2.68617680658645 2.61094379045818 2.78648749475748
51Q_s_ddg 1.18949067852069 1.16441300647793 1.21456835056345
51R_s_ddg 0.098148215406261 0.098148215406261 0.098148215406261
51S_s_ddg 0.845035677738711 0.845035677738711 0.845035677738711
51T_s_ddg 0.968207306302655 0.968207306302655 0.968207306302655
51V_s_ddg 0.508247120555101 0.508247120555101 0.508247120555101
51W_s_ddg 0.568143741260551 0.568143741260551 0.568143741260551
52A_s_ddg 0.953739185852219 0.953739185852219 0.953739185852219
52C_s_ddg 0.570878970595997 0.520723626510484 0.62103431468151
52D_s_ddg 2.96346775754714 2.91331241346163 3.01362310163265
52E_s_ddg 2.55581183534198 2.38026813104268 2.80658855576955
52F_s_ddg 1.8405440727916 1.81546640074884 1.86562174483436
52G_s_ddg 2.06488129659963 2.03980362455687 2.08995896864239
52H_s_ddg 3.22198144056336 2.69535032766547 7.03378759106238
52I_s_ddg 1.0075911152869 1.0075911152869 1.0075911152869
52K_s_ddg 3.18551140112575 2.85950166456991 3.71214251402364
52L_s_ddg 2.07187838758359 2.04680071554083 2.1220337316691
52M_s_ddg 2.69876449583047 2.42291010336015 3.12508492055733
52N_s_ddg 2.54612921179819 2.37058550749889 2.82198360426851
52P_s_ddg 3.73272035134591 3.28132225457629 5.23738067391131
52Q_s_ddg 3.35805173244516 2.78126527546176 7.16985788294418
52R_s_ddg 3.00538059314728 2.80475921680523 3.30631265766036
52S_s_ddg 2.33706817774189 2.26183516161362 2.41230119387016
52T_s_ddg 0.259996314063466 0.209840969977953 0.310151658148979
52W_s_ddg 2.64525772646986 2.46971402217056 2.92111211894018
52Y_s_ddg 2.93534336226773 2.73472198592568 3.31150844290908
53A_s_ddg 0.176463431533122 0.176463431533122 0.201541103575879
53C_s_ddg 0.487315783414174 0.462238111371417 0.512393455456931
53D_s_ddg 1.17120104771354 1.14612337567078 1.1962787197563
53E_s_ddg 0.155874992287462 0.130797320244705 0.180952664330219
53F_s_ddg 0.364610917314129 0.339533245271372 0.389688589356886
53G_s_ddg 0.0225597268508241 -0.00251794519193261 0.0476373988935808
53H_s_ddg 0.096219920320347 0.0711422482775903 0.121297592363104
53I_s_ddg 0.480800703994487 0.480800703994487 0.480800703994487
53K_s_ddg -0.621329306947336 -0.646406978990093 -0.596251634904579
53L_s_ddg 0.401458998725888 0.401458998725888 0.401458998725888
53M_s_ddg 0.0295156764404051 0.00443800439764839 0.0545933484831618
53N_s_ddg 0.581890372368689 0.556812700325932 0.606968044411446
53P_s_ddg 2.64943036255395 2.59927501846844 2.72466337868222
53Q_s_ddg -0.057501387903373 -0.0825790599461297 -0.0324237158606163
53R_s_ddg -0.218861727917845 -0.218861727917845 -0.218861727917845
53S_s_ddg 0.31420838229138 0.31420838229138 0.31420838229138
53V_s_ddg 0.138785777549214 0.138785777549214 0.138785777549214
53W_s_ddg 0.345554726849282 0.320477054806525 0.370632398892039
53Y_s_ddg 0.604307909002715 0.579230236959958 0.629385581045472
54A_s_ddg 0.252041852566223 0.226964180523466 0.27711952460898
54C_s_ddg 0.701087707070576 0.676010035027819 0.726165379113333
54D_s_ddg -0.214361111201323 -0.264516455286836 -0.16420576711581
54E_s_ddg -0.0352954577199882 -0.0854508018055016 0.0148598863655252
54F_s_ddg 0.357386894433635 0.332309222390878 0.382464566476392
54G_s_ddg 0.238126370634506 0.238126370634506 0.238126370634506
54H_s_ddg 0.304599096033695 0.304599096033695 0.329676768076452
54I_s_ddg 0.184332761935766 0.134177417850253 0.234488106021279
54K_s_ddg 0.618620562516277 0.59354289047352 0.643698234559034
54L_s_ddg 0.314105101301157 0.314105101301157 0.314105101301157
54M_s_ddg 0.518338359881826 0.468183015796313 0.568493703967339
54N_s_ddg 0.0163420670545287 -0.0338132770309847 0.0664974111400421
54Q_s_ddg 0.0791692404946272 0.0290138964091138 0.129324584580141
54R_s_ddg 0.612985102500817 0.612985102500817 0.612985102500817
54S_s_ddg 0.0450769169098607 0.0450769169098607 0.0450769169098607
54T_s_ddg 0.233293962943419 0.208216290900662 0.258371634986176
54V_s_ddg 0.0861514400082628 0.0610737679655061 0.11122911205102
54W_s_ddg 0.536375994800093 0.511298322757336 0.56145366684285
54Y_s_ddg 0.560775106701882 0.535697434659125 0.585852778744639
55A_s_ddg 0.55799664961245 0.55799664961245 0.55799664961245
55C_s_ddg 0.4393663985605 0.414288726517743 0.464444070603257
55D_s_ddg 0.326685152843596 0.276529808758083 0.376840496929109
55E_s_ddg 0.361233348957086 0.361233348957086 0.361233348957086
55F_s_ddg 0.181993565381205 0.106760549252935 0.232148909466718
55G_s_ddg 0.230130518911414 0.205052846868657 0.255208190954171
55H_s_ddg 0.479018701345208 0.378708013174181 0.579329389516235
55I_s_ddg -0.0566065847453566 -0.10676192883087 -0.00645124065984318
55K_s_ddg 0.0944292877455148 0.0191962716172447 0.169662303873785
55L_s_ddg -0.12421422576477 -0.149291897807527 -0.0991365537220133
55M_s_ddg 0.037922463857611 0.0128447918148543 0.0630001359003677
55N_s_ddg -0.170129236311917 -0.270439924482944 -0.0698185481408902
55P_s_ddg 0.28141169356716 0.231256349481647 0.331567037652673
55Q_s_ddg 0.187815808913129 0.137660464827616 0.237971152998642
55R_s_ddg 0.305322754220268 0.280245082177511 0.330400426263025
55S_s_ddg 0.145529924985145 0.120452252942388 0.170607597027902
55T_s_ddg 0.339893209929349 0.314815537886592 0.364970881972106
55W_s_ddg 0.0103351731991303 -0.0147424988436264 0.035412845241887
55Y_s_ddg 0.15049763903002 0.100342294944507 0.200652983115533
56A_s_ddg 0.308012031910896 0.282934359868139 0.333089703953653
56C_s_ddg 0.756981071394791 0.731903399352034 0.782058743437548
56D_s_ddg -0.198633637577857 -0.24878898166337 -0.148478293492344
56E_s_ddg -0.188210962304524 -0.238366306390037 -0.138055618219011
56F_s_ddg 0.858264119721014 0.833186447678257 0.883341791763771
56G_s_ddg 0.566714987560671 0.541637315517914 0.591792659603428
56H_s_ddg 0.355101832865908 0.304946488780395 0.405257176951421
56I_s_ddg 0.263261309626869 0.238183637584112 0.288338981669626
56K_s_ddg 0.29757135121914 0.272493679176383 0.322649023261897
56L_s_ddg 0.561737796301203 0.536660124258446 0.58681546834396
56M_s_ddg 0.598283284517883 0.573205612475126 0.62336095656064
56P_s_ddg 0.419689285821752 0.369533941736239 0.469844629907265
56Q_s_ddg 0.626478083949384 0.576322739863871 0.676633428034897
56R_s_ddg 0.538155045654058 0.513077373611301 0.563232717696815
56S_s_ddg 0.359427342703451 0.359427342703451 0.359427342703451
56T_s_ddg 0.188871920871227 0.138716576785714 0.23902726495674
56V_s_ddg 0.311404297547552 0.286326625504795 0.336481969590309
56W_s_ddg 0.57756861035162 0.552490938308863 0.602646282394377
56Y_s_ddg 0.300985324224405 0.300985324224405 0.300985324224405
5C_s_ddg 2.46443728858983 2.41428194450432 2.51459263267534
5D_s_ddg 2.18840849079703 2.16333081875427 2.21348616283979
5E_s_ddg 2.46991591061119 2.46991591061119 2.49499358265395
5F_s_ddg 3.3739802494433 3.09812585697298 3.82537834621292
5G_s_ddg 1.48081931521088 1.48081931521088 1.48081931521088
5H_s_ddg 2.55782835121064 2.48259533508237 2.63306136733891
5I_s_ddg 3.12239235066286 2.92177097432081 3.4484020872187
5K_s_ddg 2.63130111760907 2.58114577352356 2.70653413373734
5L_s_ddg 2.97435610742129 2.89912309129302 3.04958912354956
5M_s_ddg 2.61023722190325 2.53500420577498 2.68547023803152
5N_s_ddg 2.74565411244293 2.67042109631466 2.84596480061396
5P_s_ddg 2.47500788456516 2.4499302125224 2.52516322865067
5Q_s_ddg 2.6217632981693 2.54653028204103 2.69699631429757
5R_s_ddg 2.83393207870516 2.78377673461965 2.88408742279067
5S_s_ddg 1.70362078124799 1.70362078124799 1.70362078124799
5T_s_ddg 2.06863865308144 2.06863865308144 2.06863865308144
5V_s_ddg 2.58045745182459 2.55537977978183 2.60553512386735
5W_s_ddg 2.95378428561875 2.87855126949048 3.05409497378978
5Y_s_ddg 2.81369642659651 2.68830806638273 3.01431780293856
6F_s_ddg 1.77470922386796 1.77470922386796 1.77470922386796
6H_s_ddg 1.34929860042559 1.34929860042559 1.34929860042559
6I_s_ddg 0.355919744697724 0.330842072654967 0.380997416740481
6P_s_ddg 2.77826555505375 2.70303253892548 2.85349857118202
6R_s_ddg 0.472083038583899 0.371772350412872 0.547316054712169
6V_s_ddg 0.488488444666481 0.363100084452697 0.613876804880265
7A_s_ddg 0.266227800308699 0.241150128265942 0.291305472351456
7C_s_ddg 0.104626007355272 0.0795483353125153 0.129703679398029
7D_s_ddg 0.516265372208454 0.441032356080184 0.591498388336724
7E_s_ddg 0.284098447196863 0.259020775154106 0.30917611923962
7G_s_ddg 1.16270715452058 1.16270715452058 1.16270715452058
7H_s_ddg -0.217703545105189 -0.418324921447243 -0.0421598408058921
7I_s_ddg 1.28879194568148 1.26371427363872 1.31386961772424
7K_s_ddg -0.116876409296594 -0.141954081339351 -0.0917987372538373
7L_s_ddg 0.600925194560707 0.600925194560707 0.600925194560707
7M_s_ddg 0.226462955417018 0.201385283374261 0.251540627459775
7N_s_ddg 0.466747895347877 0.391514879219607 0.51690323943339
7P_s_ddg 3.96606422513252 3.41435544019187 7.77787037563154
7Q_s_ddg 0.0521696405038046 0.00201429641829119 0.102324984589318
7R_s_ddg -0.0378929150755476 -0.0629705871183043 -0.0128152430327909
7S_s_ddg 0.755427983230518 0.755427983230518 0.755427983230518
7T_s_ddg 0.47922408769278 0.454146415650023 0.504301759735537
7V_s_ddg 0.235486862367423 0.210409190324666 0.26056453441018
7W_s_ddg 0.556593971767842 0.556593971767842 0.556593971767842
7Y_s_ddg 0.150919462246628 0.150919462246628 0.150919462246628
8A_s_ddg 1.67500531516566 1.67500531516566 1.70008298720842
8C_s_ddg 2.12225238510402 2.07209704101851 2.17240772918953
8E_s_ddg 1.37322684557071 1.37322684557071 1.37322684557071
8F_s_ddg 2.27543064434 2.20019762821173 2.35066366046827
8G_s_ddg 1.73520432879634 1.73520432879634 1.73520432879634
8H_s_ddg 1.50359727012661 1.47851959808385 1.52867494216937
8I_s_ddg 3.1421146839835 2.89133796355593 3.54335743666761
8K_s_ddg 2.18511103568882 2.13495569160331 2.23526637977433
8L_s_ddg 2.99418757023909 2.89387688206806 3.11957593045287
8M_s_ddg 2.68910758473968 2.58879689656865 2.81449594495346
8N_s_ddg 0.658448337877285 0.658448337877285 0.658448337877285
8P_s_ddg 2.09456792065818 2.04441257657267 2.16980093678645
8Q_s_ddg 1.93100795613673 1.88085261205122 1.98116330022224
8R_s_ddg 2.32928371056914 2.30420603852638 2.3543613826119
8S_s_ddg 1.23609366775447 1.23609366775447 1.23609366775447
8T_s_ddg 1.14805503475259 1.12297736270983 1.17313270679535
8V_s_ddg 2.41353767788342 2.41353767788342 2.41353767788342
8W_s_ddg 2.99484451420128 2.8694561539875 3.19546589054333
8Y_s_ddg 1.83356313065898 1.80848545861622 1.85864080270174
9A_s_ddg 1.53773986042155 1.51266218837879 1.56281753246431
9C_s_ddg 1.05996718700647 1.03488951496371 1.08504485904923
9D_s_ddg 3.29954372991451 2.97353399335867 3.85125251485516
9E_s_ddg 2.94630991860222 2.6704555261319 3.37263034332908
9G_s_ddg 2.55263346631008 2.50247812222457 2.62786648243835
9H_s_ddg -0.0940117292351763 -0.194322417406203 0.00629895893585053
9I_s_ddg 2.93773616902632 2.88758082494081 2.98789151311183
9K_s_ddg 1.05878173201409 1.00862638792858 1.1089370760996
9L_s_ddg 1.85334337760911 1.85334337760911 1.85334337760911
9M_s_ddg 1.21405442403598 1.18897675199322 1.23913209607874
9N_s_ddg 0.612808712169207 0.537575696040937 0.688041728297477
9P_s_ddg 3.07020653726977 2.8194298168422 3.49652696199663
9Q_s_ddg 1.40105853719088 1.35090319310537 1.45121388127639
9R_s_ddg 0.0425822730249131 0.0175046009821564 0.0676599450676698
9S_s_ddg 1.78445256884793 1.78445256884793 1.80953024089069
9T_s_ddg 2.51184142934723 2.4115307411762 2.66230746160377
9V_s_ddg 0.932477889143272 0.932477889143272 0.957555561186029
9W_s_ddg 0.335664816358642 0.310587144315885 0.360742488401399
9Y_s_ddg 0.418673374434448 0.393595702391691 0.443751046477205
14F_s_ddg 1.17504609711694 0.999502392817643 1.37566747345899
6S_s_ddg 2.15822079069953 1.60651200575888 5.97002694119855
10A_b_ddg -0.110923771882193 -0.142515709423092 -0.0793318343412941
10E_b_ddg -0.108457543729167 -0.108457543729167 -0.108457543729167
10G_b_ddg -0.257751534384682 -0.273547503155131 -0.241955565614233
10H_b_ddg 0.409455493317721 0.377863555776822 0.44104743085862
10N_b_ddg 0.0309321529341223 0.0151361841636728 0.0467281217045718
10V_b_ddg -0.0375420162194265 -0.053337984989876 -0.0375420162194265
10Y_b_ddg 0.0364426334242651 0.00485069588336617 0.068034570965164
11A_b_ddg -0.0174874223501617 -0.0490793598910606 0.0141045151907372
11H_b_ddg 0.00150271167063839 -0.0142932570998111 0.0172986804410879
11L_b_ddg -0.0221520184854635 -0.037947987255913 -0.00635604971501403
11Q_b_ddg -0.210180471099291 -0.352344190033336 -0.0680167521652458
11R_b_ddg 0.0207851277681508 -0.0108068097727481 0.0523770653090497
11S_b_ddg 0.219500749231945 0.203704780461496 0.235296718002394
11T_b_ddg 0.251214768666663 0.235418799896214 0.267010737437112
12E_b_ddg -0.39048943774749 -0.437877344058838 -0.343101531436142
12H_b_ddg 0.170099807285008 0.170099807285008 0.170099807285008
12K_b_ddg -0.062061748446522 -0.0778577172169715 -0.0462657796760725
12L_b_ddg -0.279756545143435 -0.279756545143435 -0.279756545143435
12P_b_ddg 0.610696572294984 0.515920759672287 0.705472384917681
12R_b_ddg 0.335205448925381 0.319409480154932 0.35100141769583
13A_b_ddg 0.870097899904853 0.806914024823055 0.933281774986651
13D_b_ddg 0.336435572461041 0.336435572461041 0.35223154123149
13G_b_ddg 0.893524083974737 0.861932146433838 0.925116021515636
13K_b_ddg 1.56351071900062 1.51612281268927 1.61089862531197
13Q_b_ddg 0.207015067450296 0.159627161138948 0.254402973761644
13V_b_ddg 0.716727468057977 0.700931499287528 0.732523436828426
14A_b_ddg 0.0867363572350423 0.0393484509236939 0.134124263546391
14E_b_ddg -0.00520085990893269 -0.0209968286793822 -0.00520085990893269
14G_b_ddg -0.0098846801244198 -0.0256806488948693 0.00591128864602966
14H_b_ddg 0.0338871339228774 -0.013500772388471 0.0812750402342258
14I_b_ddg 0.12347529435081 -0.0186884245832352 0.249843044514406
14N_b_ddg 0.00816674327954375 -0.00762922549090572 0.0239627120499932
14V_b_ddg 0.0988096983651612 0.0988096983651612 0.0988096983651612
14Y_b_ddg 0.0882194215349956 0.0724234527645461 0.104015390305445
15A_b_ddg 0.486443428514136 0.439055522202788 0.533831334825484
15E_b_ddg 0.0180269695010995 0.00223100073065003 0.033822938271549
15L_b_ddg 1.19604554195643 0.706370510072497 2.55449885621508
15R_b_ddg 0.692409590412548 0.660817652871649 0.724001527953447
15S_b_ddg 0.505772958049664 0.300425364033821 0.726916520835957
15V_b_ddg 0.626331332371969 0.578943426060621 0.673719238683317
16A_b_ddg 1.76433262242973 1.55898502841389 2.09604796660917
16D_b_ddg 1.17188768837027 1.12449978205892 1.21927559468162
16G_b_ddg 1.59059100210487 1.52740712702307 1.65377487718667
16K_b_ddg 1.8951271922814 1.8003513796587 1.97410703613365
16Q_b_ddg 0.700940838525451 0.621960994673204 0.779920682377698
16V_b_ddg 1.76973910021641 1.70655522513461 1.84871894406866
17M_b_ddg 0.06842303152009 0.0526270627496405 0.0842190002905395
17P_b_ddg 0.289147878176571 0.225964003094773 0.352331753258369
17Q_b_ddg 0.358412194909014 0.263636382286317 0.437392038761261
17R_b_ddg 0.601123023593149 0.28520364818416 1.02761418039528
17S_b_ddg 0.067809790984072 -0.879948335242896 2.46879704409239
17V_b_ddg -0.296843742228956 -0.328435679769855 -0.265251804688057
18A_b_ddg 0.202961417904416 0.171369480363517 0.234553355445315
18C_b_ddg 0.122303081342286 0.106507112571837 0.138099050112735
18D_b_ddg -0.142218761745283 -0.158014730515732 -0.126422792974834
18I_b_ddg -0.166336989515505 -0.340092645990449 -0.00837730181101035
18R_b_ddg 0.0432410938184703 -0.0041468124928781 0.0906290001298187
18S_b_ddg 0.104386140468599 0.104386140468599 0.104386140468599
18V_b_ddg 0.0579143642927123 0.0421183955222628 0.0737103330631618
19C_b_ddg 0.369195706749632 0.179644081504238 0.621931207076823
19H_b_ddg 0.338241668435504 -0.356780957464272 2.73922892154382
19I_b_ddg -0.0829539850582034 -0.0987499538286529 -0.0671580162877539
19L_b_ddg -0.204966028901242 -0.204966028901242 -0.204966028901242
19S_b_ddg 0.370034685690415 0.291054841838168 0.449014529542662
19V_b_ddg -0.254467342307345 -0.317651217389143 -0.175487498455098
19Y_b_ddg 0.168390235490417 0.121002329179069 0.215778141801765
1A_b_ddg -0.0645723511032415 -0.080368319873691 -0.048776382332792
1I_b_ddg -0.0223659385664121 -0.0223659385664121 -0.0223659385664121
1K_b_ddg -0.113201634048872 -0.144793571589771 -0.0816096965079731
1L_b_ddg 0.0451646179372198 -0.128591038537724 0.203124305641714
1M_b_ddg -0.0113203909685591 -0.153484109902604 0.115047359195037
1P_b_ddg -0.157518779106442 -0.189110716647341 -0.125926841565543
1R_b_ddg 0.0823483695510309 0.0665524007805814 0.0981443383214804
1S_b_ddg -0.0544110973132148 -0.0544110973132148 -0.0544110973132148
1V_b_ddg -0.0937339818690945 -0.283285607114488 0.0800216746058496
20C_b_ddg -0.219441565916319 -0.235237534686768 -0.20364559714587
20G_b_ddg -0.227966676672196 -0.259558614213095 -0.196374739131297
20H_b_ddg -0.114551929860006 -0.114551929860006 -0.114551929860006
20L_b_ddg -0.260875017455342 -0.276670986225791 -0.245079048684892
20P_b_ddg 0.988057092304191 0.814301435829247 1.24079259263138
20Q_b_ddg -0.188736683003194 -0.394084277019037 -0.0149810265282499
20S_b_ddg -0.144601093501278 -0.144601093501278 -0.144601093501278
21G_b_ddg -0.153433888697087 -0.185025826237986 -0.121841951156188
21H_b_ddg -0.1215334970888 -0.247901247252396 0.00483425307479572
21K_b_ddg -0.184983097523917 -0.406126660310209 -0.0112274410489729
21L_b_ddg -0.257380149124558 -0.273176117895007 -0.241584180354109
21M_b_ddg -0.0949341671948086 -0.268689823669753 0.063025520509686
21P_b_ddg -0.0364666741763616 -0.0680586117172605 -0.0206707054059121
21Q_b_ddg -0.0660621564555707 -0.0660621564555707 -0.0660621564555707
21W_b_ddg -0.513524588491817 -0.529320557262266 -0.497728619721368
22A_b_ddg -0.6313811500105 -0.694565025092298 -0.568197274928702
22C_b_ddg -0.788730770632783 -0.962486427107727 -0.599179145387389
22E_b_ddg -0.158384184682865 -0.174180153453314 -0.142588215912416
22R_b_ddg -0.256595138517176 -0.272391107287626 -0.240799169746727
22V_b_ddg -0.120973990291385 -0.168361896602733 -0.0735860839800366
23A_b_ddg -0.44449280599646 -0.507676681078258 -0.381308930914662
23E_b_ddg -0.092983466432959 -0.092983466432959 -0.092983466432959
23G_b_ddg -0.0644712039393264 -0.111859110250675 -0.017083297627978
23H_b_ddg -0.0408458057864757 -0.0724377433273746 -0.00925386824557677
23N_b_ddg -0.152781712297206 -0.168577681067655 -0.136985743526757
23V_b_ddg -0.164784450263432 -0.180580419033881 -0.148988481492983
23Y_b_ddg -0.160971154076396 -0.192563091617295 -0.129379216535497
24C_b_ddg -0.149809595854534 -0.181401533395433 -0.118217658313635
24I_b_ddg -0.0233951713469605 -0.0233951713469605 -0.0233951713469605
24L_b_ddg -0.0688870030009879 -0.0846829717714374 -0.0530910342305384
24N_b_ddg -0.200623251919376 -0.358582939623871 -0.0426635642148813
24S_b_ddg -0.176031171393309 -0.191827140163758 -0.16023520262286
24T_b_ddg -0.234109782695575 -0.423661407940969 -0.0761500949910804
24V_b_ddg 0.0585143105697592 0.0427183417993097 0.0743102793402087
24Y_b_ddg -0.074033822849513 -0.074033822849513 -0.074033822849513
25F_b_ddg 0.0730603019777396 0.0256723956663912 0.120448208289088
25L_b_ddg -0.302479028423493 -0.349866934734841 -0.255091122112145
25M_b_ddg 0.0377427296875775 0.00615079214667857 0.0851306359989259
25N_b_ddg 0.168317559029136 0.105133683947338 0.231501434110934
25S_b_ddg 0.581528520934366 0.281405114295826 1.11859145912965
25T_b_ddg 0.272258922950657 0.209075047868859 0.335442798032455
25V_b_ddg -0.226453070210348 -0.242249038980797 -0.210657101439899
26D_b_ddg -0.284268579126935 -0.315860516667834 -0.236880672815587
26I_b_ddg -0.148186375654486 -0.306146063358981 -0.00602265672044081
26L_b_ddg -0.0627265282855643 -0.0627265282855643 -0.0627265282855643
26N_b_ddg -0.125488168923782 -0.141284137694231 -0.109692200153333
26P_b_ddg -0.0703068675621257 -0.180878648955272 0.05606088260147
26Q_b_ddg -0.0303419604537494 -0.0303419604537494 -0.0303419604537494
26R_b_ddg -0.0659359883132375 -0.081731957083687 -0.050140019542788
26Y_b_ddg -0.0792310479106009 -0.0950270166810504 -0.0634350791401514
27A_b_ddg 0.0828777010617394 0.0512857635208405 0.114469638602638
27D_b_ddg 0.254303816322354 0.191119941240556 0.317487691404152
27F_b_ddg 0.340699247020347 0.277515371938549 0.403883122102145
27G_b_ddg 0.995108941517358 0.64759762856747 1.59535575479444
27I_b_ddg -0.0670548047561191 -0.0828507735265686 -0.0512588359856696
27L_b_ddg -0.0346792374001805 -0.05047520617063 -0.018883268629731
28I_b_ddg 0.0344327433955562 0.0344327433955562 0.0344327433955562
28K_b_ddg -0.125931766820739 -0.125931766820739 -0.125931766820739
28L_b_ddg 0.0199718025020416 0.0199718025020416 0.0199718025020416
28N_b_ddg -0.473121919112604 -0.567897731735301 -0.378346106489907
28R_b_ddg -0.257241690177039 -0.288833627717938 -0.22564975263614
28T_b_ddg -0.248679352801433 -0.264475321571882 -0.232883384030984
28V_b_ddg -0.0883932233851625 -0.0883932233851625 -0.0883932233851625
29A_b_ddg -0.0756252216047945 -0.123013127916143 -0.0282373152934461
29E_b_ddg -0.0385420111131015 -0.054337979883551 -0.022746042342652
29F_b_ddg -0.590942706504589 -0.780494331749983 -0.354003174947847
29G_b_ddg -0.137512635107881 -0.15330860387833 -0.121716666337432
29H_b_ddg -0.0744301979013788 -0.121818104212727 -0.0428382603604799
29N_b_ddg -0.0656514646891686 -0.0814474334596181 -0.0498554959187191
29V_b_ddg -0.164821999302042 -0.180617968072491 -0.149026030531593
29Y_b_ddg 0.0510109434100507 0.0194190058691518 0.0826028809509496
2C_b_ddg -0.216837000560304 -0.232632969330753 -0.201041031789855
2D_b_ddg -0.0564444361351423 -0.103832342446491 -0.0090565298237939
2F_b_ddg -0.0371577880588437 -0.0529537568292932 -0.0213618192883942
2H_b_ddg -0.173028239977231 -0.18882420874768 -0.157232271206782
2I_b_ddg 0.0161340491968231 -0.0944377321963232 0.11090986181952
2N_b_ddg -0.137242690154562 -0.153038658925011 -0.121446721384113
2S_b_ddg -0.177134313385122 -0.22452221969647 -0.129746407073774
30D_b_ddg -0.0275682909987716 -0.0433642597692211 -0.0117723222283221
30H_b_ddg -0.145192132800737 -0.192580039112085 -0.0978042264893886
30I_b_ddg 0.0252502653931743 0.0252502653931743 0.0252502653931743
30K_b_ddg 0.0404850329413575 0.024689064170908 0.056281001711807
30S_b_ddg -0.0860334738893927 -0.101829442659842 -0.0702375051189432
30T_b_ddg 0.116795084573337 0.0852031470324381 0.148387022114236
30Y_b_ddg -0.113001392859239 -0.128797361629688 -0.0972054240887895
31A_b_ddg -0.0784606246662814 -0.11005256220718 -0.0468686871253825
31I_b_ddg -0.3867769250189 -0.513144675182496 -0.276205143625754
31L_b_ddg -0.2539439030771 -0.269739871847549 -0.238147934306651
31P_b_ddg 0.0218377078516873 -0.00975422968921163 0.0534296453925862
31T_b_ddg -0.0330422981672628 -0.0330422981672628 -0.0330422981672628
32A_b_ddg 1.12088462423663 1.01031284284348 1.24725237440023
32E_b_ddg 0.479333819925845 0.447741882384946 0.510925757466744
32F_b_ddg 0.449861253759391 -0.40312105984488 2.85084850686771
32G_b_ddg 1.01448442703748 0.982892489496581 1.04607636457838
32H_b_ddg 0.257113989543388 0.20972608323204 0.304501895854736
32N_b_ddg 0.0956804617226724 0.0798844929522229 0.111476430493122
32V_b_ddg 0.255535798596659 0.192351923514861 0.318719673678457
32Y_b_ddg 0.283317492704392 0.235929586393044 0.314909430245291
33A_b_ddg -0.0921943631567039 -0.107990331927153 -0.0763983943862544
33H_b_ddg -0.0391604851724062 -0.0549564539428557 -0.0233645164019567
33I_b_ddg -0.09080906760886 -0.248768755313355 0.0513546513251852
33L_b_ddg -0.110151551602841 -0.110151551602841 -0.110151551602841
33N_b_ddg -0.0230334260505034 -0.196789082525448 0.134926261653991
33R_b_ddg 0.0247835272402391 -0.00680841030065983 0.056375464781138
33S_b_ddg -0.00164278558260737 -0.00164278558260737 -0.00164278558260737
33T_b_ddg 0.00954223876629049 -0.00625373000415898 0.02533820753674
33Y_b_ddg -0.296320311989773 -0.422688062153369 -0.169952561826177
34D_b_ddg -0.0617510907969242 -0.0775470595673737 -0.0459551220264747
34H_b_ddg -0.0804721795152911 -0.11206411705619 -0.0488802419743922
34I_b_ddg 0.37494253108127 0.37494253108127 0.37494253108127
34K_b_ddg 1.13356102747701 1.10196908993611 1.16515296501791
34S_b_ddg 0.336314156949743 0.320518188179294 0.352110125720192
34T_b_ddg 0.486251763853615 0.438863857542267 0.517843701394514
34Y_b_ddg 0.125527210845942 0.125527210845942 0.125527210845942
35C_b_ddg 1.45336483130578 1.37438498745353 1.53234467515803
35G_b_ddg 1.19238418248298 0.829076900762642 1.88740680838276
35K_b_ddg 1.71908997055632 1.13463912604969 4.12007722366464
35L_b_ddg 1.36045298188385 1.32886104434295 1.39204491942475
35M_b_ddg 2.07836544583525 1.49391460132862 4.47935269894357
35R_b_ddg 1.64813287580003 1.61654093825913 1.67972481334093
35S_b_ddg 1.19000123530808 1.11102139145583 1.28477704793078
35Y_b_ddg 1.89627774720425 1.31182690269762 4.29726500031257
36C_b_ddg 0.144908990661225 0.129113021890776 0.160704959431674
36G_b_ddg 0.101187498921224 0.0695955613803251 0.132779436462123
36L_b_ddg 0.317463066913175 0.301667098142726 0.333259035683624
36M_b_ddg 0.492826764357909 0.303275139112515 0.682378389603303
36R_b_ddg 0.366777225692853 0.303593350611055 0.429961100774651
36S_b_ddg 0.0479742309029324 -0.0152096441788655 0.11115810598473
36Y_b_ddg 0.336316923208131 0.178357235503636 0.494276610912626
37E_b_ddg -0.484955191140669 -0.500751159911118 -0.46915922237022
37I_b_ddg -0.231135251473609 -0.231135251473609 -0.231135251473609
37L_b_ddg -0.156821513702972 -0.346373138948366 0.00113817400152263
37N_b_ddg -0.323673173160635 -0.339469141931084 -0.307877204390186
37Q_b_ddg -0.372538579287859 -0.404130516828758 -0.34094664174696
37R_b_ddg -0.143832723741268 -0.159628692511717 -0.128036754970819
37T_b_ddg -0.542972285092449 -0.574564222633348 -0.51138034755155
37Y_b_ddg -0.167940909953077 -0.325900597657572 -0.0257771910190318
38A_b_ddg -0.529289980338952 -0.639861761732098 -0.434514167716255
38C_b_ddg 0.0675916907848852 -0.595838997573992 2.02629181832062
38E_b_ddg 0.0139708833530624 -0.0808049292696344 0.0929507272053097
38L_b_ddg 0.320883138644683 -0.263567705861947 2.721870391753
38R_b_ddg 0.16263832606087 0.0836584822086227 0.257414138683567
38V_b_ddg -0.260023958507797 -0.307411864819145 -0.212636052196449
39D_b_ddg -0.165665907486027 -0.181461876256476 -0.149869938715578
39G_b_ddg -0.263718249680148 -0.279514218450597 -0.247922280909699
39P_b_ddg 0.148265104086337 -0.0728784586999555 0.36940866687263
39S_b_ddg -0.0795686482267351 -0.0953646169971846 -0.0637726794562856
39T_b_ddg 0.00133305906063686 -0.0144629097098126 0.0171290278310863
39V_b_ddg -0.0210374468565052 -0.0210374468565052 -0.0210374468565052
3A_b_ddg -0.0421225074841962 -0.0579184762546457 -0.0263265387137467
3D_b_ddg 0.530760565574873 0.451780721722626 0.60974040942712
3F_b_ddg -0.0743413459076228 -0.0901373146780723 -0.0585453771371733
3G_b_ddg -0.342549732156341 -0.37414166969724 -0.310957794615442
3I_b_ddg 0.0411911507487039 0.0253951819782544 0.0569871195191534
3L_b_ddg -0.301854662584917 -0.333446600125816 -0.270262725044018
3N_b_ddg -0.110533363901969 -0.410656770540509 0.284365855359268
40F_b_ddg -0.137358301674381 -0.15315427044483 -0.121562332903932
40G_b_ddg -0.374553745432445 -0.421941651743793 -0.327165839121097
40H_b_ddg -0.212143582452418 -0.291123426304665 -0.133163738600171
40N_b_ddg -0.482172560914492 -0.640132248618987 -0.340008841980447
40R_b_ddg -0.130914366229224 -0.130914366229224 -0.130914366229224
40S_b_ddg -0.169510642034066 -0.185306610804515 -0.153714673263617
40W_b_ddg -0.20557285359187 -0.252960759903218 -0.158184947280522
40Y_b_ddg -0.111453498065435 -0.111453498065435 -0.111453498065435
41D_b_ddg -0.218516497500795 -0.265904403812143 -0.171128591189447
41I_b_ddg -0.451363967842081 -0.672507530628374 -0.261812342596687
41L_b_ddg -0.154189978560863 -0.154189978560863 -0.154189978560863
41N_b_ddg -0.0571638562796321 -0.0729598250500816 -0.0413678875091826
41P_b_ddg 0.0157563016746348 -0.0948154797185115 0.110532114297332
41Q_b_ddg -0.134826244760206 -0.150622213530655 -0.119030275989757
41R_b_ddg 0.0974323888471809 0.0816364200767314 0.11322835761763
41Y_b_ddg -0.16246941736705 -0.178265386137499 -0.146673448596601
42A_b_ddg -0.249696736286107 -0.281288673827006 -0.233900767515658
42E_b_ddg -0.188681585861412 -0.204477554631861 -0.172885617090963
42L_b_ddg -0.560577476839124 -0.67114925823227 -0.450005695445978
42M_b_ddg -0.284244065639889 -0.394815847033035 -0.173672284246743
42R_b_ddg -0.199077520548952 -0.199077520548952 -0.199077520548952
42V_b_ddg -0.0759109231153613 -0.0917068918858108 -0.0601149543449118
42W_b_ddg -0.122276508210396 -0.138072476980845 -0.106480539439947
43E_b_ddg -0.202693169631333 -0.234285107172232 -0.171101232090434
43H_b_ddg -0.0914105292163073 -0.107206497986757 -0.0756145604458578
43K_b_ddg 0.201033474054847 0.185237505284398 0.216829442825296
43L_b_ddg -0.115009611603551 -0.115009611603551 -0.115009611603551
43P_b_ddg 0.0363972223258085 -0.0741745590673378 0.162764972489404
43R_b_ddg 0.0929690647732823 0.0771730960028328 0.108765033543732
44A_b_ddg 0.0106675262560489 -0.00512844251440057 0.0264634950264984
44I_b_ddg 0.0201437035377419 0.00434773476729243 0.0359396723081914
44K_b_ddg -0.298869378191889 -0.472625034666833 -0.156705659257844
44N_b_ddg -0.2563595216272 -0.287951459168099 -0.224767584086301
44P_b_ddg -0.331241538144554 -0.378629444455902 -0.283853631833206
44S_b_ddg -0.113394441406419 -0.113394441406419 -0.113394441406419
45A_b_ddg 0.226737875220802 0.163554000139004 0.2899217503026
45C_b_ddg 0.326432365521971 0.294840427981072 0.373820271833319
45D_b_ddg 0.40521982492841 0.357831918617062 0.468403700010208
45F_b_ddg 1.04332707222115 0.522060102796318 3.44431432532947
45H_b_ddg 0.995461241307252 0.363622490489273 3.39644849441557
45I_b_ddg 0.799658130944633 0.199411317667553 3.20064538405295
45N_b_ddg 0.597404198343873 -0.0660264900150045 2.99839145145219
45R_b_ddg 0.303088304126925 0.192516522733779 0.429456054290521
45S_b_ddg 0.392654550615088 0.34526664430374 0.440042456926436
45V_b_ddg 0.282026030564221 0.250434093023322 0.31361796810512
45Y_b_ddg 0.35363461257607 -0.0570605754556161 1.17502498863944
46I_b_ddg 0.0889003893791303 0.0731044206086808 0.10469635814958
46K_b_ddg 1.52927559573643 1.48188768942508 1.57666350204778
46L_b_ddg -0.294906221620211 -0.31070219039066 -0.294906221620211
46R_b_ddg 1.74377766883505 1.601613949901 1.94912526285089
46T_b_ddg 0.0133358171569209 0.0133358171569209 0.0133358171569209
46V_b_ddg 0.0389356890010444 0.0389356890010444 0.0389356890010444
47C_b_ddg 0.679702611814804 0.269007423783118 1.89599220713941
47I_b_ddg 0.0121802138202529 -0.00361575495019656 0.0279761825907024
47L_b_ddg -0.141385558593411 -0.141385558593411 -0.141385558593411
47S_b_ddg 0.186915466225347 0.123731591143549 0.250099341307145
47V_b_ddg 0.15364082682497 0.122048889284071 0.185232764365869
47Y_b_ddg -0.0869128292402161 -0.102708798010666 -0.0711168604697666
48A_b_ddg 0.259430446049675 0.196246570967877 0.322614321131473
48H_b_ddg 1.42945367018051 1.39786173263961 1.46104560772141
48L_b_ddg 1.04171775838681 0.994329852075462 1.08910566469816
48Q_b_ddg -0.200401295333268 -0.326769045496864 -0.0898295139401217
48R_b_ddg 1.10688981841492 1.04370594333312 1.17007369349672
48S_b_ddg 0.707272574649847 0.675680637108948 0.738864512190746
48T_b_ddg 0.383405828608337 0.336017922296989 0.430793734919685
49C_b_ddg -0.210584395268973 -0.210584395268973 -0.210584395268973
49F_b_ddg -0.512801963498055 -0.702353588743449 -0.35484227579356
49G_b_ddg -0.289302980839549 -0.320894918380448 -0.25771104329865
49H_b_ddg -0.104455491846373 -0.104455491846373 -0.104455491846373
49L_b_ddg -0.429201213699618 -0.444997182470067 -0.413405244929169
49N_b_ddg -0.40433286430384 -0.546496583237885 -0.277965114140244
49P_b_ddg 0.793732499800677 0.762140562259778 0.825324437341576
49S_b_ddg -0.26258902100663 -0.278384989777079 -0.246793052236181
49Y_b_ddg -0.445740574528443 -0.635292199773837 -0.287780886823948
4E_b_ddg -0.241664054963441 -0.25746002373389 -0.225868086192992
4H_b_ddg -0.147464444013242 -0.147464444013242 -0.147464444013242
4K_b_ddg -0.0236613593350706 -0.0394573281055201 -0.00786539056462113
4L_b_ddg 0.114476955685161 0.114476955685161 0.114476955685161
4M_b_ddg 0.875414557855933 0.764842776462787 0.985986339249079
4P_b_ddg 0.318137970544045 0.16017828283955 0.523485564559888
4R_b_ddg -0.076510095111723 -0.0923060638821725 -0.0607141263412735
4T_b_ddg -0.0217226767299936 -0.195478333204938 0.136237010974501
50C_b_ddg 0.442552826627854 0.26879717015291 0.616308483102798
50D_b_ddg -0.00054187277208412 -0.0163378415425336 0.0152540959983653
50F_b_ddg 0.529078202205296 0.371118514500801 0.687037889909791
50H_b_ddg 0.232381364927016 0.200789427386117 0.263973302467915
50I_b_ddg 0.401983612413491 0.401983612413491 0.41777958118394
50K_b_ddg 0.77360097653973 0.77360097653973 0.789396945310179
50S_b_ddg 0.223463502385054 0.207667533614605 0.239259471155503
50T_b_ddg 0.0894994390098854 0.0579075014689865 0.121091376550784
50Y_b_ddg 0.331427361839785 0.331427361839785 0.331427361839785
51C_b_ddg 1.43410674867491 1.38671884236356 1.49729062375671
51D_b_ddg 0.413655900033929 0.145124430936288 0.950718838229211
51F_b_ddg 0.189412234738033 0.189412234738033 0.189412234738033
51H_b_ddg -0.224710107207828 -0.240506075978277 -0.208914138437379
51I_b_ddg 2.13021523755237 1.57735633058664 4.53120249066069
51L_b_ddg 1.49647939358447 1.05419226801188 2.1441141131729
51N_b_ddg 0.929954815737668 0.803587065574072 1.08791450344216
51S_b_ddg 1.93776896844201 1.71662540565572 2.30107625016235
52A_b_ddg -0.0539634264781684 -0.0697593952486179 -0.0381674577077189
52D_b_ddg 0.241210823244029 0.178026948162231 0.304394698325827
52E_b_ddg 0.703813827108122 0.0245871699787951 3.10480108021644
52F_b_ddg 0.32804230043084 0.280654394119492 0.391226175512638
52G_b_ddg -0.210404103405471 -0.257792009716819 -0.163016197094123
52I_b_ddg -0.178916762940498 -0.194712731710947 -0.163120794170049
52L_b_ddg 0.2092594656792 0.146075590597402 0.272443340760998
52Y_b_ddg -0.338683590002984 -0.828358621886917 0.308951129585444
53A_b_ddg -0.0923393124862662 -0.108135281256716 -0.0765433437158167
53I_b_ddg 0.118563936691624 0.118563936691624 0.118563936691624
53N_b_ddg -0.0863600915486906 -0.11795202908959 -0.0547681540077917
53P_b_ddg 0.48987032816913 0.331910640464635 0.663625984644074
53S_b_ddg -0.0685527929347204 -0.0685527929347204 -0.0685527929347204
54A_b_ddg 0.0146152597089163 -0.0169766778319826 0.0462071972498152
54H_b_ddg -0.128320811323029 -0.144116780093478 -0.11252484255258
54L_b_ddg -0.110709294008606 -0.126505262779055 -0.0949133252381565
54N_b_ddg 0.0797833179674036 -0.0939723385075405 0.237743005671898
54Q_b_ddg -0.141076128667994 -0.283239847602039 -0.0147083785043983
54R_b_ddg -0.121671576082089 -0.169059482393437 -0.0742836697707406
54S_b_ddg -0.0151360235774398 -0.0309319923478893 0.000659945193009666
54T_b_ddg -0.0447022252097998 -0.0604981939802493 -0.0289062564393503
55A_b_ddg 0.14384893255662 0.14384893255662 0.14384893255662
55E_b_ddg 0.00981315262486895 0.00981315262486895 0.00981315262486895
55G_b_ddg 0.168428640609002 0.136836703068103 0.200020578149901
55L_b_ddg 0.0258756186079261 0.0100796498374766 0.0416715873783756
55M_b_ddg 0.0515580624946991 0.0357620937242496 0.0515580624946991
55P_b_ddg 0.132975896309805 -0.0091878226242402 0.27513961524385
55S_b_ddg -0.0359532181297047 -0.209708874604649 0.12200646957479
55T_b_ddg -0.0596924575284804 -0.138672301380728 0.00349141755331746
56D_b_ddg -0.0101059739889924 -0.0259019427594419 0.00568999478145706
56F_b_ddg -0.162667610554304 -0.320627298258799 -0.0205038916202588
56H_b_ddg -0.016910272180386 -0.0485022097212849 0.0146816653605129
56I_b_ddg 0.0478954163367911 0.0320994475663416 0.0636913851072406
56K_b_ddg -0.0481348594177922 -0.0639308281882417 -0.0323388906473427
56S_b_ddg -0.00286024981283351 -0.018656218583283 0.012935718957616
56T_b_ddg -0.108968347091614 -0.140560284632513 -0.0773764095507151
56Y_b_ddg -0.0441628190917314 -0.0441628190917314 -0.0441628190917314
5D_b_ddg 0.232567879210009 0.169384004128211 0.295751754291807
5E_b_ddg -1.34537280611725 -1.50333249382174 -1.2032090871832
5G_b_ddg -0.36243439767253 -0.394026335213429 -0.330842460131631
5P_b_ddg 0.0272977661146657 -0.0516820777375816 0.106277609966913
5S_b_ddg -0.330025678725174 -0.345821647495623 -0.314229709954725
5T_b_ddg -0.0506544705647889 -0.0664504393352384 -0.0348585017943394
5V_b_ddg 0.288693917421527 0.225510042339729 0.351877792503325
6F_b_ddg -0.109841864472821 -0.12563783324327 -0.0940458957023715
6H_b_ddg 0.088285410293506 0.0724894415230565 0.104081379063955
6I_b_ddg 0.0729835958461123 0.0571876270756628 0.0887795646165618
6P_b_ddg 0.166069910397896 0.0712940977751992 0.276641691791042
6R_b_ddg 0.1276110759514 0.0802231696400516 0.174998982262748
6V_b_ddg -0.00992356937383324 -0.0731074444556311 0.0532603057079646
7C_b_ddg 1.41782295061787 1.33884310676562 1.49680279447012
7I_b_ddg 1.49503651379204 1.44764860748069 1.55822038887384
7L_b_ddg 1.42268442281398 1.40688845404353 1.43848039158443
7S_b_ddg 1.26256053241093 1.23096859487003 1.29415246995183
7V_b_ddg 1.92291180895133 1.79654405878773 2.11246343419672
7Y_b_ddg -0.0637787864905471 -0.0637787864905471 -0.0637787864905471
8A_b_ddg -0.345566879333157 -0.392954785644505 -0.298178973021809
8C_b_ddg -0.606060535673102 -0.700836348295799 -0.511284723050405
8E_b_ddg -0.170203211379336 -0.185999180149785 -0.154407242608887
8G_b_ddg -0.278152410376102 -0.293948379146551 -0.262356441605653
8H_b_ddg -0.358486237740655 -0.405874144052003 -0.326894300199756
8N_b_ddg -0.182106185678205 -0.197902154448654 -0.166310216907756
8V_b_ddg 0.0712243846026499 0.039632447061751 0.102816322143549
8Y_b_ddg 0.172714614414657 0.141122676873758 0.204306551955556
9C_b_ddg 2.15008823246132 1.75518901320008 2.93988667098379
9H_b_ddg 1.68576708520983 1.11711220947365 4.08675433831815
9I_b_ddg 0.277069746610915 0.213885871529117 0.387641528004061
9L_b_ddg 0.744799479314928 0.729003510544479 0.760595448085377
9P_b_ddg 0.64029783056946 -0.165296576723463 3.04128508367778
9S_b_ddg 0.977899297282987 0.930511390971639 1.02528720359434
9T_b_ddg 0.924277928797563 0.466194834454528 3.32526518190588
9V_b_ddg 2.71585330445963 2.32095408519839 3.48985577421165
9Y_b_ddg 1.54050408020578 1.50891214266488 1.57209601774668
b_dgwt -0.657512182681162 -0.657512182681162 -0.657512182681162
b_fwt 0.96931997309363 0.96931997309363 0.96931997309363
b_f0 0.136878773653116 0.136878773653116 0.136878773653116
s_dgwt -1.17914021641921 -1.17914021641921 -1.17914021641921
s_fwt 1.02971440855446 1.02971440855446 1.02971440855446
s_f0 0.0655715898021135 0.0655715898021135 0.0655715898021135
