par value lower upper
10A_s_ddg 0.0460841291469003 -1.15654485214662 2.77443644491727
10E_s_ddg -0.0389443344304758 -2.8390953953527 0.086703469585265
10G_s_ddg 0.592694308439978 0.395247759272385 3.32104662421035
10H_s_ddg 0.0265149058888718 -2.80953552760928 0.421408004224057
10N_s_ddg 0.0284600869502043 -2.69989222882017 2.52346648097706
10V_s_ddg 0.00968102825404658 -2.79047003266818 2.80983208917627
10Y_s_ddg 0.0194916471533824 -2.70886066861699 0.234887882608938
11A_s_ddg 0.00565629024455625 -2.72269602552581 0.239002211988075
11H_s_ddg 0.860517820051784 0.483574408004562 3.58887013582215
11L_s_ddg 1.16637306680897 0.771479968473785 3.89472538257934
11Q_s_ddg 0.423585234634012 0.0286921362988267 1.39286829418401
11R_s_ddg 0.369579946671807 0.118284338640325 3.09793226244218
11S_s_ddg 0.122801978076227 -0.236191747683032 2.8511542938466
11T_s_ddg 0.0858385497452158 -0.847545137228858 0.301234785200771
12E_s_ddg -0.0202323034063036 -2.74858461917667 0.195163932049252
12H_s_ddg 0.14655691304205 -0.0508896361255426 2.87490922881242
12K_s_ddg 0.124959227896356 -0.0904370075591996 2.85331154366673
12L_s_ddg 0.0966687255779884 -0.262325000181271 2.82502104134836
12P_s_ddg 1.5722814582608 0.567099026134874 4.30063377403117
12R_s_ddg 0.0290542507636149 -1.5146187700012 2.75740656653399
13A_s_ddg 0.144520249082485 -0.0708759863730706 0.431715229689892
13D_s_ddg 0.0189293737709795 -2.70942294199939 2.74728168954135
13G_s_ddg 0.0373826643234937 -2.69096965144688 2.76573498009386
13K_s_ddg -0.0367106719570012 -2.76506298772737 1.54286172138374
13Q_s_ddg 1.17811010037025 -0.204015743802898 3.90646241614062
13V_s_ddg 0.145777275414144 -0.159367391481226 2.94592833633637
14A_s_ddg 0.064534582169248 -0.204710712150196 0.495327053080359
14E_s_ddg -0.0153807444624359 -2.74373306023281 0.182065804705157
14G_s_ddg 0.224120507067272 0.00872427161171641 3.07812062685338
14H_s_ddg 0.112137097755181 -2.61621521801519 0.722426431545922
14I_s_ddg 0.229871092755713 -2.49848122301466 2.95822340852608
14N_s_ddg 0.125560107668875 -0.14368518665057 0.52045320600406
14V_s_ddg 0.110757842712569 -0.355934000774468 2.83911015848294
14Y_s_ddg 0.283484544475091 -0.00371043613231642 3.01183686024546
15A_s_ddg 0.294983825914326 -0.0101608409810444 0.941172532280993
15E_s_ddg 0.189521806893711 -0.0258744285618446 3.04352192667982
15L_s_ddg 0.88101372290445 0.324573447977598 3.60936603867482
15R_s_ddg 0.398102545184876 0.0929578782895056 3.12645486095525
15S_s_ddg 0.132523916788555 -2.59582839898182 0.760762936867259
15V_s_ddg 1.684664541734 1.21797269824696 3.53348222939419
16A_s_ddg 0.0703431206055742 -0.934839311520352 2.79869543637595
16D_s_ddg 1.66486964930802 1.09047968809321 3.63933514098395
16G_s_ddg 0.107756660785687 -0.233287378685609 2.83610897655606
16K_s_ddg -0.0622800146887406 -2.79063233045911 0.153116220766815
16Q_s_ddg -0.109688755203907 -2.83804107097428 1.30833646154517
16V_s_ddg 0.0999143703663102 -0.564224022288319 0.315310605821866
17M_s_ddg 0.499065675341247 0.193921008445877 3.22741799111162
17P_s_ddg 1.82938295852565 1.36269111503861 4.55773527429602
17Q_s_ddg 1.95570729572444 1.47106576594944 4.68405961149481
17R_s_ddg 2.16748070487521 1.18024795903725 4.89583302064558
17S_s_ddg 2.95854910100661 0.732788001299202 5.68690141677698
17V_s_ddg 0.717866722343709 0.394772369160376 3.44621903811408
18A_s_ddg -0.0181137764744729 -2.74646609224484 0.143433400117194
18C_s_ddg 0.06660944796125 -0.0949377286304167 2.79496176373162
18D_s_ddg 0.484514353755289 0.233218745723807 3.21286666952566
18I_s_ddg 0.412264571696971 -0.0544272717900661 2.02773633761364
18R_s_ddg 0.0211077562155021 -2.09695522576413 2.85715818971365
18S_s_ddg -0.00879095594008053 -2.8089420168623 0.11685684807566
18V_s_ddg 0.181215401571728 0.0376179112680243 2.9095677173421
19C_s_ddg 1.93919263568511 0.79041271325548 4.66754495145548
19H_s_ddg 3.04050985276894 0.725000321621717 5.76886216853931
19I_s_ddg 0.968388363222949 0.663243696327579 3.69674067899332
19L_s_ddg 0.653260825570736 0.455814276403143 3.38161314134111
19S_s_ddg 1.8977988801944 1.4131573504194 4.62615119596477
19V_s_ddg 1.54417182209407 0.915932802015366 4.27252413786444
19Y_s_ddg 1.65674122020357 1.17209969042857 3.68505577074338
1A_s_ddg 0.00521903849183354 -2.72313327727854 2.60792355024646
1I_s_ddg 0.000791998994142787 -2.72756031677623 2.7829933736284
1K_s_ddg -0.00760223662999901 -2.73595455240037 2.57715258883667
1L_s_ddg 0.0289647111036362 -2.69938760466673 0.334109377999007
1M_s_ddg 0.00918190256425579 -1.08574896100148 2.80933296348648
1P_s_ddg 0.0165427155102311 -2.71180960026014 0.285788009829676
1R_s_ddg 0.10047909376478 -0.20466557313059 2.82883140953515
1S_s_ddg -0.00842767762793741 -2.73677999339831 2.71992463814243
1V_s_ddg 0.0242977189194866 -1.78862059616477 2.75265003468986
20C_s_ddg 0.2027813945479 0.0232845316682704 2.93113371031827
20G_s_ddg 0.347539141706004 0.185991965114337 3.07589145747637
20H_s_ddg 0.0339162541910807 -2.69443606157929 2.8340673151133
20L_s_ddg 0.269545520880796 0.107998344289129 2.99789783665117
20P_s_ddg 1.88994428964428 0.902711543806317 4.61829660541465
20Q_s_ddg 0.0794541096733282 -0.117992439494264 2.8078064254437
20S_s_ddg 0.0637908748872863 -0.0618569291284545 2.79214319065766
21G_s_ddg 0.472885369340983 0.293388506461353 3.20123768511135
21H_s_ddg 0.205894877679672 -0.0633504166397725 0.654637034878746
21K_s_ddg -0.076043406787825 -2.8043957225582 1.01888745677792
21L_s_ddg 0.500693491014499 0.321196628134869 3.22904580678487
21M_s_ddg 0.109502655586265 -0.46488730562855 2.90965371650849
21P_s_ddg 1.34983892869272 0.954945830357535 4.07819124446309
21Q_s_ddg 0.00451249345927716 -2.72383982231109 2.85851261324539
21W_s_ddg 1.01787295807838 0.748627663758936 3.74622527384875
22A_s_ddg 1.02067640503807 0.589883934126959 3.74902872080844
22C_s_ddg 1.47222016774729 0.484987421909327 4.20057248351766
22E_s_ddg 0.957804431771161 0.616760392299865 3.68615674754153
22R_s_ddg 1.09637164166303 0.845076033631548 3.8247239574334
22V_s_ddg 1.50871537348467 1.00612415742171 4.03962114008745
23A_s_ddg 0.937366947779913 0.506574476868802 3.66571926355028
23E_s_ddg 0.105445172454929 -0.199699494440441 2.8337974882253
23G_s_ddg 1.66078259337039 1.21204043617132 3.72499651648613
23H_s_ddg 0.980105961879867 0.369816628089126 3.70845827765024
23N_s_ddg 0.715439566367246 0.356445840607987 3.44379188213762
23V_s_ddg 1.33282313839083 0.991779098919534 4.0611754541612
23Y_s_ddg 0.971439444919719 0.558596660296571 3.69979176069009
24C_s_ddg 0.0610181094883198 -2.7391329514339 0.384112462671653
24I_s_ddg -0.0911833658239981 -2.81953568159437 0.752451889710261
24L_s_ddg -0.0238600335067048 -0.149507837522446 0.101787770509036
24N_s_ddg 0.284981214663339 -0.271459060263513 2.42099388293093
24S_s_ddg 0.212676055048058 -0.00272018040749758 2.94102837081843
24T_s_ddg 0.0194337113247977 -2.70891860444557 0.773320535419242
24V_s_ddg -0.0399639697222159 -2.76831628549259 0.157482579445377
24Y_s_ddg -0.00361892610713218 -2.7319712418775 2.72473338966324
25F_s_ddg 1.57674341098184 1.09210188120684 4.10764917758462
25L_s_ddg 0.72898326592865 0.369989540169391 3.45733558169902
25M_s_ddg 1.57501212080513 1.16216933618198 4.3033644365755
25N_s_ddg 1.88396188835219 1.45316941744108 4.61231420412256
25S_s_ddg 2.10051085548041 0.933781246762817 4.82886317125078
25T_s_ddg 1.89565439660213 1.46486192569102 4.6240067123725
25V_s_ddg 0.342869694896316 0.109523773152797 3.07122201066669
26D_s_ddg 0.046936415528954 -2.68141590024142 2.09320065235673
26I_s_ddg 0.0393359068231854 -2.68901640894719 1.99585171221115
26L_s_ddg -0.0630119975853125 -2.79136431335568 1.3370635328758
26N_s_ddg 0.0706736270988651 -2.65767868867151 2.79902594286924
26P_s_ddg 1.65913655551722 0.779601927407035 4.38748887128759
26Q_s_ddg -0.0557131599825178 -2.78406547575289 1.38026174305452
26R_s_ddg -0.0232829092022692 -2.75163522497264 2.29222662194495
26Y_s_ddg 0.027128801661254 -2.70122351410912 2.28878927394459
27A_s_ddg 1.43343856190093 0.966746718413893 4.1617908776713
27D_s_ddg 1.88120913542087 1.45041666450976 4.60956145119124
27F_s_ddg 1.39683243978927 0.499348125391122 3.15590169600964
27G_s_ddg 2.23177664137627 1.4419904447059 4.96012895714664
27I_s_ddg 0.0941510616386584 -0.641786076167823 2.82250337740903
27L_s_ddg 0.0595540851143629 -2.66879823065601 0.310849693145844
28I_s_ddg 0.0115085013402067 -2.78864255958202 2.73986081711058
28K_s_ddg 0.131255093675477 -0.0661914554921156 2.85960740944585
28L_s_ddg -0.0469776057935682 -2.77532992156394 0.0607205119342096
28N_s_ddg 0.498837998531712 0.139844272772453 1.1809260774743
28R_s_ddg 0.386934347104418 0.243336856800714 3.11528666287479
28T_s_ddg 0.00719244575028519 -0.118455358265456 2.84324287924843
28V_s_ddg -0.00229005648890121 -1.22286872407038 2.83376037700925
29A_s_ddg 0.787622005024025 0.231181730097173 3.58777306594625
29E_s_ddg 0.0708585954999242 -0.718927601170446 2.87100965642215
29F_s_ddg 1.40890735678304 -0.0450172325419602 4.13725967255341
29G_s_ddg 1.06045298995912 0.719408950487824 3.78880530572949
29H_s_ddg 0.960436211035787 0.350146877245046 3.68878852680616
29N_s_ddg 0.38285730902819 0.0597629558448566 3.11120962479856
29V_s_ddg 1.03414329402083 0.746948313413422 3.7624956097912
29Y_s_ddg 1.16665071544611 0.628160126807221 3.89500303121648
2C_s_ddg 0.0496453955174753 -1.11708421320012 2.77799771128785
2D_s_ddg 0.173929663355879 0.0123824867642123 2.90228197912625
2F_s_ddg 0.00795169827764507 -2.84604842150847 2.7901530729119
2H_s_ddg 0.0717826586080711 -0.610305420334522 2.80013497437844
2I_s_ddg -0.0231727900960563 -2.75152510586643 0.192223445359499
2N_s_ddg 0.192793822554838 0.0312466459631713 2.92114613832521
2S_s_ddg 0.176715176865068 0.0331176865613643 2.90506749263544
30D_s_ddg 0.0133580834609918 -2.71499423230938 0.24670400520451
30H_s_ddg 0.0999389267152532 -0.169306367604191 0.494832025050438
30I_s_ddg 0.385791215943563 0.134495607912081 3.11414353171393
30K_s_ddg -0.0123628282060433 -2.74071514397641 2.46469387953285
30S_s_ddg 0.00671489799490944 -2.72163741777546 2.35812380171806
30T_s_ddg 0.0222709791547875 -2.70608133661558 0.21971752832238
30Y_s_ddg 0.23215717292154 -0.449930906021053 3.08615729270765
31A_s_ddg 0.185621194124808 -0.0656744139066736 2.91397350989518
31I_s_ddg 0.932381894419432 0.0707969525972096 3.6607342101898
31L_s_ddg 0.644557813163515 0.375312518844071 3.37291012893389
31P_s_ddg 1.62866549094205 1.25172207889483 4.35701780671242
31T_s_ddg -0.00351463385400327 -2.73186694962437 2.13249803441359
32A_s_ddg 0.362431151495627 0.129085229752108 3.19848158499378
32E_s_ddg 1.1474521912761 0.501263484909433 3.87580450704647
32F_s_ddg 2.63654281804545 0.285133914322302 5.36489513381582
32G_s_ddg 0.266680468045348 0.0871836051657184 2.99503278381572
32H_s_ddg 0.114669181182652 -2.61368313458772 1.13780129959654
32N_s_ddg 0.0563534903479612 -0.930879255490002 2.78470580611833
32V_s_ddg 1.91067839127799 1.40808717521503 4.63903070704836
32Y_s_ddg 1.45478861008416 0.916298021445271 4.18314092585453
33A_s_ddg 0.0322023293605072 -2.69614998640986 2.76055464513088
33H_s_ddg 0.14711628193998 -0.0503302672276126 2.87546859771035
33I_s_ddg 0.231389250219502 -0.0917051029638314 0.841678584010243
33L_s_ddg 0.162333682740459 0.000786506148792332 2.89068599851083
33N_s_ddg 0.0627408480876591 -2.73741021283456 0.349935828695067
33R_s_ddg -0.000837826936872665 -2.72919014270724 2.47621888080202
33S_s_ddg 0.103251561637043 -0.237792477834253 2.83160387740741
33T_s_ddg 0.162003219462545 -0.0174936434170846 2.89035553523292
33Y_s_ddg 0.593515889918798 0.0370756149919461 2.1910379695475
34D_s_ddg -0.0284038994912903 -2.75675621526166 1.91016221960871
34H_s_ddg -0.0443664808362158 -2.77271879660659 0.494124107802673
34I_s_ddg 0.0418795136073058 -2.68647280216307 0.31112480792675
34K_s_ddg 0.0320007595725412 -2.69635155619783 0.229447308740134
34S_s_ddg 0.10364387565263 -2.69650718526959 0.426738228835963
34T_s_ddg 0.0419442175853832 -2.68640809818499 0.598384492512235
34Y_s_ddg -0.0103769873698644 -2.73872930314024 0.187069561797728
35C_s_ddg 1.75325046436549 1.0711623854229 4.48160278013586
35G_s_ddg 2.26249792250072 1.32911423552665 4.99085023827109
35K_s_ddg 0.0175666798636098 -2.71078563590676 0.358610719334906
35L_s_ddg 0.208299053675688 0.0467518770840213 2.93665136944606
35M_s_ddg 0.0306518523230958 -2.69770046344727 0.281947460354577
35R_s_ddg 0.0578138311045842 -0.0678339729111566 2.78616614687496
35S_s_ddg 0.454176295161319 0.2208303734178 0.849069393496504
35Y_s_ddg 0.117034833867221 -2.61131748190315 0.619626049930184
36C_s_ddg 0.999018459133216 0.568225988222105 3.72737077490359
36G_s_ddg 1.50821618964751 1.09537340502436 4.23656850541788
36L_s_ddg 0.174145478530188 0.0125983019385213 2.90249779430056
36M_s_ddg 0.162420653942748 -0.106824640376697 0.575263438565896
36R_s_ddg 1.97629314769114 1.59934973564392 4.70464546346151
36S_s_ddg 1.46600655426272 0.837767534184016 4.03281169344142
36Y_s_ddg 0.32873527003135 -0.0302584557279093 1.2262195844295
37E_s_ddg 0.0526764939973818 -0.593512212369285 2.78102880976775
37I_s_ddg 0.0945626247730557 -0.587525454169537 2.82291494054343
37L_s_ddg 0.114175809451758 -0.0653210534278717 2.84252812522213
37N_s_ddg 0.321565859566325 0.124119310398732 3.0499181753367
37Q_s_ddg 0.0789436517788585 -0.100553211100771 2.80729596754923
37R_s_ddg 0.101864469887975 -0.203280197007395 2.83021678565835
37T_s_ddg 0.125692921975381 -0.251250490071841 2.85404523774575
37Y_s_ddg 0.138710066686208 -0.184384286497125 0.766949086764912
38A_s_ddg 1.49764517932032 0.761708041513838 4.22599749509069
38C_s_ddg 2.30681956563008 0.440052191681932 5.03517188140045
38E_s_ddg 1.742459858695 1.15012021119222 4.47081217446537
38L_s_ddg 2.79680435931488 0.822338867638954 5.52515667508525
38R_s_ddg 1.96269401487591 1.47805248510091 4.69104633064628
38V_s_ddg 1.40499829541137 0.902407079348407 4.11540092489378
39D_s_ddg 0.159898631218354 -0.0375479179492386 2.88825094698872
39G_s_ddg 0.167265163369529 0.00571798677786234 2.8956174791399
39P_s_ddg 1.90693391683839 0.919701171000427 4.63528623260876
39S_s_ddg 0.000236109070293176 -2.72811620670008 2.27984626764159
39T_s_ddg 0.0357697216364836 -2.69258259413389 2.80002140998278
39V_s_ddg 0.0871312672192953 -0.433409635131631 2.81548358298967
3A_s_ddg 0.0551675345507647 -0.0704802694649761 2.78351985032114
3D_s_ddg 2.00845932784747 1.54176748436043 4.73681164361784
3F_s_ddg 0.166897846587897 -0.0125990162917327 2.89525016235827
3G_s_ddg 1.37280083022073 0.977907731885545 4.1011531459911
3I_s_ddg 1.13750116593517 0.796457126463874 3.86585348170554
3L_s_ddg 1.10879064384694 0.767746604375644 3.83714295961731
3N_s_ddg 2.11706405298254 0.770837581385318 4.84541636875291
40F_s_ddg 0.561283627348119 0.220239587876823 3.28963594311849
40G_s_ddg 1.29355095683528 0.844808799636206 4.02190327260565
40H_s_ddg 0.285964602271857 -0.0730291234874023 2.61942381970704
40N_s_ddg 0.8599572720724 0.213768565705733 3.58830958784277
40R_s_ddg 0.334850142697449 0.155353279817819 3.06320245846782
40S_s_ddg 0.234340323592225 0.0548434607125954 2.9626926393626
40W_s_ddg 1.34108719220991 0.820546289858984 4.06943950798028
40Y_s_ddg 0.765344129227788 0.478149148620381 3.49369644499816
41D_s_ddg 0.139920578542743 -0.129324715776701 0.534813676877928
41I_s_ddg 1.34852863204433 0.110000278174885 4.0768809478147
41L_s_ddg 0.503177701961796 0.305731152794203 3.23153001773217
41N_s_ddg -0.0505634660478993 -2.77891578181827 1.61875735873266
41P_s_ddg 1.60922289926925 0.747637957447028 4.33757521503962
41Q_s_ddg 0.124573859927686 -0.324168297271388 2.85292617569806
41R_s_ddg 0.0648692014388295 -0.0607786025769113 2.7932215172092
41Y_s_ddg 0.345389831338735 0.0761445370192905 3.07374214710911
42A_s_ddg 0.8455103108885 0.522415957705167 3.57386262665887
42E_s_ddg 0.341894678540808 0.144448129373215 3.07024699431118
42L_s_ddg 1.50547004396037 0.84133165130574 4.23382235973074
42M_s_ddg 0.773071114307367 0.30637927082033 2.10134789961663
42R_s_ddg 0.709991699795529 0.494595464339973 3.4383440155659
42V_s_ddg 1.41572655745037 1.110581890555 4.14407887322074
42W_s_ddg 0.921550170567215 0.616405503671845 3.64990248633759
43E_s_ddg 0.0465121569644747 -0.958670275161451 2.77486447273485
43H_s_ddg 0.0390000055389208 -1.27132709348238 2.76735232130929
43K_s_ddg -0.0490372799277842 -2.77738959569816 1.67413260371666
43L_s_ddg 0.0911641749929939 -0.0344836290227469 2.81951649076336
43P_s_ddg 1.93985923955082 1.18597241545638 4.66821155532119
43R_s_ddg -0.0106015827544666 -2.14661425102206 2.78954947816776
44A_s_ddg 0.195749123381894 0.0521516330781903 2.92410143915227
44I_s_ddg 0.0241245140447598 -2.70422780172561 2.75247682981513
44K_s_ddg 0.0777782002988375 -0.442762702052088 2.80613051606921
44N_s_ddg 0.272280306500633 0.0568840710450774 3.000632622271
44P_s_ddg 1.38221868118387 0.89757715140887 4.23621880096998
44S_s_ddg 0.106803598261181 -0.0188442057545598 2.83515591403155
45A_s_ddg 1.62608369194992 1.06964341702307 4.35443600772029
45C_s_ddg 1.82359910692443 1.44665569487721 4.5519514226948
45D_s_ddg 1.91214256312897 1.49929977850582 4.64049487889934
45F_s_ddg 1.33444280686909 0.598505669062608 4.06279512263946
45H_s_ddg 3.89030533368951 1.16195301791914 6.61865764945988
45I_s_ddg 2.17246161735526 0.700587341742297 4.90081393312563
45N_s_ddg 3.88127604875626 1.15292373298589 6.60962836452663
45R_s_ddg 1.99574211781173 1.29570435258117 4.7240944335821
45S_s_ddg 1.92586455366935 1.53097145533416 4.65421686943972
45V_s_ddg 1.60085971744132 1.15211756024225 4.23946360177188
45Y_s_ddg 2.16321795522055 0.781092111047402 4.89157027099092
46I_s_ddg -0.02244297039221 -2.75079528616258 2.25716718817909
46K_s_ddg -0.0501217700171232 -2.77847408578749 0.111425406574543
46L_s_ddg 0.0241376086343847 -0.765648588035986 2.75248992440476
46R_s_ddg -0.0431137754153724 -2.84326483633759 0.0825340286003684
46T_s_ddg 0.0606998442333303 -0.782935411300929 2.7890521600037
46V_s_ddg -0.00738482257738181 -2.84343525607553 0.118262981438359
47C_s_ddg 2.14483705539958 1.44479929016902 4.87318937116995
47I_s_ddg 0.959537021942162 0.618492982470866 3.68788933771253
47L_s_ddg 1.07913494923813 0.845789027494611 3.8074872650085
47S_s_ddg 1.85015693529436 1.40141477809529 4.57850925106473
47V_s_ddg 1.4336648255416 1.00287235463049 4.16201714131197
47Y_s_ddg 1.21575597805057 0.892661624867237 3.94410829382094
48A_s_ddg 0.937629067319298 0.452987537544298 3.37878640248226
48H_s_ddg -0.0303803386007197 -2.75873265437109 1.87228640792335
48L_s_ddg 0.469368655432129 0.23602273368861 0.918110812631203
48Q_s_ddg 0.23362501806976 -0.322815256857092 0.700316861556797
48R_s_ddg 0.0844596093789737 -0.489930351835841 2.81281192514934
48S_s_ddg 0.679194708519353 0.320200982760094 3.40754702428972
48T_s_ddg 1.61220484391466 1.03781488269985 3.58667033559059
49C_s_ddg -0.0306748442200289 -2.7590271599904 1.92584096116793
49F_s_ddg 0.621107159986479 0.26211343422722 1.39294367036889
49G_s_ddg 0.206666759858196 0.0810189558424552 2.93501907562857
49H_s_ddg 0.427954289184508 0.212558053728952 3.15630660495488
49L_s_ddg 0.567939521002888 0.370492971835295 3.29629183677326
49N_s_ddg 0.177198018783003 -0.0740975892484785 0.554141430830225
49P_s_ddg -0.037896187109439 -2.76624850287981 1.8827202457026
49S_s_ddg -0.112272972588712 -2.84062528835908 -0.0045748548609342
49Y_s_ddg 0.583021210580822 0.259926857397489 1.24715960323545
4E_s_ddg 0.111614414930206 -0.0499327616614607 2.83996673070058
4H_s_ddg 0.404803049899822 0.189406814444266 3.13315536567019
4K_s_ddg 0.00536299367253565 -0.120284810343205 2.69781593686698
4L_s_ddg 0.103491317727397 -0.0221564862883438 2.83184363349777
4M_s_ddg 0.144111746381382 -0.0353851164982477 2.87246406215175
4P_s_ddg 2.07212392948565 1.1746396150875 4.80047624525602
4R_s_ddg 0.00922322549012886 -0.816462343756168 2.84527365898828
4T_s_ddg 0.143098748394777 -0.0184484281968897 2.87145106416515
50C_s_ddg -0.0369479219738329 -2.7653002377442 1.7400710205345
50D_s_ddg 0.0053161765202064 -2.72303613925016 2.80546723744243
50F_s_ddg 0.147944344472567 -0.0674518909829886 2.94809540539479
50H_s_ddg -0.0245965708132379 -2.75294888658361 0.38824621380991
50I_s_ddg 0.173234167719968 -0.0242123814476246 2.90158648349034
50K_s_ddg -0.0649661794731932 -2.86511724039542 0.0606816245425476
50S_s_ddg -0.0784653360152778 -2.80681765178565 0.047182468000463
50T_s_ddg -0.0542378186864 -2.78259013445677 1.48943520207841
50Y_s_ddg 0.23609520032702 0.00274927858350146 0.630988298662205
51C_s_ddg 0.119092112862338 -0.329650044336736 2.95514254636049
51D_s_ddg 2.02476677421333 0.624691243752219 4.7531190899837
51F_s_ddg 0.0830534556589162 -0.43748744669201 2.81140577142929
51H_s_ddg -0.0093553201599131 -2.73770763593028 0.18809122900768
51I_s_ddg 0.0917657491479987 -0.14158017259552 0.432809788619295
51L_s_ddg -0.042359408517562 -2.84251046943978 0.0653387092102158
51N_s_ddg 1.99744113706779 1.40510148956501 4.72579345283816
51S_s_ddg 0.174085747828728 0.0484379438129872 2.9024380635991
52A_s_ddg 0.357464698833701 0.106169090802219 3.08581701460407
52D_s_ddg 1.98967093781823 1.59477783948304 4.7180232535886
52E_s_ddg 2.48734077193863 0.261579672231222 5.215693087709
52F_s_ddg 1.26661420579537 0.512727381700925 3.74367091353426
52G_s_ddg 1.26703333964918 0.746492437298254 3.99538565541955
52I_s_ddg 0.397750354400527 0.182354118944971 3.1261026701709
52L_s_ddg 1.46099281576476 0.79685442311013 4.09959670009532
52Y_s_ddg 2.19737309008497 0.402404461288673 4.92572540585534
53A_s_ddg 0.00302412950964479 -2.72532818626073 2.62367832755224
53I_s_ddg 0.0539403474390569 -2.67441196833131 2.78229266320943
53N_s_ddg 0.0710195749019848 -2.65733274086839 0.304365496645503
53P_s_ddg 1.95783527920764 1.18599876882523 4.68618759497801
53S_s_ddg 0.0469774862678293 -0.760758396690504 2.7753298020382
54A_s_ddg 0.0417079977656601 -2.68664431800471 2.84185905868788
54H_s_ddg 0.0148321668969092 -2.71352014887346 2.74318448266728
54L_s_ddg 0.0356373023331781 -1.11314262009645 2.76398961810355
54N_s_ddg 0.00219241286152727 -2.7979586480607 0.307337079756898
54Q_s_ddg -0.0646623914503786 -2.79301470722075 0.222532589157029
54R_s_ddg 0.122384638871029 -0.0391625377206377 2.8507369546414
54S_s_ddg -0.0381938024076563 -2.76654611817803 0.0874540016080845
54T_s_ddg -0.0434646501581966 -2.77181696592857 0.153981899009396
55A_s_ddg 0.146737651165323 -0.230205760881899 2.94688871208755
55E_s_ddg 0.0920838225556776 -1.72083449252858 0.343379430587159
55G_s_ddg 0.0668473513692713 -2.6615049644011 0.30019327311279
55L_s_ddg 0.00785705746515191 -2.72049525830522 2.86185717725126
55M_s_ddg 0.000900713630359473 -2.72745160214001 2.10101400932203
55P_s_ddg 0.0910676145625333 -2.76293250522358 0.880853811232904
55S_s_ddg -0.00191086943766811 -2.73026318520804 0.267334424881776
55T_s_ddg 0.088005438042443 -2.71214562287978 0.500848222665591
56D_s_ddg -0.0238603255195295 -2.7522126412899 1.53776238153325
56F_s_ddg 0.224769275237101 -0.0803753916582694 0.817108922739879
56H_s_ddg 0.0582860408955857 -2.79571407889053 0.668575374686327
56I_s_ddg 0.110795675590405 -1.02003456055126 0.380040969909849
56K_s_ddg -0.000646267856633167 -2.728998583627 0.160900908735034
56S_s_ddg 0.109413849254776 -0.375227680520224 2.909564910177
56T_s_ddg 0.0192439363046767 -2.70910837946569 0.34233828948801
56Y_s_ddg 0.11631148564322 -0.493977848147521 2.91646254656544
5D_s_ddg 1.60441611292023 0.994126779129489 4.3327684286906
5E_s_ddg 1.35319989743986 0.724960877361156 4.08155221321023
5G_s_ddg 0.647494997095943 0.414149075352425 3.37584731286631
5P_s_ddg 1.75238254265662 1.10619383628995 4.48073485842699
5S_s_ddg 0.867133140105631 0.597887845786186 3.595485455876
5T_s_ddg 1.35180152851609 1.01075748904479 4.08015384428646
5V_s_ddg 1.88502304982892 1.40038152005392 4.61337536559929
6F_s_ddg 1.06322293313285 0.740128579949517 3.79157524890322
6H_s_ddg 0.798866627417334 0.314225097642334 3.5272189431877
6I_s_ddg 0.0478244917401648 -2.68052782403021 2.77617680751054
6P_s_ddg 1.87519964602614 1.30080968481133 4.60355196179651
6R_s_ddg 0.216860136878414 -0.321630451760475 2.80161496234508
6V_s_ddg 0.097943579390523 -2.63040873637985 1.21082412924423
7C_s_ddg -0.00662498600089468 -2.73497730177127 0.172871876878735
7I_s_ddg 1.79903388867935 1.27849298632842 4.52738620444972
7L_s_ddg 0.128965217530597 -0.0505316453490327 2.85731753330097
7S_s_ddg 0.158901804134635 -0.0385447450329576 2.88725411990501
7V_s_ddg 0.0186278261099572 -2.70972448966041 2.81877888703218
7Y_s_ddg 0.0917737969292388 -0.662113027165206 2.82012611269961
8A_s_ddg 0.881454352887493 0.486561254552308 3.60980666865786
8C_s_ddg 1.16878319235517 0.468745427124614 3.1432486840311
8E_s_ddg 0.70116259785215 0.413967617244743 3.42951491362252
8G_s_ddg 0.950270159114999 0.698974551083517 3.67862247488537
8H_s_ddg 0.740784694591972 0.36384128254475 3.46913701036234
8N_s_ddg 0.144825825980863 -0.196218213490433 2.94497688690309
8V_s_ddg 1.68659397648718 1.32760025072792 3.06871982066033
8Y_s_ddg 1.26179968143359 0.723309092794701 3.99015199720396
9C_s_ddg 0.315427314023383 0.0102826471280126 0.979565706678013
9H_s_ddg -0.0209945891967375 -2.74934690496711 0.373898509138448
9I_s_ddg 1.99905382036555 1.53236197687851 4.72740613613592
9L_s_ddg 1.67438926475097 1.35129491156764 4.40274158052134
9P_s_ddg 2.77160739886115 0.509946926577816 5.49995971463152
9S_s_ddg 1.75106849894035 1.28437665545331 4.47942081471072
9T_s_ddg 2.07412088302159 0.494548489680849 4.80247319879196
9V_s_ddg 0.309866344917834 0.0585707368863524 0.884256306132649
9Y_s_ddg -0.0713083662872353 -2.79966068205761 1.04157218356647
10A_b_ddg -0.376129093379859 -5.84654023787938 0.739546863722018
10E_b_ddg -1.5614199992099 -7.03183114370943 0.166078256947845
10G_b_ddg -0.188022451817456 -1.37567750292591 0.315831206228553
10H_b_ddg 0.764446844756474 -4.70596429974305 1.59220642583206
10N_b_ddg -0.0487277136793937 -5.51913885817892 0.779031867396192
10V_b_ddg -0.256626893120792 -5.72703803762032 0.535143140951508
10Y_b_ddg 0.0579340011235238 -5.412477143376 0.849704035195823
11A_b_ddg -0.148341958796072 -5.6187531032956 0.859365357295946
11H_b_ddg 0.0337789202805092 -0.506064284768786 0.537632578326518
11L_b_ddg 0.00760657070413694 -0.568226181348445 0.547449775753432
11Q_b_ddg -0.0689744717974687 -5.53938561629699 5.40143667270206
11R_b_ddg 0.306213872620625 -5.1641972718789 1.02600481268635
11S_b_ddg 0.539190276119845 -0.468517039972173 1.07903348116914
11T_b_ddg 0.568315351686792 -0.655329246424944 1.14414810373937
12E_b_ddg -3.09124671180072 -8.56165785630025 0.543697535531201
12H_b_ddg 0.452011985316844 0.0921165152839805 0.811907455349707
12K_b_ddg -0.0194998235333822 -5.48991096803291 0.772270210538917
12L_b_ddg -3.29908371813297 -8.7694948626325 -0.096014034840485
12P_b_ddg 0.17525275081793 -5.29515839368159 5.64566389531745
12R_b_ddg 0.652780218231229 -0.103000268837784 1.15663387627724
13A_b_ddg 1.23331674254276 -0.818087436644562 6.70372788704228
13D_b_ddg 0.693552418547671 0.225688307504949 1.12542698258711
13G_b_ddg 1.32307039454248 0.783227189493185 2.18681952262135
13K_b_ddg 1.78101971088304 1.16919741182717 7.25143085538256
13Q_b_ddg 0.107875342749947 -1.04379016135522 1.79938405190441
13V_b_ddg 1.15260597313555 0.7567209560994 1.76442827219142
14A_b_ddg 0.189885569979634 -5.28052557451989 1.26957198007822
14E_b_ddg -0.380420374637592 -5.85083151913712 0.447339206437994
14G_b_ddg 0.153373212418941 -5.31703793208058 0.801185058478095
14H_b_ddg 0.160831729480421 -5.3095794150191 1.13254949856915
14I_b_ddg 0.394246860064328 -5.0761642844352 5.86465800456385
14N_b_ddg 0.129557406177215 -5.34085373832231 0.849348346242942
14V_b_ddg 0.254132232154973 -0.609616895923899 0.721996343197695
14Y_b_ddg 0.0614013087879594 -5.40900983571157 0.781192248853686
15A_b_ddg 0.865675628709548 -0.321979422398901 1.87338294480157
15E_b_ddg 0.196479761515578 -5.27393138298395 0.844291607574732
15L_b_ddg 1.04795427664655 -4.42245686785297 6.51836542114607
15R_b_ddg 1.06345623759498 -0.268157001526615 1.89121581867057
15S_b_ddg 0.964910834907807 -4.50550030959172 6.43532197940733
15V_b_ddg 0.081596455194049 -1.25001678392755 5.55200759969357
16A_b_ddg 1.86821489461536 -0.327147472585107 7.33862603911489
16D_b_ddg 0.164611269370929 -1.16700196975067 5.63502241387045
16G_b_ddg 1.72906735430112 1.15323460224854 7.19947849880064
16K_b_ddg 2.02127463304215 1.44544188098957 7.49168577754167
16Q_b_ddg 1.17025487283212 -4.3001562716674 6.64066601733164
16V_b_ddg 1.86095080968181 1.32110760463251 7.33136195418133
17M_b_ddg 0.221116417599345 -0.606643163476241 0.796949169651927
17P_b_ddg 0.0104375297564749 -5.45997361474305 5.480848674256
17Q_b_ddg 0.0189949790493529 -5.45141616545017 5.48940612354888
17R_b_ddg -0.124403086916637 -5.59481423141616 5.34600805758289
17S_b_ddg -1.08919965317386 -6.55961079767338 4.38121149132567
17V_b_ddg -0.148979898932629 -5.61939104343215 0.606800588136384
18A_b_ddg 0.314051889110817 -5.15635925538871 1.17780101718969
18C_b_ddg 0.209216127937675 -5.26119501656185 0.74905933298697
18D_b_ddg -0.185097707591085 -1.7326482287324 0.35474549745821
18I_b_ddg -0.048716448577943 -5.51912759307747 5.42169469592158
18R_b_ddg 0.0707164586384549 -5.39969468586107 1.15040286873705
18S_b_ddg 0.115223222903473 -5.35518792159605 0.655066427952768
18V_b_ddg 0.246654851764605 -5.22375629273492 0.858477150820473
19C_b_ddg -0.117546431449889 -5.58795757594941 5.35286471304964
19H_b_ddg -1.09912553148435 -6.56953667598387 4.37128561301517
19I_b_ddg -0.0611366771915288 -0.529000788234251 0.334748339844621
19L_b_ddg -0.178232302878176 -0.82604414893733 0.217652714157974
19S_b_ddg 0.00422166888426026 -5.46618947561526 5.47463281338378
19V_b_ddg -0.20046141763079 -5.67087256213031 5.26994972686873
19Y_b_ddg 0.00286572313519061 -1.65265343901598 1.80234307329951
1A_b_ddg -0.432542754288321 -5.90295389878785 0.467195920793838
1I_b_ddg -0.280212128739339 -5.75062327323886 0.331610170316529
1K_b_ddg -0.684612517784023 -6.15502366228355 0.718979815344144
1L_b_ddg -0.0132774850398685 -5.48368862953939 5.45713365945966
1M_b_ddg -0.180073590315129 -5.65048473481465 2.59112152893792
1P_b_ddg -0.987069311742789 -6.45748045624231 0.524491662395237
1R_b_ddg 0.202295901341795 -5.26811524315773 0.850107747400949
1S_b_ddg -0.578897162063001 -6.04930830656253 0.248862419012585
1V_b_ddg -0.523066293250011 -5.99347743774954 4.94734485124951
20C_b_ddg -0.444534973661995 -5.91494611816152 0.455203701420164
20G_b_ddg -0.33269014772765 -5.80310129222717 0.639027621361081
20H_b_ddg -0.698838357590535 -6.16924950209006 0.200900317491624
20L_b_ddg -0.502613909446457 -5.97302505394598 0.361135218632415
20P_b_ddg 0.10160243774967 -5.36880870674985 5.57201358224919
20Q_b_ddg -0.794209662671604 -6.26462080717113 4.67620148182792
20S_b_ddg -0.74620093036609 -6.21661207486561 0.189527291719355
21G_b_ddg 0.00229933742922115 -5.4681118070703 0.866048465508093
21H_b_ddg -0.128554032384506 -5.59896517688403 2.53467244585868
21K_b_ddg -1.07369294655343 -6.54410409105295 3.13708405283107
21L_b_ddg -0.233404959999109 -5.70381610449863 0.306438245050186
21M_b_ddg -0.241510395284726 -5.71192153978425 5.2289007492148
21P_b_ddg -0.0178446269812499 -0.629666926037118 0.593977672074618
21Q_b_ddg -0.654723216988391 -6.12513436148792 0.245015458093768
21W_b_ddg -0.346345364484116 -1.21009449256299 0.157508293561893
22A_b_ddg -0.584656924596495 -6.05506806909602 0.567008579508668
22C_b_ddg -0.711440105138585 -6.18185124963811 4.75897103936094
22E_b_ddg -0.0699945155843863 -0.573848173630395 0.397869595458336
22R_b_ddg -0.166450475085758 -0.598325039125194 0.193444994947105
22V_b_ddg -0.0563290284906031 -1.20799453259577 0.987367834604701
23A_b_ddg -0.454341528860921 -5.92475267336045 0.733313522247528
23E_b_ddg -0.276027513508127 -5.74643865800765 0.263815691541168
23G_b_ddg -0.0748234711960862 -1.73034263334726 1.11283157991236
23H_b_ddg 0.0165894782917928 -1.02710738480351 0.880338606370665
23N_b_ddg -0.202621612619224 -1.71418258675725 0.409200686436644
23V_b_ddg -0.0825838334931019 -0.622427038542397 0.421269824552907
23Y_b_ddg -0.0693290573122305 -0.825109544381244 0.542493241743637
24C_b_ddg -0.341239476653267 -5.81165062115279 0.738446933445323
24I_b_ddg -0.831762393953192 -6.30217353845272 0.283913563148685
24L_b_ddg -0.523653809107826 -5.99406495360735 0.30410577196776
24N_b_ddg -0.0733648263638166 -5.54377597086334 5.39704631813571
24S_b_ddg -0.506685155441094 -5.97709629994062 0.285084878631206
24T_b_ddg -1.05933862594485 -6.52974977044437 2.61159516839036
24V_b_ddg 0.106147510702109 -5.36426363379742 0.78994890376455
24Y_b_ddg -0.42503804579714 -5.89544919029666 0.258763347265301
25F_b_ddg 0.0289745749352269 -0.942743194153504 1.07267143803053
25L_b_ddg -0.151206071733302 -5.62161721623283 0.856501244358716
25M_b_ddg 0.00612005320209579 -0.749660433866917 0.797890087274395
25N_b_ddg 0.0180173204886198 -5.4523938240109 5.48842846498814
25S_b_ddg -0.0544298512228087 -5.52484099572233 5.41598129327672
25T_b_ddg 0.0234318919785893 -5.44697925252094 5.49384303647811
25V_b_ddg -0.195979212568027 -5.66639035706755 0.5238117274977
26D_b_ddg -2.82176853155953 -8.29217967605905 0.489269792742814
26I_b_ddg -0.462133570891096 -5.93254471539062 2.7049465653981
26L_b_ddg -1.12798375754242 -6.59839490204195 0.167639934575888
26N_b_ddg -0.642977777946681 -6.11338892244621 0.436708632151909
26P_b_ddg -0.0318238519813241 -5.50223499648085 5.4385872925182
26Q_b_ddg -0.584672759271522 -6.05508390377105 0.27907636880735
26R_b_ddg -0.624082292463214 -6.09449343696274 0.383625023628804
26Y_b_ddg -0.523365228325952 -5.99377637282548 0.556321181772638
27A_b_ddg 0.0268757743981315 -0.728904712670882 0.818645808470431
27D_b_ddg 0.0213559332813662 -5.44905521121816 5.49176707778089
27F_b_ddg 0.106472063582073 -1.40508891055595 2.51777171280226
27G_b_ddg -0.122227392240206 -5.59263853673973 5.34818375225932
27I_b_ddg -0.107845403746707 -5.57825654824623 0.539966442312447
27L_b_ddg -0.056248569560931 -5.52665971406046 0.735521464511369
28I_b_ddg -0.0390936061612182 -5.50950475066074 0.464760051884791
28K_b_ddg -0.521529107423393 -5.99194025192292 0.198261832642334
28L_b_ddg -0.316030610361584 -5.78644175486111 0.367770782700857
28N_b_ddg -0.867355200624168 -6.33776634512369 1.18404897856315
28R_b_ddg -0.402615216874407 -5.87302636137393 0.677071193224183
28T_b_ddg -3.80420530336874 -9.27461644786827 -0.0612924150269598
28V_b_ddg -0.731159401581726 -6.20157054608125 0.276547914510292
29A_b_ddg 0.0521944488278066 -5.41821669567172 1.3838076879494
29E_b_ddg -0.0253484007956029 -5.49575954529513 0.622463445263551
29F_b_ddg -0.250169035013436 -5.72058017951296 5.22024210948609
29G_b_ddg -0.0816572808307867 -0.693479579886655 0.422196377215222
29H_b_ddg -0.034684308135888 -1.25832890624762 0.829064819942984
29N_b_ddg 0.0416606340416613 -1.93776445113909 0.653482933097529
29V_b_ddg -0.10946925754072 -0.541343821580156 0.28641575949543
29Y_b_ddg 0.0395438182291667 -0.644257574833274 0.759334758294894
2C_b_ddg -0.578203434375442 -6.04861457887497 0.465493428719862
2D_b_ddg 0.0974039864440557 -5.37300715805547 1.21307994354593
2F_b_ddg -0.293171004864991 -5.76358214936452 0.642557217220454
2H_b_ddg -1.04537956339368 -6.5157907078932 0.394202316737774
2I_b_ddg -0.146005552396512 -5.61641669689604 1.97737772079738
2N_b_ddg -0.370570107460355 -5.84098125195988 0.385210379608658
2S_b_ddg -0.393336707206261 -5.86374785170579 1.01025562592191
30D_b_ddg -0.339796233547485 -5.81020737804701 0.667911082544533
30H_b_ddg -0.380061239853668 -5.85047238435319 0.951551999267927
30I_b_ddg 0.140848304636956 -0.506963541422198 0.608712415679678
30K_b_ddg 0.107429382035511 -5.36298176246401 0.61128304008152
30S_b_ddg -0.565443539969288 -6.03585468446881 0.550232417132589
30T_b_ddg 0.231524307608726 -5.2388868368908 1.02329434168103
30Y_b_ddg -0.18562504799118 -5.6560361924907 0.60614498608112
31A_b_ddg -0.0963095727964108 -5.56672071729594 0.875408196292321
31I_b_ddg -0.369419047939446 -5.83983019243897 2.54573425932675
31L_b_ddg -0.281716126470595 -2.3691098526612 0.294116625581987
31P_b_ddg -0.0179797924927257 -0.845739373568312 0.737800694576287
31T_b_ddg -0.436018611217985 -5.90642975571751 0.319761875851028
32A_b_ddg 1.36826736423976 -0.251262250908125 6.83867850873929
32E_b_ddg 0.26260720622005 -0.349215092835818 1.16234588130221
32F_b_ddg -0.526873434045134 -5.99728457854466 4.94353771045439
32G_b_ddg 1.32911848773377 0.861254376691048 2.48078399183893
32H_b_ddg 0.577330726991828 -4.8930804175077 1.58503804308385
32N_b_ddg 0.202409173815636 -5.26800197068389 0.814231472871504
32V_b_ddg -0.0381621403391831 -5.50857328483871 5.43224900416034
32Y_b_ddg 0.0724131647088571 -0.755346416366729 1.04413093379759
33A_b_ddg -0.381718080362769 -5.85212922486229 0.589999688725962
33H_b_ddg -0.0569561124683357 -5.52736725696786 0.482887092580959
33I_b_ddg 0.0285836019233544 -5.44182754257617 5.49899474642288
33L_b_ddg -0.155735910683807 -5.62614705518333 0.456086388372061
33N_b_ddg 0.0752157887344038 -5.39519535576512 5.54562693323393
33R_b_ddg 0.0749648419754529 -5.39544630252407 1.15465125207404
33S_b_ddg 0.0366191155033694 -5.43379202899616 0.540472773549378
33T_b_ddg 0.102032666956003 -5.36837847754352 0.677865419008585
33Y_b_ddg -0.251614425177814 -5.72202556967734 2.51958069407523
34D_b_ddg -0.581421796532809 -6.05183294103233 0.390295972555922
34H_b_ddg -0.671407584896236 -6.14181872939576 0.984111577254936
34I_b_ddg 0.901325628300945 0.469451064261509 1.36918973934367
34K_b_ddg 1.49491655836903 1.02705244732631 2.53861342146433
34S_b_ddg 0.77190296753953 0.124091121480376 1.31174617258883
34T_b_ddg 0.921845680572611 -0.625704840568702 1.78559480865148
34Y_b_ddg 0.302921880980748 -0.812754076121129 0.770785992023471
35C_b_ddg 0.18039083629567 -5.29002030820385 5.65080198079519
35G_b_ddg -0.153124210995554 -5.62353535549508 5.31728693350397
35K_b_ddg 1.9210435459797 -3.54936759851982 7.39145469047922
35L_b_ddg 1.61467956180826 1.21879454477211 7.08509070630778
35M_b_ddg 2.1149855089678 -3.35542563553172 7.58539665346732
35R_b_ddg 1.8484498839233 1.52454396089372 7.31886102842283
35S_b_ddg 1.34946887701342 0.521709295937834 6.81988002151294
35Y_b_ddg 2.06100602291854 -3.40940512158098 7.53141716741806
36C_b_ddg 0.117961803596013 -0.34990230744671 0.657805008645308
36G_b_ddg 0.00535874057590923 -0.750421746493104 0.797128774648209
36L_b_ddg 0.62582102621674 0.157956915174017 1.05769559025618
36M_b_ddg 0.872668029567942 -4.59774311493158 6.34307917406747
36R_b_ddg 0.021807752229141 -5.44860339227038 5.49221889672867
36S_b_ddg -0.0080760181426524 -2.23942793234641 3.48291004117612
36Y_b_ddg 0.673896636407098 -4.79651450809243 6.14430778090662
37E_b_ddg -4.54557306689724 -10.0159842113968 -0.478754255525883
37I_b_ddg -3.71689828956789 -9.18730943406742 -0.153933136242542
37L_b_ddg -0.612250499954338 -6.08266164445386 4.85816064454519
37N_b_ddg -1.77688547807145 -7.24729662257097 -0.157355862923565
37Q_b_ddg -3.59317303187714 -9.06358417637666 0.0417712154547809
37R_b_ddg -0.287495981834962 -5.75790712633449 0.432294958230765
37T_b_ddg -4.22865356659358 -9.6990647110931 -0.269803396232081
37Y_b_ddg -0.686346389917414 -6.15675753441694 2.48073374637178
38A_b_ddg -0.364772868915792 -5.83518401341532 5.10563827558373
38C_b_ddg -0.41279700270792 -5.88320814720745 5.0576141417916
38E_b_ddg -0.0543808307277353 -5.52479197522726 5.41603031377179
38L_b_ddg -0.833641095782031 -6.30405224028156 4.63677004871749
38R_b_ddg -0.0457478210417176 -5.51615896554124 5.42466332345781
38V_b_ddg -0.0897391298047166 -1.16942553990331 0.881978639284015
39D_b_ddg -0.585813471489385 -6.05622461598891 0.34991475059606
39G_b_ddg -0.852321289376164 -6.32273243387569 0.371323308735572
39P_b_ddg -0.00394694951319695 -5.47435809401272 5.46646419498633
39S_b_ddg -0.577343195788881 -6.04775434028841 0.39437457329985
39T_b_ddg 0.00480738895666648 -5.46560375554286 0.652619235015821
39V_b_ddg -0.0242846958590977 -5.49469584035862 0.515558509190198
3A_b_ddg -0.153359162110823 -5.62377030661035 0.60242132495819
3D_b_ddg -0.00616251348194425 -5.47657365798147 5.46424863101758
3F_b_ddg -0.141016717665531 -5.61142786216506 0.686742863410055
3G_b_ddg -0.292754293046084 -1.55238843816111 0.535005288029502
3I_b_ddg 0.0275784636671139 -0.404296100372322 0.45945302770655
3L_b_ddg -0.241095496701025 -1.46474009481276 0.406716349358129
3N_b_ddg -0.627701404829187 -6.09811254932871 4.84270973967034
40F_b_ddg -0.125372157353139 -5.59578330185266 0.558429235709302
40G_b_ddg -0.239201016617664 -5.70961216111719 0.80449584647764
40H_b_ddg -0.259223823228181 -5.72963496772771 1.39629533892299
40N_b_ddg -0.570975937225158 -6.04138708172468 4.89943520727437
40R_b_ddg -0.095352537459951 -1.39097622957826 0.372511573582772
40S_b_ddg -0.185131057737979 -5.6555422022375 0.426691241317889
40W_b_ddg -0.0895904638226476 -1.16927687392124 0.846137758262797
40Y_b_ddg -0.0732853469884364 -0.613128552037732 0.358589217051
41D_b_ddg -0.643134421137943 -6.11354556563747 0.760457911990224
41I_b_ddg -0.309966024245055 -5.78037716874458 5.16044512025447
41L_b_ddg -0.304911954625298 -1.0966819886976 0.0909730624108518
41N_b_ddg -1.5298484307616 -7.00025957526112 0.377597560412576
41P_b_ddg -0.0145247618577153 -5.48493590635724 5.45588638264181
41Q_b_ddg -0.363636889596759 -5.83404803409628 0.464122691478827
41R_b_ddg 0.18371746418799 -5.28669368031153 0.723560669237285
41Y_b_ddg -0.264135993709617 -5.73454713820914 0.45565494635611
42A_b_ddg -0.252458956452652 -5.72287010095218 0.395352889606502
42E_b_ddg -0.262106417254751 -5.73251756175428 0.42169497580769
42L_b_ddg -0.65970963100266 -6.13012077550218 4.81070151349686
42M_b_ddg -0.20387598242478 -5.6742871269243 5.26653516207474
42R_b_ddg -0.143237419416562 -0.719070171469144 0.252647597619588
42V_b_ddg -0.0323227773775508 -0.500186888420273 0.435541333665172
42W_b_ddg -0.0771847857580347 -0.61702799080733 0.390679325284688
43E_b_ddg -1.47786021848403 -6.94827136298355 0.537554413700006
43H_b_ddg -0.454807672505427 -5.92521881700495 0.372951908570159
43K_b_ddg 0.412209976110546 -5.05820116838898 1.0600218221697
43L_b_ddg -0.375107578057293 -5.84551872255682 0.272704268001861
43P_b_ddg -0.173388990511156 -5.64380013501068 5.29702215398837
43R_b_ddg 0.000709415655605556 -5.46970172884392 0.684510808718046
44A_b_ddg 0.145042966542839 -5.32536817795669 0.756865265598707
44I_b_ddg -0.0345275297754312 -5.50493867427496 0.685263410290296
44K_b_ddg -1.42119377820004 -6.89160492269956 1.92583409310559
44N_b_ddg -0.5643969335211 -6.03480807802062 0.479299929574204
44P_b_ddg -0.176869208877452 -1.29254516597933 0.758859013207993
44S_b_ddg -0.423231838078138 -5.89364298257766 0.260569554984303
45A_b_ddg -0.014127034295879 -5.4845381787954 5.45628411020365
45C_b_ddg 0.00958309510073378 -5.46082804939879 5.47999423960026
45D_b_ddg 0.0166414309678982 -5.45376971353163 5.48705257546742
45F_b_ddg 0.644210354678434 -4.82620078982109 6.11462149917796
45H_b_ddg 0.365079170591316 -5.10533197390821 5.83549031509084
45I_b_ddg -0.124036795174821 -5.59444793967435 5.3463743493247
45N_b_ddg -1.67953902123023 -7.14995016572975 3.79087212326929
45R_b_ddg -0.219344744630187 -5.68975588912971 5.25106639986934
45S_b_ddg -0.0111595136957335 -5.48157065819526 5.45925163080379
45V_b_ddg -0.000552072298713031 -1.18820712340716 1.2950716198196
45Y_b_ddg -0.30700079133811 -5.77741193583763 5.16341035316141
46I_b_ddg 0.0592948586922329 -5.41111628580729 0.635127610744814
46K_b_ddg 1.82687137508275 1.28702817003345 7.29728251958228
46L_b_ddg -3.57230405528519 -9.04271519978471 -0.117307542969701
46R_b_ddg 1.91953218950735 0.515939856379183 7.38994333400687
46T_b_ddg 0.0309999732883381 -5.43941117121119 0.60683272534092
46V_b_ddg -0.0796414235878892 -5.55005256808741 0.568170422471265
47C_b_ddg -0.0192409200651238 -5.48965206456465 5.4511702244344
47I_b_ddg 0.040422295560489 -0.46343136248552 0.508286406603212
47L_b_ddg -0.0737040364608777 -0.361620412487168 0.178222792562127
47S_b_ddg -0.00861465436248759 -5.47902579886201 5.46179649013704
47V_b_ddg 0.00761593523854376 -0.784154098833756 0.799385969310843
47Y_b_ddg -0.0458069865276092 -0.513671097570332 0.386067577511827
48A_b_ddg 0.351442249758551 -1.26808736538933 2.0789405059163
48H_b_ddg 1.75446644209828 1.28660233105556 7.2248775865978
48L_b_ddg 1.2027317800433 0.590909480987432 5.01762376239165
48Q_b_ddg -0.272187159397001 -5.74259830389653 2.17510203682647
48R_b_ddg 1.50922162616321 0.573493404077765 6.97963277066274
48S_b_ddg 0.858231370468775 -0.149475945623243 2.04588642157722
48T_b_ddg 0.0817939972146185 -1.46575652392669 5.55220514171414
49C_b_ddg -3.82168159020488 -9.2920927347044 -0.150747795869672
49F_b_ddg -0.932622202956132 -6.40303334745566 4.53778894154339
49G_b_ddg -1.00379323408023 -6.47420437857975 0.651725928070942
49H_b_ddg -0.29401726884818 -5.76442841334771 0.245825936201115
49L_b_ddg -0.869989462725032 -6.34040060722456 -0.0062403346461597
49N_b_ddg -1.50108845914261 -6.97149960364214 1.59401258314002
49P_b_ddg 1.32802281271013 0.428284137627971 2.44369876981201
49S_b_ddg -4.39046479300131 -9.86087593750083 -0.287656434626666
49Y_b_ddg -0.713068408009629 -6.18347955250915 4.7573427364899
4E_b_ddg -1.43770651713595 -6.90811766163547 0.289791739021795
4H_b_ddg -0.166311295479052 -2.00177819264666 0.337542362566957
4K_b_ddg -0.334195451804182 -5.80460659630371 0.565543223277977
4L_b_ddg 0.352360133954463 -0.295451712104691 0.748245150990613
4M_b_ddg 1.25163507550389 -4.21877606899563 6.72204622000342
4P_b_ddg -0.154652836825076 -5.6250639813246 5.31575830767445
4R_b_ddg -0.580350470501039 -6.05076161500056 0.391367298587692
4T_b_ddg 0.0323448158226652 -5.43806632867686 5.50275596032219
50C_b_ddg 0.804226524615558 -4.66618461988397 6.27463766911508
50D_b_ddg -0.24473032990695 -5.71514147440648 0.583029251168636
50F_b_ddg 0.936609151860974 -4.53380199263855 6.4070202963605
50H_b_ddg 0.51632099387921 -4.95409015062031 1.48803876296794
50I_b_ddg 0.838477455647883 0.406602891608447 1.30634156669061
50K_b_ddg 1.16661961525254 0.806724145219677 1.63448372629526
50S_b_ddg 0.423974723750916 -1.80737719045284 0.963817928800211
50T_b_ddg 0.163103270645334 -5.30730787385419 1.02685239872421
50Y_b_ddg 0.776074015457373 0.30820990441465 1.2439381265001
51C_b_ddg 1.66602528217463 1.09019253012205 7.13643642667415
51D_b_ddg -0.0422784675044372 -5.51268961200396 5.42813267699509
51F_b_ddg 0.417470177201167 -0.338310309867846 0.885334288243889
51H_b_ddg -3.02872271293665 -8.49913385743617 0.282315611365694
51I_b_ddg 1.99137010473847 -3.47904103976105 7.46178124923799
51L_b_ddg 1.76137047814781 -3.70904066635172 7.23178162264733
51N_b_ddg 0.0689295545523338 -5.40148158994719 5.53934069905186
51S_b_ddg 1.81870622648873 0.0192288763244126 7.28911737098825
52A_b_ddg 0.0302341116182531 -0.941483657470478 0.534087769664262
52D_b_ddg 0.0117548847052636 -5.45865625979426 5.48216602920479
52E_b_ddg -0.2733969082087 -5.74380805270822 5.19701423629082
52F_b_ddg 0.174536612989491 -0.977128891115672 1.61411849312094
52G_b_ddg -0.119497286122806 -1.34314188423454 0.852220482965925
52I_b_ddg -0.237227334593862 -5.70763847909339 0.374594964462006
52L_b_ddg 0.0567573520895761 -1.23886634002873 1.5683183262276
52Y_b_ddg -0.562344189713036 -6.03275533421256 4.90806695478649
53A_b_ddg -0.889473663240075 -6.3598848077396 0.370160481874947
53I_b_ddg 0.352431908077187 -0.259390390978681 0.748316925113337
53N_b_ddg -0.0860700685619382 -5.55648121306146 0.81366860652022
53P_b_ddg 0.00803542413683579 -5.46237572036269 5.47844656863636
53S_b_ddg -0.347721883702032 -5.81813302820156 0.372069056363695
54A_b_ddg -0.0236241629704699 -5.49403530746999 1.02007270012483
54H_b_ddg -0.690667170271607 -6.16107831477113 0.42500878683027
54L_b_ddg -0.400549750130537 -5.87096089463006 0.535178471954908
54N_b_ddg 0.117649941389829 -5.3527612031097 5.58806108588935
54Q_b_ddg -0.736523993998714 -6.20693513849824 2.25060840727405
54R_b_ddg -0.25564719420641 -5.72605833870593 0.932007856902039
54S_b_ddg -0.218426538452759 -5.68883768295228 0.645322589626113
54T_b_ddg -0.337455278552863 -5.80786642305239 0.634262490535868
55A_b_ddg 0.356411404603896 -0.363379535461831 0.824275515646618
55E_b_ddg -0.148202115723443 -5.61861326022297 0.463620183332425
55G_b_ddg 0.338510519087993 -5.13190062541153 1.20225964716687
55L_b_ddg -0.139326365794713 -5.60973751029424 0.6164541212743
55M_b_ddg -0.114514199901909 -5.58492534440143 0.569287193160532
55P_b_ddg 0.258301581561124 -5.2121095629384 5.72871272606065
55S_b_ddg -0.192383313888708 -5.66279445838823 5.27802783061082
55T_b_ddg -0.239379477639285 -5.70979062213881 1.3801501375086
56D_b_ddg -0.396091333310182 -5.86650247780971 0.611615982781836
56F_b_ddg -0.221352990846097 -5.69176413534562 5.24905815365343
56H_b_ddg -0.0859916406760778 -5.5564027851756 0.993694769422513
56I_b_ddg 0.0956987049556028 -5.37471243954392 0.671531457008184
56K_b_ddg -0.137296373090491 -5.60770751759002 0.54650501997195
56S_b_ddg -0.0620542636932164 -5.53246540819274 0.693726223375797
56T_b_ddg -0.545420247619546 -6.01583139211907 0.822182538505335
56Y_b_ddg -0.22602934106776 -5.69644048556728 0.421782504991394
5D_b_ddg 0.0108019625670899 -5.45960918193243 5.48121310706661
5E_b_ddg -1.78144709617815 -7.25185824067767 0.989748023074899
5G_b_ddg -0.348570339711226 -5.81898148421075 0.551168335370933
5P_b_ddg -0.0945790534251394 -5.56499019792466 5.37583209107439
5S_b_ddg -0.232763025558931 -1.06052260663452 0.271090632487078
5T_b_ddg -0.0261741819219054 -0.530027839967914 0.477679476124103
5V_b_ddg -0.0264378127968478 -5.49684895729637 5.44397333170268
6F_b_ddg -0.0632140436219058 -0.531078154664628 0.36866052041753
6H_b_ddg 0.120484643404155 -0.491337655651713 0.768296489463309
6I_b_ddg 0.204994900027358 -5.26541624447217 0.744838105076653
6P_b_ddg 0.01005689913373 -5.46035424536579 5.48046804363325
6R_b_ddg 0.276870569926993 -5.19354057457253 1.42853607403216
6V_b_ddg 0.0182746063934809 -5.45213653810604 1.56582512753479
7C_b_ddg 1.71749464277162 0.817755967689461 7.18790578727114
7I_b_ddg 0.166162900461105 -5.30424824403842 5.63657404496063
7L_b_ddg 1.6563732549664 1.33246733193682 3.34788196412086
7S_b_ddg 1.55590489640754 1.05205123836153 4.18314182764744
7V_b_ddg 1.95784548576465 1.13008590468906 7.42825663026417
7Y_b_ddg -0.494768495727202 -5.96517964022673 0.332991085348384
8A_b_ddg -0.306740278470892 -5.77715142297042 0.664977490617839
8C_b_ddg -0.468706006517003 -5.93911715101653 1.33077134364731
8E_b_ddg -0.110405942392278 -0.758217788451432 0.357458168650445
8G_b_ddg -0.18219162545278 -0.758024377505362 0.249682938586656
8H_b_ddg -0.423994257741347 -5.89440540224087 0.583713058350671
8N_b_ddg -0.676667358778382 -6.14707850327791 0.331039957313636
8V_b_ddg -0.0298066748233285 -1.00152444391206 0.833942453255544
8Y_b_ddg 0.0864703669181293 -0.633320573147598 0.878240400990429
9C_b_ddg 1.77545081737331 0.263889843235283 7.24586196187283
9H_b_ddg 1.86185184001899 -3.60855930448053 7.33226298451851
9I_b_ddg 0.0164819001623185 -5.45392924433721 5.48689304466184
9L_b_ddg 0.0954886854579966 -0.372375425584726 0.959237813536869
9P_b_ddg -0.505228097355542 -5.97563924185507 4.96518304714398
9S_b_ddg 0.1304533878557 -5.48391594465697 5.60086453235522
9T_b_ddg -0.00958804842142049 -5.47999919292095 5.4608230960781
9V_b_ddg 1.85108886132927 1.05931882725697 7.32150000582879
9Y_b_ddg 1.90748537997729 1.47561081593785 7.37789652447681
b_dgwt -4.90215960683159 -10.3725707513311 -1.30320490650295
b_fwt 0.95407427899986 0.94157427899986 0.96657427899986
b_f0 -0.2 -1.15 0.25625
s_dgwt 3.2739355013027 0.545583185532329 6.00228781707307
s_fwt 1.01029836700001 0.89154836700001 1.12904836700001
s_f0 0.214131585793288 0.182881585793288 0.264131585793288
