par value lower upper
10A_s_ddg 0.153627364378827 -3.71772939845087 0.917710935989952
10E_s_ddg -0.179725569577094 -0.612706260156732 0.151377311454394
10G_s_ddg 0.592023237136774 -0.0447130725391637 1.07594283249049
10H_s_ddg 0.88756788012277 -0.43684364400318 1.62618199934686
10N_s_ddg 0.294804684434626 -0.520217791950574 0.778724279788339
10V_s_ddg 0.0618987378157092 -0.345612500376891 0.393001618847197
10Y_s_ddg 0.304563786428861 -3.56679297640084 0.941300096104799
11A_s_ddg 0.144397868371527 -3.72695889445817 0.857542535208577
11H_s_ddg 0.999507568557614 0.668404687526126 1.35607990197614
11L_s_ddg 1.28714392429876 0.87963268610616 1.74559406726544
11Q_s_ddg 0.524688190275285 -3.34666857255442 4.39604495310499
11R_s_ddg 0.772013970057696 -0.0430085063275042 1.35781137495956
11S_s_ddg 0.750908078778481 0.139641221489581 1.23482767413219
11T_s_ddg 0.828262220439506 0.242464815537643 1.31218181579322
12E_s_ddg -0.858142040963262 -4.72949880379296 0.644555649871951
12H_s_ddg 0.662831091737988 0.43360602025465 0.917525615608363
12K_s_ddg 0.112927732367081 -0.370991862986632 0.545908422946719
12L_s_ddg -0.10812461886295 -0.566574761829625 0.222978262168538
12P_s_ddg 1.95736664248495 0.658424570746037 5.82872340531465
12R_s_ddg 0.752718587462018 0.268798992108305 1.18569927804166
13A_s_ddg 1.52482075636698 -0.00334638685527033 5.39617751919668
13D_s_ddg 0.730598565807805 0.424965137163355 1.03623199445226
13G_s_ddg 1.48491857405379 0.924590621538965 2.1725937885038
13K_s_ddg 2.1083595990197 1.34427602740857 5.9797163618494
13Q_s_ddg 1.44969088239329 0.812954572717352 2.26471335877849
13V_s_ddg 1.3980689648529 0.965088274273262 1.88198856020661
14A_s_ddg 0.446535504089918 -3.42482125873978 1.38890524241031
14E_s_ddg 0.00577792948909072 -0.427202761090547 0.336880810520578
14G_s_ddg 0.544760516713516 -0.244792507284647 1.05414956445427
14H_s_ddg 0.463407004795865 -3.40794975803384 1.25296002879403
14I_s_ddg 0.742090148854296 -3.1292666139754 4.613446911684
14N_s_ddg 0.370363991604597 -0.572005746715791 0.905222491732385
14V_s_ddg 0.46496388657893 0.184799910321517 0.745127862836343
14Y_s_ddg 0.462714518324038 -0.123082886577825 0.895695208903676
15A_s_ddg 1.32716467547329 0.486672746701052 2.32047331856775
15E_s_ddg 0.539398426076773 -0.173746240760277 1.04878747381752
15L_s_ddg 2.56447364519227 -1.30688311763743 6.43583040802197
15R_s_ddg 1.6073053403204 1.09791629257965 2.26951110238338
15S_s_ddg 1.20962904870457 -2.66172771412513 5.08098581153427
15V_s_ddg 2.15793441979358 1.54666756250468 3.99173499166028
16A_s_ddg 2.50230914567251 0.15911952606506 6.37366590850221
16D_s_ddg 2.21971457469648 1.5575088126335 6.09107133752618
16G_s_ddg 2.28490720384476 1.44441527507252 6.15626396667446
16K_s_ddg 2.55941260761419 1.56610396451973 6.43076937044389
16Q_s_ddg 1.15941097449243 -2.71194578833727 5.03076773732213
16V_s_ddg 2.54011116530359 1.5977414269832 6.41146792813329
17M_s_ddg 0.884063775774356 0.425613632807681 1.31704446635399
17P_s_ddg 2.21144148044836 1.52376626599835 6.08279824327806
17Q_s_ddg 2.59160802168622 1.67470773575287 6.46296478451592
17R_s_ddg 2.87546720797098 0.888849921782054 6.74682397080068
17S_s_ddg 2.40643981158898 -1.46491695124072 6.27779657441868
17V_s_ddg 0.762009856223124 -0.0784820725491137 1.34780726112499
18A_s_ddg 0.539694900238573 -0.75924717150034 1.27830901946266
18C_s_ddg 0.379921009632784 -0.00212077617277856 0.736493343051309
18D_s_ddg 0.518564635951883 0.13652285014632 0.875136969370408
18I_s_ddg 0.531867752674056 -3.33948901015564 4.40322451550376
18R_s_ddg 0.341971759892971 -3.52938500293673 1.25887204582632
18S_s_ddg 0.283602156284101 -0.0984396295214616 0.614705037315589
18V_s_ddg 0.57925793610776 0.0443994359799723 1.03770807907444
19C_s_ddg 2.23837128998503 -1.63298547284467 6.10972805281473
19H_s_ddg 2.4590146047005 -1.4123421581292 6.3303713675302
19I_s_ddg 1.02983211168203 0.698729230650542 1.38640444510056
19L_s_ddg 0.656943384941599 0.325840503910111 0.988046265973087
19S_s_ddg 2.4633760285018 1.59741464734252 6.3347327913315
19V_s_ddg 1.47538293072911 -0.0273147601061028 5.34673969355881
19Y_s_ddg 1.92608544439732 1.26387968233434 3.37784423045846
1A_s_ddg 0.200651188903821 -0.232329501675817 0.557223522322346
1I_s_ddg 0.108430399172937 -0.120794672310401 0.312186018269237
1K_s_ddg -0.0436585187645052 -3.91501528159421 0.771363957620695
1L_s_ddg 0.293030433121785 -3.57832632970792 4.16438719595149
1M_s_ddg 0.187196191071228 -3.68416057175847 3.37087773945092
1P_s_ddg -0.0632389769727147 -3.93459573980242 0.675375142251373
1R_s_ddg 0.492175181879291 -0.450194556441097 1.05250313439412
1S_s_ddg 0.00627450669980039 -0.273889469557612 0.235499578183138
1V_s_ddg 0.0396831343550111 -3.83167362847469 3.91103989718471
20C_s_ddg 0.199813864318053 -0.818964231163447 0.734672364445841
20G_s_ddg 0.348280286802395 -3.52307647602731 1.11236385841352
20H_s_ddg -0.00829683615423321 -0.390338621959796 0.297336592490217
20L_s_ddg 0.213200726820339 -3.65815603600936 0.875406488883314
20P_s_ddg 2.64037855409466 1.06127250609833 6.51173531692436
20Q_s_ddg -0.092545631858726 -3.96390239468843 3.77881113097097
20S_s_ddg 0.0398838844166037 -0.367627353775996 0.345517313061054
21G_s_ddg 0.618478736039213 -3.25287802679049 1.40803176003738
21H_s_ddg 0.329839707604493 -3.54151705522521 3.99744085133789
21K_s_ddg -0.383200871867557 -4.25455763469726 3.48815589096214
21L_s_ddg 0.490690669593478 0.0831794314008779 0.847263003012003
21M_s_ddg 0.212342918265002 -3.6590138445647 4.0836996810947
21P_s_ddg 1.40588227338356 0.947432130416885 1.91527132112431
21Q_s_ddg 0.0910778907803375 -0.214555537864113 0.345772414650713
21W_s_ddg 0.809782162320164 0.325862566966451 1.2427628528998
22A_s_ddg 0.583476851842798 -3.2878799109869 1.65319385209837
22C_s_ddg 0.849212093071188 -3.02214466975851 4.72056885590089
22E_s_ddg 1.01926858876324 0.662696255344715 1.4013103745688
22R_s_ddg 1.18935682176764 0.832784488349115 1.5713986075732
22V_s_ddg 1.61974478622148 0.90660011938443 2.71493123886409
23A_s_ddg 0.630344016225627 -3.24101274660407 1.7000610164812
23E_s_ddg 0.185606775240049 -0.069087748630326 0.414831846723387
23G_s_ddg 1.86427717578401 1.22754086610807 3.13774979513589
23H_s_ddg 1.20758701420372 0.59632015691482 1.84432332387966
23N_s_ddg 0.740460052097184 0.358418266291621 1.12250183790275
23V_s_ddg 1.36866507107606 0.935684380496422 1.85258466642977
23Y_s_ddg 0.984117795674035 0.449259295546247 1.49350684341479
24C_s_ddg 0.134735316546289 -3.73662144628341 0.873349435770377
24I_s_ddg -0.305215866757986 -0.687257652563549 -0.0250518905005734
24L_s_ddg 0.00238866356102803 -0.710756003276022 0.409899901753628
24N_s_ddg 0.42331134656318 -3.44804541626652 4.29466810939288
24S_s_ddg 0.373819502451375 -0.0336917357412251 0.7303918358699
24T_s_ddg -0.244838738078414 -4.11619550090811 3.60104857236425
24V_s_ddg 0.315259681771243 -0.856335128032482 0.926526539060143
24Y_s_ddg 0.0491837693149686 -0.230980206942444 0.278408840798306
25F_s_ddg 1.92583859065111 1.39098009052332 2.84273887658446
25L_s_ddg 0.698279869781463 -3.17307689304824 1.61518015571481
25M_s_ddg 1.79730897488 1.28791992713925 2.53592309410409
25N_s_ddg 2.48429715209378 1.72021358048265 6.35565391492348
25S_s_ddg 2.82659256025762 0.406994583489057 6.69794932308732
25T_s_ddg 2.3166462328693 1.60350156603225 6.188002995699
25V_s_ddg 0.469862957007945 -0.0395260907328051 0.902843647587583
26D_s_ddg -0.244678044765097 -4.1160348075948 0.697691693555291
26I_s_ddg 0.0762395817601404 -3.79511718106956 3.87118798742873
26L_s_ddg -0.167482404390809 -0.498585285422297 0.0872121194795661
26N_s_ddg 0.101483769091082 -0.458844183423743 0.483525554896645
26P_s_ddg 1.86846597948285 0.722340622066162 5.73982274231255
26Q_s_ddg -0.0730806094102622 -0.429652942828787 0.20708336684715
26R_s_ddg -0.069861207334255 -0.604719707462043 0.28671112608427
26Y_s_ddg 0.0649253010099084 -1.05573060401974 0.625253253524733
27A_s_ddg 1.62577319941348 1.06544524689865 2.33891786625053
27D_s_ddg 2.34544182558476 1.63229715874771 6.21679858841446
27F_s_ddg 1.68299299506675 0.791562161520437 5.55434975789645
27G_s_ddg 3.33523961113965 1.34862232495072 7.20659637396935
27I_s_ddg 0.206423766798995 -0.277495828554718 0.56299610021752
27L_s_ddg 0.264691938252574 -3.60666482457713 0.901428247928512
28I_s_ddg -0.072981984697705 -0.42955431811623 0.207181991559708
28K_s_ddg 0.280536600391654 -0.0505662806398336 0.586170029036104
28L_s_ddg -0.136309881164861 -0.543821119357461 0.169323547479589
28N_s_ddg 0.104039368715272 -3.76731739411443 1.75955377387271
28R_s_ddg 0.315237765596806 -3.55611899723289 1.15572969436904
28T_s_ddg -0.245393458211146 -0.831190863113009 0.162117779981454
28V_s_ddg -0.0317269388015468 -0.490177081768222 0.324845394616978
29A_s_ddg 1.05499711998434 0.367321905534327 1.81908069159547
29E_s_ddg 0.287108107439389 -0.298689297462474 0.694619345631989
29F_s_ddg 1.26934966407047 -2.60200709875923 5.14070642690017
29G_s_ddg 1.11652632176423 0.683545631184592 1.57497646473091
29H_s_ddg 1.01929654621658 0.178804617444342 1.68150230827956
29N_s_ddg 0.660809751854409 0.227829061274771 1.06832099004701
29V_s_ddg 1.03669879534602 0.705595914314533 1.39327112876455
29Y_s_ddg 1.33700619902305 0.853086603669337 1.87186469915084
2C_s_ddg -0.320776032069633 -4.19213279489933 0.494246444315567
2D_s_ddg 0.462013157382655 -3.40934360544705 1.45532180047712
2F_s_ddg 0.11954107841453 -0.924706469454008 0.654399578542318
2H_s_ddg 0.124983045996177 -0.511753263679761 0.557963736575815
2I_s_ddg 0.187127226412781 -3.68422953641692 2.12280560782763
2N_s_ddg 0.294759106281337 -0.163691036685338 0.6768008920869
2S_s_ddg 0.166723608832155 -3.70463315399755 1.26191006147477
30D_s_ddg 0.092344053296563 -1.7159870661831 0.703610910585463
30H_s_ddg 0.212233309164475 -1.74891452463741 1.10366414271079
30I_s_ddg 0.646602721730158 0.366438745472745 0.926766697987571
30K_s_ddg 0.278681115996223 -0.51087190800194 0.737131258962898
30S_s_ddg -0.00628567298164942 -1.50898336381686 0.554042279533176
30T_s_ddg 0.468706943210657 -3.40264981961904 1.13091270527363
30Y_s_ddg 0.335019127082745 -0.505472801689493 0.844408174823495
31A_s_ddg 0.340114795353578 -3.53124196747612 1.12966781935174
31I_s_ddg 0.687467902187729 -3.18388886064197 4.55882466501743
31L_s_ddg 0.644187404177503 0.26214561837194 1.00075973759603
31P_s_ddg 1.81219566704378 1.32827607169007 2.47440142910676
31T_s_ddg 0.0790506081285421 -0.252052272902946 0.359214584385955
32A_s_ddg 2.04706794248247 0.340614632550957 5.91842470531217
32E_s_ddg 1.55022517020146 1.06630557484775 2.16149202749036
32F_s_ddg 2.42296476282925 -1.44839200000045 6.29432152565895
32G_s_ddg 1.80903749001545 1.24870953750062 2.64952941878769
32H_s_ddg 0.797689378658493 -3.07366738417121 1.63818130743073
32N_s_ddg 0.455141631835131 -0.232533582614882 0.939061227188844
32V_s_ddg 2.22967708998827 1.46559351837714 6.10103385281797
32Y_s_ddg 1.6707238690042 1.08492646410234 2.4857463453894
33A_s_ddg 0.102041881851494 -3.76931488097821 0.764247643914469
33H_s_ddg 0.403014373648421 -0.106374674092329 0.810525611841021
33I_s_ddg 0.455599605794944 -3.41575715703476 4.32695636862464
33L_s_ddg 0.299078167433321 -0.0574941659852041 0.604711596077771
33N_s_ddg 0.371631765103513 -3.49972499772619 4.24298852793321
33R_s_ddg 0.456792571745672 -1.32606909534695 1.24634559574383
33S_s_ddg 0.406859652736164 0.101226224091714 0.712493081380614
33T_s_ddg 0.441112688896514 -0.0428069064571986 0.848623927089114
33Y_s_ddg 0.512355868887728 -3.35900089394197 4.38371263171743
34D_s_ddg 0.0761168136087956 -0.38233332935788 0.432689147027321
34H_s_ddg -0.157780804903322 -4.02913756773302 0.784588933417066
34I_s_ddg 0.954772560312848 0.674608584055435 1.2604059889573
34K_s_ddg 1.70860176022936 1.17374326010157 2.44721587945345
34S_s_ddg 0.934018943396424 0.475568800429749 1.3924690863631
34T_s_ddg 1.05516954085604 0.0363914453745398 1.8447225648542
34Y_s_ddg 0.339250369730137 0.0590863934727244 0.61941434598755
35C_s_ddg 2.42319891594881 1.5317680824025 6.29455567877851
35G_s_ddg 3.20005057996601 1.00967767468078 7.07140734279571
35K_s_ddg 2.95612929800852 -0.915227464821181 6.82748606083822
35L_s_ddg 2.07203186517314 1.4352955554972 4.2878742228454
35M_s_ddg 3.63273918154478 -0.238617581284921 7.50409594437448
35R_s_ddg 2.39247559466869 1.75573928499275 6.26383235749839
35S_s_ddg 2.17686317617794 1.10714617592236 6.04821993900764
35Y_s_ddg 3.40898529318885 -0.462371469640851 7.28034205601855
36C_s_ddg 1.2658681058367 0.8583568676441 1.69884879641634
36G_s_ddg 1.70520642244628 1.17034792231849 2.46928999405741
36L_s_ddg 0.976846578128033 0.518396435161358 1.40982726870767
36M_s_ddg 1.14125115898595 -2.73010560384375 5.01260792181565
36R_s_ddg 2.72034077840455 1.93078775440639 6.59169754123425
36S_s_ddg 1.62178020571093 0.628471562616467 5.49313696854063
36Y_s_ddg 1.10434317479664 -2.76701358803306 4.97569993762634
37E_s_ddg -0.448586400650298 -1.21266997226142 0.0353331947034146
37I_s_ddg -0.414231213503386 -0.821742451695986 -0.134067237245973
37L_s_ddg 0.0336889379357419 -3.83766782489396 3.90504570076544
37N_s_ddg 0.0441086070904045 -0.388872083489233 0.375211488121892
37Q_s_ddg -0.514948422140104 -4.3863051849698 0.682115840050659
37R_s_ddg 0.109775923349632 -0.297735314842968 0.44087880438112
37T_s_ddg -0.546215025840969 -4.41757178867067 0.268807450544231
37Y_s_ddg 0.0270166820567639 -3.84434008077294 3.23616768282349
38A_s_ddg 1.2334854035362 -2.6378713592935 5.1048421663659
38C_s_ddg 2.59413109484956 -1.27722566798014 6.46548785767926
38E_s_ddg 2.03404652939876 1.16808514823948 5.90540329222846
38L_s_ddg 2.69748902273899 -1.17386774009071 6.56884578556869
38R_s_ddg 2.49148340254353 1.62552202138425 6.36284016537323
38V_s_ddg 1.45987148149777 0.721257362273682 2.40224121981816
39D_s_ddg 0.0682621289399079 -0.695821442671217 0.526712271906583
39G_s_ddg -0.0395411173568508 -3.91089788018655 0.648134097093162
39P_s_ddg 2.39025135882388 0.96396202514978 6.26160812165358
39S_s_ddg -0.0771626823758912 -0.561082277729604 0.330348555816709
39T_s_ddg 0.177968142966554 -0.331420904774196 0.585479381159154
39V_s_ddg 0.179960793819349 -0.100203182438064 0.434655317689724
3A_s_ddg 0.221752300344838 -0.287636747395912 0.603794086150401
3D_s_ddg 2.70961458099659 1.7672448426762 6.58097134382629
3F_s_ddg 0.316101257720227 -0.779085194922386 0.876429210235052
3G_s_ddg 1.23084401738869 0.441290993390527 2.02039704138685
3I_s_ddg 1.28452791387917 0.97889448523472 1.6411002472977
3L_s_ddg 0.967147836212961 0.177594812214798 1.6038841458889
3N_s_ddg 1.69236902366334 -2.17898773916636 5.56372578649304
40F_s_ddg 0.747953225276922 0.289503082310247 1.18093391585656
40G_s_ddg 1.14709820263046 -0.27919113104364 2.191345750499
40H_s_ddg 0.298062712189152 -3.57329405064055 1.74982149825029
40N_s_ddg 0.471933757423769 -3.39942300540593 4.34329052025347
40R_s_ddg 0.415969709068421 0.0593973756498959 0.747072590099909
40S_s_ddg 0.310689377932143 -0.326046931743795 0.743670068511781
40W_s_ddg 1.31190698187176 0.445945600712485 2.25427672019215
40Y_s_ddg 0.836974455499478 0.582279931629103 1.11713843175689
41D_s_ddg 0.067409519762757 -3.80394724306694 1.00977925808314
41I_s_ddg 1.13649940521937 -2.73485735761033 5.00785616804907
41L_s_ddg 0.538561555712087 0.283867031841712 0.793256079582462
41N_s_ddg -0.0623484709548782 -0.648145875856741 0.319693314850684
41P_s_ddg 1.81630374386647 0.670178386449782 5.68766050669617
41Q_s_ddg 0.104978211742009 -2.87494771754138 0.639836711869797
41R_s_ddg 0.359690871422664 -0.175167628705124 0.767202109615264
41Y_s_ddg 0.354151324631462 -0.206176627883363 0.761662562824062
42A_s_ddg 0.821552039899761 0.133876825449748 1.35641054002755
42E_s_ddg 0.308283586757359 -0.124697103822279 0.664855920175884
42L_s_ddg 0.938457563992997 -2.9328991988367 4.8098143268227
42M_s_ddg 0.692453561491118 -3.17890320133858 4.56381032432082
42R_s_ddg 0.700522319554547 0.394888890910097 1.006155748199
42V_s_ddg 1.3952758023773 1.01323401657174 1.82825649295694
42W_s_ddg 0.965970259051274 0.634867378019786 1.3225425924698
43E_s_ddg -0.191336070455353 -4.06269283328505 0.776503120252072
43H_s_ddg 0.0497917557603834 -0.841639077785929 0.482772446340021
43K_s_ddg 0.298299137685987 -1.07705129121404 0.88409654258785
43L_s_ddg 0.125055679450583 -0.333394463516092 0.481628012869108
43P_s_ddg 2.11322321431884 0.78881169019289 5.98457997714854
43R_s_ddg 0.204312062940693 -0.356015889574132 0.611823301133293
44A_s_ddg 0.466949648220005 -0.19525611384297 0.950869243573718
44I_s_ddg 0.0676869935136334 -0.619988220936379 0.475198231706233
44K_s_ddg -0.436130104156712 -4.30748686698641 2.23816239648223
44N_s_ddg 0.199071398677423 -1.40550410170594 0.861277160740398
44P_s_ddg 1.31580574653685 0.50078327015165 2.2327060324702
44S_s_ddg 0.0668038677031897 -0.315237918102373 0.37243729634764
45A_s_ddg 1.92326681903602 1.10824434265082 5.79462358186572
45C_s_ddg 2.28790361176152 1.67663675447262 4.52921542182082
45D_s_ddg 2.48726197964809 1.748647860424 6.35861874247779
45F_s_ddg 2.68375211545096 -1.18760464737874 6.55510887828066
45H_s_ddg 4.07280831065329 0.201451547823589 7.94416507348299
45I_s_ddg 2.3891912995478 -1.4821654632819 6.2605480623775
45N_s_ddg 3.38073117993577 -0.490625582893931 7.25208794276547
45R_s_ddg 2.11735822729631 0.69106889362221 5.98871499012601
45S_s_ddg 2.29537803634411 1.6077028218941 6.16673479917381
45V_s_ddg 1.77221295958653 1.11000719752355 2.99474667416433
45Y_s_ddg 2.38622006658584 -1.48513669624386 6.25757682941554
46I_s_ddg 0.287359392878474 -0.298438012023389 0.694870631071074
46K_s_ddg 2.12478936912855 1.36070579751743 5.99614613195825
46L_s_ddg -0.416482424959714 -0.874932567926389 -0.0853795439282264
46R_s_ddg 2.33927731505465 0.6073545527361 6.21063407788435
46T_s_ddg 0.311151367713603 -0.0708904180919596 0.642254248745091
46V_s_ddg 0.196852439262679 -0.236128251316959 0.527955320294167
47C_s_ddg 4.35073234460755 1.70190929635565 8.22208910743725
47I_s_ddg 1.10448514766168 0.722443361856117 1.51199638585428
47L_s_ddg 1.10706203304466 0.826898056787247 1.41269546168911
47S_s_ddg 2.26211984251853 1.52350572329444 6.13347660534823
47V_s_ddg 1.60217158512073 1.01637418021887 2.39172460911889
47Y_s_ddg 1.27363515515599 0.891593369350427 1.70661584573563
48A_s_ddg 1.40986439941675 0.136391780064875 3.32007332844456
48H_s_ddg 2.08245423625962 1.44571792658368 4.19641878438373
48L_s_ddg 2.13199799194214 1.41885332510509 6.00335475477184
48Q_s_ddg 0.261283924911403 -3.6100728379183 2.88463752077627
48R_s_ddg 1.81694432459005 0.772696776721512 5.68830108741975
48S_s_ddg 1.76489202949547 1.15362517220657 2.78367012497697
48T_s_ddg 1.95204979588137 1.26437458143136 4.32070886787586
49C_s_ddg -0.167610068401539 -0.549651854207102 0.138023360242911
49F_s_ddg 0.120487669024627 -3.75086909380507 3.99184443185433
49G_s_ddg -0.0340896948284944 -3.9054464576582 0.984688400653006
49H_s_ddg 0.448833913798312 0.194139389927937 0.703528437668687
49L_s_ddg 0.305601459054817 -0.203787588685933 0.68764324486038
49N_s_ddg -0.316573300316994 -4.18793006314669 1.95020796212934
49P_s_ddg 1.37011825229706 0.606034680685935 2.13420182390819
49S_s_ddg -0.528829902205084 -1.0127494975588 -0.197727021173596
49Y_s_ddg 0.206042695565243 -3.66531406726446 4.07739945839494
4E_s_ddg -0.288639512493441 -4.15999627532314 0.653730225826947
4H_s_ddg 0.442178118487847 0.111075237456359 0.747811547132297
4K_s_ddg 0.129885278614731 -0.354034316738982 0.511927064420294
4L_s_ddg 0.510969731355792 0.230805755098379 0.791133707613205
4M_s_ddg 1.5481357298444 -2.3232210329853 5.4194924926741
4P_s_ddg 2.42267241005899 0.767158004901552 6.29402917288869
4R_s_ddg -0.00883512825699967 -0.6201019855459 0.373206657548563
4T_s_ddg 0.397885619633379 -3.47347114319632 4.26924238246308
50C_s_ddg 0.879954470074536 -2.99140229275516 4.75131123290424
50D_s_ddg 0.157885219508727 -0.376973280619061 0.565396457701327
50F_s_ddg 1.1880079911356 -2.6833487716941 5.0593647539653
50H_s_ddg 0.570473510121528 -3.30088325270817 1.38549598650673
50I_s_ddg 1.08802689533667 0.78239346669222 1.41912977636816
50K_s_ddg 1.17506584049561 0.843962959464122 1.53163817391414
50S_s_ddg 0.219555364173468 -0.51905875505062 0.678005507140143
50T_s_ddg 0.315648366685467 -3.55570839614423 1.00332358113548
50Y_s_ddg 1.03248767884584 0.752323702588427 1.33812110749029
51C_s_ddg 2.12803739393703 1.33848436993887 5.99939415676673
51D_s_ddg 2.63197589002086 -1.06109470609958 6.50333265285056
51F_s_ddg 0.536075823298415 0.255911847041002 0.816239799555827
51H_s_ddg -0.278381153853962 -1.3226287017225 0.231007893886788
51I_s_ddg 3.12009696123059 -0.751259801599111 6.99145372406029
51L_s_ddg 2.12829812457611 -1.74305863825359 5.99965488740581
51N_s_ddg 2.96630095616578 1.74376724158798 6.83765771899548
51S_s_ddg 2.76266728952859 0.877927812887815 6.63402405235829
52A_s_ddg 0.522296180734389 0.140254394928826 0.878868514152914
52D_s_ddg 2.90505203814499 1.9626822998246 6.77640880097469
52E_s_ddg 3.43808880240265 -0.433267960427051 7.30944556523235
52F_s_ddg 1.69738082094161 0.88235834455641 3.6585286547435
52G_s_ddg 1.2466619971552 0.278822806447775 2.18903173547559
52I_s_ddg 0.375491014647413 0.018918681228888 0.706593895678901
52L_s_ddg 1.70468274488709 0.915129720888927 3.36019715004453
52Y_s_ddg 1.93693731505723 -1.93441944777247 5.80829407788693
53A_s_ddg 0.0570142502638269 -0.681599868960261 0.515464393230502
53I_s_ddg 0.509045452802543 0.22888147654513 0.789209429059956
53N_s_ddg 0.203004309018376 -3.66835245381132 0.916148975855426
53P_s_ddg 2.5944316462927 1.29548957455379 6.4657884091224
53S_s_ddg 0.149641194453467 -0.257870043739133 0.480744075484955
54A_s_ddg 0.30365313667821 -1.27545291131812 1.11867561306341
54H_s_ddg 0.0614492155205783 -0.422470379833134 0.418021548939103
54L_s_ddg 0.0316293255735898 -1.24184329377829 0.617426730475452
54N_s_ddg 0.361323872291739 -3.51003289053796 4.23268063512144
54Q_s_ddg -0.0828682380305364 -3.95422500086024 2.46407700067321
54R_s_ddg 0.212016885764844 -3.65933987706486 1.12891717169819
54S_s_ddg 0.151953665289614 -0.663068811095586 0.661342713030364
54T_s_ddg 0.195411946400635 -0.441324363275303 0.628392636980273
55A_s_ddg 0.5664862955178 0.26085286687335 0.87211972416225
55E_s_ddg 0.267544433933631 -0.0380889947108191 0.547708410191044
55G_s_ddg 0.561388710298635 -3.30996805253107 1.32547228190976
55L_s_ddg 0.150880108289279 -0.816959082418146 0.660269156030029
55M_s_ddg 0.171831118542444 -0.261149572037194 0.502933999573932
55P_s_ddg 0.521761307472175 -3.34959545535753 4.39311807030188
55S_s_ddg 0.176347278640406 -3.69500948418929 4.04770404147011
55T_s_ddg 0.202746385161489 -3.66861037766821 1.52715790928744
56D_s_ddg 0.0771547572501637 -1.40007348119801 0.637482709764989
56F_s_ddg 0.284063123876353 -3.58729363895335 4.15541988670605
56H_s_ddg 0.29411889669973 -3.57723786612997 1.05820246831086
56I_s_ddg 0.201273288968744 -0.206237949223856 0.532376170000232
56K_s_ddg 0.238866531772274 -0.321461420742551 0.671847222351912
56S_s_ddg 0.282619321132806 -0.685219869574619 0.817477821260594
56T_s_ddg 0.0429340830877358 -3.82842267974197 0.883426011859973
56Y_s_ddg 0.102017979927819 -0.203615448716631 0.356712503798194
5D_s_ddg 1.85126965678352 1.03624718039832 5.72262641961322
5E_s_ddg 0.0631223824294278 -3.80823438040027 2.94117050216467
5G_s_ddg 0.474760600403183 -3.39659616242652 1.23884417201431
5P_s_ddg 1.93090300031231 0.988533261991922 5.80225976314201
5S_s_ddg 0.754591080474844 0.168793675572981 1.23851067582856
5T_s_ddg 1.41668963508914 1.03464784928358 1.84967032566878
5V_s_ddg 2.32378256285634 1.53422953885818 6.19513932568604
6F_s_ddg 1.16298993966357 0.780948153858007 1.59597063024321
6H_s_ddg 1.00496153241731 0.59745029422471 1.41247277060991
6I_s_ddg 0.35348091611936 -0.15590813162139 0.76099215431196
6P_s_ddg 2.08914222094703 1.17224193501368 5.96049898377673
6R_s_ddg 0.466584240790811 -3.40477252203889 1.28160671717601
6V_s_ddg 0.357767948288964 -3.51358881454074 1.63124056764084
7C_s_ddg 2.01127014759965 0.941553147344075 5.88262691042935
7I_s_ddg 2.54713560989835 1.75758258590019 6.41849237272805
7L_s_ddg 2.16011802871836 1.65072898097761 3.0006099574906
7S_s_ddg 2.02254020908469 1.41127335179579 3.34695173321064
7V_s_ddg 2.62328839111469 1.17152960505355 6.49464515394439
7Y_s_ddg -0.0129602662775045 -0.36953259969603 0.267203709979908
8A_s_ddg 0.695769019524673 -3.17558774330503 1.58719985307099
8C_s_ddg 0.805858507545105 -3.0654982552846 2.86888415089514
8E_s_ddg 0.674096982664745 0.266585744472145 1.05613876847031
8G_s_ddg 0.876366796923774 0.519794463505249 1.25840858272934
8H_s_ddg 0.514983013827862 -3.35637374900184 1.30453603782602
8N_s_ddg 0.244537334364297 -0.570485142020903 0.72845692971801
8V_s_ddg 1.89084166295536 1.33051371044053 2.80774194888871
8Y_s_ddg 1.47843563058796 0.943577130460172 2.1151719402639
9C_s_ddg 3.10046268799208 0.75727306838463 6.97181945082178
9H_s_ddg 2.52261609906015 -1.34874066376955 6.39397286188985
9I_s_ddg 2.70612386577691 1.78922357984356 6.57748062860661
9L_s_ddg 2.12568068102344 1.66723053805676 2.81335589547345
9P_s_ddg 3.97186597578954 0.100509212959839 7.84322273861924
9S_s_ddg 2.38443910090092 1.69676388645091 6.25579586373062
9T_s_ddg 2.9993773564381 -0.871979406391601 6.8707341192678
9V_s_ddg 3.78760135760943 1.75004516664643 7.65895812043913
9Y_s_ddg 2.24813809301383 1.61140178333789 6.11949485584353
10A_b_ddg -0.00431117806696137 -0.210147754775586 0.201525398641663
10E_b_ddg -0.00127499917195367 -0.06596649470895 0.0692975414138605
10G_b_ddg -0.00292979269237596 -0.173480099108093 0.167620513723342
10H_b_ddg 0.000105968367576921 -0.399805094952036 0.40001703168719
10N_b_ddg -0.00181888027939812 -0.131201871353391 0.127564110794594
10V_b_ddg 0.00189245172403925 -0.0804421789594106 0.0842270824074891
10Y_b_ddg 0.00291350370294046 -0.185279937859231 0.191106945265111
11A_b_ddg 0.00542328036188606 -0.194532251297921 0.205378812021693
11H_b_ddg 0.00228973898254417 -0.156498477335538 0.161077955300626
11L_b_ddg 0.000212155520918279 -0.264434871675885 0.264859182717721
11Q_b_ddg 1.02417910509949e-05 -0.893908605629261 0.893929089211363
11R_b_ddg -0.00163665043223177 -0.254521587531399 0.251248286666935
11S_b_ddg 0.00654117780939879 -0.199295398899226 0.212377754518023
11T_b_ddg -0.0103011533525311 -0.227899820158791 0.207297513453729
12E_b_ddg -0.0057662328773472 -0.205721764537154 0.170665118587188
12H_b_ddg 0.0125343168074545 -0.0698003138759953 0.0948689474909043
12K_b_ddg -0.0143702862316726 -0.120229097110394 0.0973695696958664
12L_b_ddg -0.00822107857789111 -0.0787936191637052 0.062351462007923
12P_b_ddg 0.0248869345107333 -0.869031912909579 0.918805781931046
12R_b_ddg 0.0113647382702005 -0.170947658243153 0.193677134783554
13A_b_ddg 0.000421927872254099 -0.893496919548058 0.894340775292566
13D_b_ddg 0.0174030894263684 -0.100217811549988 0.135023990402725
13G_b_ddg -0.000739137176839707 -0.506509011375174 0.505030737021495
13K_b_ddg -0.000163434107501161 -0.894082281527813 0.893755413312811
13Q_b_ddg -0.00299717256212533 -0.602863767541545 0.596869422417295
13V_b_ddg 0.00690714182845846 -0.298907200710069 0.312721484366986
14A_b_ddg 2.94539146290308e-05 -0.382238474258531 0.382297382087789
14E_b_ddg 0.00290287381536593 -0.073550711819266 0.0793564594499979
14G_b_ddg 0.00211257143622416 -0.186080870125947 0.190306012998395
14H_b_ddg -7.73833432745375e-06 -0.299941035824037 0.299925559155383
14I_b_ddg -0.000105610766345275 -0.894024458186658 0.893813236653967
14N_b_ddg 0.00567013326235162 -0.158999128104548 0.164458349580433
14V_b_ddg 0.00865050813742749 -0.0913272576924758 0.108628273967331
14Y_b_ddg 0.00595831923478879 -0.146948852034475 0.158865490504053
15A_b_ddg -0.0130471086897879 -0.754058784840836 0.72796456746126
15E_b_ddg -0.00120930088752316 -0.177640652352058 0.175222050577012
15L_b_ddg -0.0309392889779072 -0.924858136398219 0.862979558442405
15R_b_ddg -0.0037999015454373 -0.497807685646136 0.490207882555262
15S_b_ddg 0.000625087721080041 -0.893293759699232 0.894543935141392
15V_b_ddg 0.00529220736605064 -0.888626640054262 0.899211054786363
16A_b_ddg 0.00589268964036622 -0.888026157779946 0.899811537060679
16D_b_ddg 0.00211765259282267 -0.89180119482749 0.896036500013135
16G_b_ddg -0.00443400505493419 -0.898352852475246 0.889484842365378
16K_b_ddg 0.00238205459311128 -0.891536792827201 0.896300902013423
16Q_b_ddg 9.1975964054052e-07 -0.893917927660672 0.893919767179953
16V_b_ddg 0.00916889149706457 -0.884749955923248 0.903087738917377
17M_b_ddg -0.0096253824017711 -0.215461959110396 0.196211194306853
17P_b_ddg 0.00382120073073791 -0.890097646689574 0.89774004815105
17Q_b_ddg 0.00548942504650963 -0.888429422373803 0.899408272466822
17R_b_ddg 0.0247128710935471 -0.869205976326765 0.918631718513859
17S_b_ddg -0.0474043349328594 -0.941323182353172 0.846514512487453
17V_b_ddg -0.0106421339610563 -0.287051251255495 0.265766983333382
18A_b_ddg -0.0112312003380099 -0.299402407730084 0.276940007054064
18C_b_ddg 0.012569654391774 -0.105051246584583 0.130190555368131
18D_b_ddg 0.00190385751449717 -0.11571704346186 0.119524758490854
18I_b_ddg 0.000177936651212157 -0.8937409107691 0.894096784071524
18R_b_ddg 2.10854859962989e-05 -0.335198482296621 0.335240653268613
18S_b_ddg 0.00886373459003428 -0.0911140312398691 0.108841500419938
18V_b_ddg -0.00111939817539245 -0.154026569444656 0.151787773093871
19C_b_ddg -0.000105758759969619 -0.894024606180282 0.893813088660343
19H_b_ddg -0.0166476155328865 -0.910566462953199 0.877271231887426
19I_b_ddg 0.00060116698382919 -0.169949139431888 0.171151473399547
19L_b_ddg -0.00892192108032806 -0.126542822056685 0.108698979896029
19S_b_ddg -0.0020135676538649 -0.895932415074177 0.891905279766447
19V_b_ddg -8.99327256350345e-05 -0.894008780145947 0.893828914694677
19Y_b_ddg 0.00374612645739657 -0.890172720962916 0.897664973877709
1A_b_ddg -0.00681178611156343 -0.106789551941467 0.0990470247671578
1I_b_ddg -0.00311044512954524 -0.0854450758129951 0.0557000053586332
1K_b_ddg 0.00209149195301142 -0.162577769413888 0.172641798368729
1L_b_ddg 3.08371011426864e-05 -0.89388801031917 0.893949684521455
1M_b_ddg -1.89899313335802e-06 -0.893920746413446 0.893916948427179
1P_b_ddg -0.00106963131564466 -0.159857847633726 0.157718585002437
1R_b_ddg 0.00536029040730474 -0.194595241252502 0.205315822067111
1S_b_ddg -0.000553179287028637 -0.0828878099704785 0.0582572712011498
1V_b_ddg 7.10863266864114e-05 -0.893847761093626 0.893989933746999
20C_b_ddg -0.00300692997446931 -0.150033056194915 0.144019196245977
20G_b_ddg -0.00422821466797542 -0.262994196815961 0.25453776748001
20H_b_ddg -0.00496238204420144 -0.0755349226300156 0.0656101585416127
20L_b_ddg -3.66213551203695e-05 -0.182349017868474 0.182275775158233
20P_b_ddg 0.00799756315087446 -0.885921284269438 0.901916410571187
20Q_b_ddg 0.000105174720728968 -0.893813672699583 0.894024022141041
20S_b_ddg -0.00257700754131381 -0.0849116382247636 0.079757623142136
21G_b_ddg -0.00100851241632163 -0.347990170296574 0.345973145463931
21H_b_ddg -2.44006064860696e-05 -0.893943248026798 0.893894446813826
21K_b_ddg -7.73637956695348e-05 -0.893996211215982 0.893841483624643
21L_b_ddg -0.01132091672834 -0.128941817704697 0.106299984248017
21M_b_ddg 4.79206143354028e-06 -0.893914055358879 0.893923639481746
21P_b_ddg -0.00938746624503719 -0.326963898881201 0.308188966391126
21Q_b_ddg -0.00408936802946373 -0.0805429536640957 0.0723642176051682
21W_b_ddg -0.00735468804801341 -0.195548129610184 0.180838753514158
22A_b_ddg 5.38854164650585e-06 -0.49988344060787 0.499894217691163
22C_b_ddg 0.000149612069354416 -0.893769235350958 0.894068459489667
22E_b_ddg -0.0137055434633362 -0.190136894927872 0.162725808001199
22R_b_ddg -0.0305385101383917 -0.236375086847016 0.175298066570233
22V_b_ddg 9.87761594111101e-05 -0.887939026212083 0.888136578530905
23A_b_ddg -0.00196552804784005 -0.531259582441446 0.527328526345766
23E_b_ddg -0.00172173732158931 -0.0664132328585856 0.062969758215407
23G_b_ddg 0.0120768107260677 -0.881842036694245 0.90599565814638
23H_b_ddg -0.0265839163920335 -0.4441381148581 0.385089237025216
23N_b_ddg -0.0112287392778055 -0.152373820449434 0.129916341893823
23V_b_ddg 0.00186431301804428 -0.292187939422848 0.301797610507754
23Y_b_ddg -0.00115310978859245 -0.25403804688776 0.251731827310575
24C_b_ddg 0.00184760299899712 -0.192226883611992 0.195922089609986
24I_b_ddg 0.0134980201802028 -0.0453124303079756 0.107594740961288
24L_b_ddg 0.00109774975045515 -0.0871179259818125 0.083432380433905
24N_b_ddg 3.20086479846735e-05 -0.893886838772328 0.893950856068297
24S_b_ddg -0.0170658233793934 -0.13468672435575 0.100555077596963
24T_b_ddg 0.000143658595233458 -0.893775188825079 0.894062506015546
24V_b_ddg 0.0153370377419808 -0.17285640382019 0.197649434255334
24Y_b_ddg -0.000872079973102688 -0.065563575510099 0.0638194155638936
25F_b_ddg -0.031018606791814 -0.807316553235769 0.72175515945687
25L_b_ddg 3.29201061791133e-05 -0.452807548652795 0.452873388865153
25M_b_ddg -0.00137696068443308 -0.601243555663853 0.598489634294987
25N_b_ddg 0.00143051538430016 -0.892488332036012 0.895349362804612
25S_b_ddg -0.0167102482791232 -0.910629095699435 0.877208599141189
25T_b_ddg 0.00751018300375592 -0.886408664416556 0.901429030424068
25V_b_ddg -0.0520713540321773 -0.18145434510617 0.0714305919929974
26D_b_ddg -0.0176284558197925 -0.199940852333146 0.164683940693561
26I_b_ddg 4.50276091403571e-05 -0.893873819811172 0.893963875029453
26L_b_ddg 0.006648351190826 -0.0521620992973524 0.0948640269230937
26N_b_ddg -0.00762833025789389 -0.107606096087797 0.0923494355720094
26P_b_ddg -0.000130819714429234 -0.894049667134741 0.893788027705883
26Q_b_ddg 0.0103531399646046 -0.0543383555723917 0.0809256805504187
26R_b_ddg 0.00670198927290242 -0.0756326414105474 0.0890366199563522
26Y_b_ddg -0.00279093970195203 -0.126292885727127 0.120711006323223
27A_b_ddg -0.00224507777375859 -0.555063312362636 0.556454201863937
27D_b_ddg 0.00210362324961948 -0.891815224170693 0.896022470669932
27F_b_ddg 4.31117561635453e-05 -0.893875735664149 0.893961959176476
27G_b_ddg -0.0242806267597471 -0.918199474180059 0.869638220660565
27I_b_ddg -0.000170005063562634 -0.106028815942284 0.105688805815159
27L_b_ddg 0.00148332043692993 -0.174948031027605 0.183795716950283
28I_b_ddg 0.0390182032527588 -0.0315543373330553 0.109590743838573
28K_b_ddg 0.0020151236264485 -0.115605777349908 0.096111844407534
28L_b_ddg 0.0135687345193678 -0.0511227610176285 0.0782602300563641
28N_b_ddg 3.94818919663481e-05 -0.670399653673268 0.664597572408383
28R_b_ddg -0.00458204570586414 -0.292753253097938 0.28358916168621
28T_b_ddg -0.00543663815929616 -0.087771268842746 0.0827790375729715
28V_b_ddg -0.000305487472899961 -0.0826401181563498 0.0820291432105499
29A_b_ddg -0.0127036841188863 -0.512592513268403 0.498947235128266
29E_b_ddg -0.00782924651528739 -0.107807012345191 0.0921485193146159
29F_b_ddg 0.000138943177159183 -0.893779904243153 0.894057790597471
29G_b_ddg -0.00703016474560179 -0.254034056795951 0.239973727304748
29H_b_ddg 0.00664840345869722 -0.357976389568009 0.377154241534221
29N_b_ddg -0.0173555036846686 -0.170262674953933 0.135551667584595
29V_b_ddg -0.00147901420085818 -0.166148275567758 0.163190247166041
29Y_b_ddg -0.000605614031065086 -0.347587271911318 0.346376043849188
2C_b_ddg 0.00508675138067134 -0.136058329790957 0.140350787503482
2D_b_ddg 4.71060626399036e-06 -0.417549487859803 0.417558909072331
2F_b_ddg 0.00114382257362309 -0.134120213549187 0.136407858696433
2H_b_ddg -0.0161521192661366 -0.110248840047222 0.0779446015149489
2I_b_ddg 1.3170860004714e-05 -0.893905676560308 0.893932018280317
2N_b_ddg -0.00742990878629933 -0.119169764713838 0.10430994714124
2S_b_ddg -3.39343978799262e-05 -0.364658727424586 0.364590858628826
30D_b_ddg -0.00212327495869647 -0.149149401179143 0.14490285126175
30H_b_ddg -0.0092501279315617 -0.291540290274818 0.267158989362877
30I_b_ddg -0.00667729074916808 -0.118417146676707 0.105062565178371
30K_b_ddg 0.000430736259746193 -0.117190164716611 0.118051637236103
30S_b_ddg 0.0017874329192565 -0.127595558154736 0.131170423993249
30T_b_ddg -0.000727834675222804 -0.230088591579119 0.228632922228673
30Y_b_ddg -0.00587194540629307 -0.164660161724375 0.152916270911789
31A_b_ddg -5.80793356121686e-06 -0.258771790081546 0.258760174214424
31I_b_ddg 0.000129899738138411 -0.893788947682174 0.894048747158451
31L_b_ddg -0.0118704226676985 -0.147134458790509 0.123393613455112
31P_b_ddg -0.00650932995190789 -0.51816024919906 0.505141589295244
31T_b_ddg -6.64712317020025e-05 -0.0647579667686983 0.0646250243052943
32A_b_ddg -0.000674721617286349 -0.894593569037599 0.893244125803026
32E_b_ddg -0.000264041010772264 -0.435461374623293 0.434933292601748
32F_b_ddg 0.249109805503676 -0.644809041916636 1.14302865292399
32G_b_ddg 0.00159103344036452 -0.692372282320141 0.69555434920087
32H_b_ddg -3.39490740350899e-05 -0.429350237637738 0.429282339489667
32N_b_ddg -0.000196028757689666 -0.153103200026954 0.158592187560392
32V_b_ddg -0.0073659272521019 -0.901284774672414 0.88655292016821
32Y_b_ddg 0.0144724913695721 -0.614799328853937 0.661387446739535
33A_b_ddg -0.000218660625078399 -0.15900687694316 0.158569555693003
33H_b_ddg -0.00495106953681405 -0.134334060610807 0.124431921537179
33I_b_ddg 6.57936141630623e-05 -0.893853053806149 0.893984641034475
33L_b_ddg -0.0137129170779832 -0.0901665027126152 0.0627406685566488
33N_b_ddg 0.000128235730016494 -0.893790611690296 0.894047083150329
33R_b_ddg -0.019492629049559 -0.325306971588087 0.286321713488969
33S_b_ddg -0.0102005352114494 -0.104297255992535 0.0897772306184539
33T_b_ddg 0.00257851506845002 -0.126804476005543 0.131961506142443
33Y_b_ddg 0.000329218817661425 -0.893589628602651 0.894248066237974
34D_b_ddg -0.00466155533469132 -0.092877231066959 0.0835541203975763
34H_b_ddg 0.00432774600140538 -0.207389875756037 0.216045367758848
34I_b_ddg 0.0170687006926863 -0.118195335430124 0.158213781864315
34K_b_ddg 0.00431831522117791 -0.572024099562971 0.586541775054144
34S_b_ddg 0.00397662924956176 -0.213622037556698 0.22745634110464
34T_b_ddg -2.04120997793543e-05 -0.476385061054025 0.476344236854466
34Y_b_ddg 0.0163876403414529 -0.0718280353908148 0.104603316073721
35C_b_ddg 0.00108894104825106 -0.892829906372061 0.895007788468563
35G_b_ddg -0.0208191210647045 -0.914737968485017 0.873099726355608
35K_b_ddg 0.618068568944245 -0.275850278476067 1.51198741636456
35L_b_ddg 0.00743703081188743 -0.886481816608425 0.9013558782322
35M_b_ddg 0.964999211861169 0.0710803644408567 1.85891805928148
35R_b_ddg 0.00754189641191046 -0.886376951008402 0.901460743832223
35S_b_ddg 0.000508375384159187 -0.893410472036153 0.894427222804471
35Y_b_ddg 0.895847891499647 0.00192904407933481 1.78976673891996
36C_b_ddg -0.0111267869132028 -0.26401172401237 0.241758150185964
36G_b_ddg -0.0067856343142923 -0.630176409488984 0.616605140860399
36L_b_ddg 0.00444652947741295 -0.207271092280029 0.216164151234855
36M_b_ddg -3.84531420361128e-06 -0.893922692734516 0.893915002106109
36R_b_ddg 0.000794304351483398 -0.893124543068829 0.894713151771796
36S_b_ddg 0.000106923276244482 -0.893811924144068 0.894025770696557
36Y_b_ddg -7.5684163431867e-05 -0.893994531583744 0.89384316325688
37E_b_ddg -0.0343745020222025 -0.116709132705652 0.0538411737100652
37I_b_ddg -0.0129509397579859 -0.107047660539071 0.0576216008278282
37L_b_ddg 7.56908010949494e-05 -0.893843156619217 0.893994538221407
37N_b_ddg -0.0141779751962522 -0.0906315608308842 0.0622756104383798
37Q_b_ddg -0.00631001566719341 -0.206265547327 0.17600238084616
37R_b_ddg -0.00108657631077423 -0.0951832970918597 0.0930101444703113
37T_b_ddg -0.0258992854852252 -0.137639141412764 0.079959525393496
37Y_b_ddg -6.48558820477187e-06 -0.893925333008517 0.893912361832107
38A_b_ddg -5.69592653805548e-05 -0.893975806685693 0.893861888154932
38C_b_ddg -0.0606454633337695 -0.954564310754082 0.833273384086543
38E_b_ddg 0.028473910414165 -0.865444937006147 0.922392757834477
38L_b_ddg -0.0194568573100176 -0.91337570473033 0.874461990110295
38R_b_ddg -0.0140758203382463 -0.907994667758559 0.879843027082066
38V_b_ddg 0.00130705442099112 -0.710299396485968 0.71291350532795
39D_b_ddg 0.000809486820010601 -0.110930369107528 0.11254934274755
39G_b_ddg 0.00183958105691747 -0.145186545163529 0.148865707277364
39P_b_ddg 0.00167928316341326 -0.892239564256899 0.895598130583726
39S_b_ddg 0.018206781704597 -0.0876520291741242 0.129946637632136
39T_b_ddg 0.0144889480589558 -0.0972509078685832 0.126228803986495
39V_b_ddg 0.00910161660257511 -0.0673519690320569 0.0914362472860249
3A_b_ddg 0.00308543243226104 -0.114535468544096 0.120706333408618
3D_b_ddg -0.00488188636242911 -0.898800733782741 0.889036961057883
3F_b_ddg -0.00206210436968482 -0.172612410785402 0.162607156997215
3G_b_ddg 0.00247876606834198 -0.532696333374082 0.549415955608401
3I_b_ddg -0.00043799963899022 -0.16510726100589 0.164231261727909
3L_b_ddg -0.00221567446958119 -0.343316287301016 0.338884938361854
3N_b_ddg -0.00197198031440208 -0.895890827734714 0.89194686710591
40F_b_ddg -0.0215633320736052 -0.209756773635776 0.166630109488566
40G_b_ddg 5.43452270370134e-05 -0.711552105679922 0.711660796133996
40H_b_ddg 6.20168178401961e-05 -0.629209803405669 0.629333837041349
40N_b_ddg 5.0360402881159e-05 -0.893868487017431 0.893969207823193
40R_b_ddg -0.00394533051574646 -0.109804141394468 0.101913480362975
40S_b_ddg -0.00385490255584108 -0.121475803532198 0.113765998420516
40W_b_ddg 0.00167270989565061 -0.668766425669584 0.672111845460885
40Y_b_ddg -0.0227715373788191 -0.134511393306358 0.0889683185487199
41D_b_ddg -2.25376406336983e-05 -0.264669564837437 0.264624489556169
41I_b_ddg 3.89591003252056e-05 -0.893879888319987 0.893957806520637
41L_b_ddg -0.00195336980864331 -0.0842880004920931 0.0803812608748065
41N_b_ddg -0.00717639164836519 -0.0953920673806328 0.0810392840839025
41P_b_ddg 0.00114630403962687 -0.892772543380685 0.895065151459939
41Q_b_ddg 0.00406123737651293 -0.119440708648662 0.127563183401688
41R_b_ddg 0.0120267174716675 -0.117356273602325 0.147290753594478
41Y_b_ddg -0.00678872001757589 -0.118528575945115 0.104951135909963
42A_b_ddg -0.0021820222621584 -0.249185914312508 0.244821869788191
42E_b_ddg 0.00699023850987945 -0.10474961741766 0.118730094437418
42L_b_ddg 0.000343483824362726 -0.893575363595949 0.894262331244675
42M_b_ddg 0.000221888453049761 -0.893696958967263 0.894140735873362
42R_b_ddg -0.00114941730480528 -0.112889273232344 0.116471483671552
42V_b_ddg -0.0144755048463288 -0.243836261750225 0.214885252057567
42W_b_ddg 2.04542594568456e-05 -0.141124626912171 0.141165535431085
43E_b_ddg -0.000122822812940507 -0.205959399521565 0.199832708846866
43H_b_ddg 0.00753548790663125 -0.0865612328744542 0.101632208687717
43K_b_ddg 0.0341453079177521 -0.154048133644419 0.222338749479923
43L_b_ddg -0.00230079530815579 -0.0963975160892413 0.121201150717019
43P_b_ddg -0.00151395380453135 -0.895432801224844 0.892404893615781
43R_b_ddg 0.0073728410695249 -0.0984859698091963 0.119112696997064
44A_b_ddg 0.00198812739399922 -0.156800088924083 0.160776343712081
44I_b_ddg 0.008399278717215 -0.0856974420638705 0.102495999498301
44K_b_ddg 0.000200709099878796 -0.893718138320433 0.894119556520191
44N_b_ddg -0.00596873587776149 -0.188281132391115 0.176343660635592
44P_b_ddg -0.00139148943514838 -0.660068534902747 0.65728555603245
44S_b_ddg -0.00556784031011232 -0.0702593358471086 0.059123655226884
45A_b_ddg -0.00759769989604811 -0.90151654731636 0.886321147524264
45C_b_ddg 0.00487987254430919 -0.889038974876003 0.898798719964621
45D_b_ddg 0.00552793122675005 -0.888390916193562 0.899446778647062
45F_b_ddg -0.0443403620621682 -0.93825920948248 0.849578485358144
45H_b_ddg 1.17455517103055 0.280636323610238 2.06847401845086
45I_b_ddg 0.115028530126752 -0.77889031729356 1.00894737754706
45N_b_ddg 0.82274457698203 -0.0711742704382823 1.71666342440234
45R_b_ddg -0.000379830855071505 -0.894298678275384 0.893539016565241
45S_b_ddg 0.00883101373092854 -0.885087833689384 0.902749861151241
45V_b_ddg -0.000606931159461809 -0.894525778579774 0.89331191626085
45Y_b_ddg -0.00967486927999033 -0.903593716700303 0.884243978140322
46I_b_ddg 0.00112972030414482 -0.104729090574576 0.106988531182866
46K_b_ddg 0.00519496966091203 -0.8887238777594 0.899113817081224
46L_b_ddg -0.0173434609512823 -0.123202271830003 0.0414669895368961
46R_b_ddg 0.000413461276371126 -0.893505386143941 0.894332308696683
46T_b_ddg 0.00526741753050399 -0.100591393348217 0.111126228409225
46V_b_ddg 0.00410768905139602 -0.0958700767785073 0.104085454881299
47C_b_ddg -0.498919000123443 -1.39283784754376 0.394999847296869
47I_b_ddg -0.00168219503829688 -0.201637726698104 0.19827333662151
47L_b_ddg 0.00153190065808465 -0.12197004536709 0.125033846683259
47S_b_ddg 0.00602549848123514 -0.887893348939077 0.899944345901547
47V_b_ddg -7.05036281128599e-05 -0.605818143656351 0.605677136400125
47Y_b_ddg -0.00190731525896151 -0.243030162260493 0.23921553174257
48A_b_ddg 0.000198953449967549 -0.893719893970345 0.89411780087028
48H_b_ddg 0.00727374611453363 -0.886645101305779 0.901192593534846
48L_b_ddg -0.00759518168538104 -0.901514029105693 0.886323665734931
48Q_b_ddg 3.59299949068679e-05 -0.893882917425405 0.893954777415219
48R_b_ddg 0.000637332141214629 -0.893281515279098 0.894556179561527
48S_b_ddg -0.00365491585431498 -0.868168538030538 0.85497766127309
48T_b_ddg -0.000122978478921379 -0.894041825899234 0.893795868941391
49C_b_ddg -0.0142387626440572 -0.0789302581810535 0.0504527328929391
49F_b_ddg -1.44120138111235e-05 -0.893933259434123 0.893904435406501
49G_b_ddg -0.000144208524148723 -0.253029145623316 0.246859683526201
49H_b_ddg -0.015119292769528 -0.0974539234529778 0.0672153379139218
49L_b_ddg -0.0108880024888262 -0.128508903465183 0.106732898487531
49N_b_ddg -5.33849316543041e-05 -0.835161781863788 0.817411876854026
49P_b_ddg -0.00640891182763537 -0.494535650879516 0.487598872273063
49S_b_ddg -0.0178204260428488 -0.135441327019206 0.0468710694941475
49Y_b_ddg -4.34998771938394e-05 -0.893962347297506 0.893875347543118
4E_b_ddg -0.00291740221210993 -0.179348753676645 0.173513949252425
4H_b_ddg -0.00122105142355723 -0.0953177722046427 0.0928756693575283
4K_b_ddg -0.00206259522943293 -0.113802451156972 0.115558305746924
4L_b_ddg 0.0108151067345208 -0.0774005689977469 0.104911827515606
4M_b_ddg 0.000409540537834403 -0.893509306882478 0.894328387958147
4P_b_ddg 0.00269470126138363 -0.891224146158929 0.896613548681696
4R_b_ddg 0.0016944326755444 -0.0806401980079054 0.0840290633589942
4T_b_ddg 0.00025748946194813 -0.893661357958364 0.89417633688226
50C_b_ddg -0.000163251001248819 -0.894082098421561 0.893755596419063
50D_b_ddg -0.00178735963275926 -0.10764617051148 0.104071451245962
50F_b_ddg -1.54606231773357e-05 -0.89393430804349 0.893903386797135
50H_b_ddg 0.00319754710113568 -0.343784110779117 0.350179204981388
50I_b_ddg 0.0152889456798858 -0.119975090442925 0.150552981802696
50K_b_ddg 0.00290686280063935 -0.179405533712714 0.19110030436281
50S_b_ddg 0.0122229925192922 -0.1171599985547 0.141605983593285
50T_b_ddg 0.00167336347962502 -0.210044258277817 0.213390985237067
50Y_b_ddg 0.00860884806226778 -0.114893097962907 0.132110794087443
51C_b_ddg -0.000393084609118445 -0.894311932029431 0.893525762811194
51D_b_ddg 0.0022288329582098 -0.891690014462102 0.896147680378522
51F_b_ddg 0.0102963486590266 -0.0838003721220589 0.104393069440112
51H_b_ddg -0.0123727846915338 -0.100588460423801 0.0758428910407339
51I_b_ddg 0.085945670525516 -0.807973176894796 0.979864517945828
51L_b_ddg -0.00444626579761212 -0.898365113217924 0.8894725816227
51N_b_ddg -0.000884370657407665 -0.89480321807772 0.893034476762905
51S_b_ddg 0.0191802796542623 -0.87473856776605 0.913099127074575
52A_b_ddg 0.000351306457904528 -0.117269594518452 0.117972207434261
52D_b_ddg -0.00638790157295331 -0.900306748993266 0.887530945847359
52E_b_ddg 0.916764682103528 0.0228458346832158 1.81068352952384
52F_b_ddg 0.00389503346528676 -0.890023813955026 0.897813880885599
52G_b_ddg -1.66669538118548e-05 -0.646931622323775 0.646898288416151
52I_b_ddg -0.000108719232602652 -0.100086485062506 0.105750091646119
52L_b_ddg -1.11698860878917e-05 -0.8939300173064 0.893907677534224
52Y_b_ddg 8.65843153409733e-05 -0.893832263104971 0.894005431735653
53A_b_ddg 0.00254600780636885 -0.103312803072352 0.10840481868509
53I_b_ddg 0.00499332799188584 -0.0832223477403818 0.0990900487729713
53N_b_ddg 0.00257843775792158 -0.209139183999521 0.214296059515364
53P_b_ddg -0.00344779782825383 -0.897366645248566 0.890471049592058
53S_b_ddg 0.000807119893748263 -0.0815275107897016 0.0831417505771981
54A_b_ddg -0.00586926851897093 -0.276397340764592 0.258777758677832
54H_b_ddg -0.00690059618544868 -0.106878362015352 0.0930771696444547
54L_b_ddg 0.00390829684846426 -0.137236784323164 0.145053378020092
54N_b_ddg 5.81770411578033e-05 -0.893860670379154 0.89397702446147
54Q_b_ddg 4.0350772141719e-05 -0.893878496648171 0.893959198192454
54R_b_ddg -2.5296919346487e-06 -0.294054782132827 0.294049722748958
54S_b_ddg -0.00374804527855527 -0.133131036352548 0.131515990844255
54T_b_ddg -0.00723589096692726 -0.130737836992102 0.116266055058247
55A_b_ddg 0.00756573076561993 -0.0982930801131012 0.113424541644341
55E_b_ddg 0.012687888398657 -0.063765697235975 0.0950225190821068
55G_b_ddg 4.7192776253202e-05 -0.31752923985991 0.317623625412417
55L_b_ddg 0.00645219386471 -0.117049752160465 0.129954139889885
55M_b_ddg 0.00571475462819654 -0.088381966152889 0.099811475409282
55P_b_ddg 0.000103682656666419 -0.893815164763646 0.894022530076979
55S_b_ddg 0.000157405034431397 -0.893761442385881 0.894076252454744
55T_b_ddg 3.97741370394573e-05 -0.511611145110113 0.505809648335374
56D_b_ddg 0.00191302690448157 -0.133351009218329 0.137177063027292
56F_b_ddg 0.000115011404960006 -0.893803836015352 0.894033858825272
56H_b_ddg -0.00312142163242688 -0.250125313682776 0.243882470417923
56I_b_ddg 0.0151774277879773 -0.0789192929931082 0.109274148569063
56K_b_ddg -0.00367519165549667 -0.115415047583036 0.108064664272042
56S_b_ddg 0.0054433768223626 -0.153344839495719 0.164231593140444
56T_b_ddg -0.00124506277029664 -0.218843729576557 0.204591513938328
56Y_b_ddg 0.0131491729471117 -0.0574233676387024 0.0896027585817437
5D_b_ddg -3.40932144621727e-05 -0.893952940634774 0.89388475420585
5E_b_ddg 2.12250398036218e-05 -0.893897622380509 0.893940072460116
5G_b_ddg 0.000225560092680584 -0.293826692348212 0.294277812533573
5P_b_ddg -0.00421094727559881 -0.898129794695911 0.889707900144713
5S_b_ddg 0.00146561941864871 -0.198489912241158 0.207302196127273
5T_b_ddg 0.000238217061885976 -0.240884629939646 0.247242109112235
5V_b_ddg 0.00348003114282521 -0.890438816277487 0.897398878563137
6F_b_ddg -0.0113151529429928 -0.252437999944524 0.229807694058539
6H_b_ddg 0.0069704532731234 -0.187104033337865 0.201044939884112
6I_b_ddg 0.00361693504259964 -0.125766056031393 0.132999926116592
6P_b_ddg -2.03469290471764e-05 -0.893939194349359 0.893898500491265
6R_b_ddg 0.0253656727628205 -0.321615985117432 0.378228375691891
6V_b_ddg -5.87891529746622e-05 -0.546995978693034 0.546878400387085
7C_b_ddg -0.00194591771291561 -0.895864765133228 0.891972929707397
7I_b_ddg 0.000674108725216184 -0.893244738695096 0.894592956145528
7L_b_ddg 0.00362814067470661 -0.696216220134617 0.70347250148403
7S_b_ddg 0.00336324541717828 -0.890555602003134 0.89728209283749
7V_b_ddg 0.000190789051162352 -0.89372805836915 0.894109636471475
7Y_b_ddg 0.00943304926843417 -0.06113949131738 0.0858866349030661
8A_b_ddg -1.33350085873769e-05 -0.42932962357229 0.429302953555115
8C_b_ddg 4.82442413995384e-05 -0.893870603178913 0.893967091661712
8E_b_ddg 0.00619639968952316 -0.129067636433287 0.141460435812334
8G_b_ddg -0.0023026011409923 -0.166971862507892 0.162366660225907
8H_b_ddg -0.00092738417663018 -0.312622771763976 0.310768003410716
8N_b_ddg -0.00581095924765315 -0.141074995370464 0.135334121923975
8V_b_ddg 0.00643906491958626 -0.758096791426733 0.782737011363542
8Y_b_ddg 9.74824964535772e-05 -0.458624031311338 0.458818996304245
9C_b_ddg 0.00202553762097846 -0.891893309799334 0.895944385041291
9H_b_ddg 0.112329403884923 -0.781589443535389 1.00624825130524
9I_b_ddg 0.00503211494830285 -0.888886732472009 0.898950962368615
9L_b_ddg 0.0030918828207487 -0.537964261670493 0.54414802731199
9P_b_ddg 1.05791315930534 0.163994311885028 1.95183200672565
9S_b_ddg -0.000417773784192254 -0.894336621204505 0.89350107363612
9T_b_ddg -0.0306463490597484 -0.924565196480061 0.863272498360564
9V_b_ddg -0.0602562147733551 -0.954175062193667 0.833662632646957
9Y_b_ddg -0.000998341477802589 -0.894917188898115 0.89292050594251
b_dgwt 4.53140906238751 3.6374902149672 5.42532790980782
b_fwt 1.006353788963 0.993853788963 1.018853788963
b_f0 0.0382735087840124 -0.0367264912159876 0.0945235087840124
s_dgwt -1.29944011058461 -1.57960408684202 -0.28066201510311
