Pos WT_AA Mut Nmut_nt Nmut_aa Nmut_codons STOP mean_count is.reads0 fitness sigma is.fitness
NA NA NA 2 0 2 TRUE 2 NA -0.11864087040305 0.672210271099546 TRUE
NA NA NA 2 0 2 TRUE 2 NA -0.623022985435703 0.709781478594155 TRUE
NA NA NA 2 0 2 TRUE 2 NA 0.0347674338616557 0.679015897340548 TRUE
NA NA NA 2 0 2 TRUE 1 NA 1.04689563675119 0.84551968357867 TRUE
NA NA NA 2 0 2 TRUE 1.66666666666667 NA 0.253289511395729 0.678089467678162 TRUE
NA NA NA 2 0 2 TRUE 1.33333333333333 NA -0.730335647361054 0.937892877943061 TRUE
NA NA NA 2 0 2 TRUE 1.66666666666667 NA -0.349884748560475 0.793511141164536 TRUE
NA NA NA 2 0 2 TRUE 2.66666666666667 NA -0.463782366693932 0.651583137743613 TRUE
NA NA NA 2 0 2 TRUE 1.33333333333333 NA -0.665182404159547 0.937043064588798 TRUE
NA NA NA 2 0 2 TRUE 1.33333333333333 NA -0.572163767111928 0.925214252244098 TRUE
NA NA NA 2 0 2 TRUE 4.33333333333333 NA -1.63019525679044 0.654438704868049 TRUE
NA NA NA 2 0 2 TRUE 2.66666666666667 NA -0.0947016070796238 0.581508382831327 TRUE
NA NA NA 1 0 1 TRUE 299.666666666667 TRUE 0.187860807078558 0.070556332797721 TRUE
NA NA NA 2 0 2 TRUE 1.66666666666667 NA 0.953662666630698 0.644482124772514 TRUE
NA NA NA 2 0 2 TRUE 1.33333333333333 NA 1.02738294714191 0.767671888526292 TRUE
NA NA NA 2 0 2 TRUE 2.66666666666667 NA 0.0123322788237887 0.591601070980154 TRUE
NA NA NA 2 0 2 TRUE 5 NA -0.576389064582874 0.453778385628218 TRUE
NA NA NA 2 0 2 TRUE 2.66666666666667 NA 0.0155858633562028 0.556742518009721 TRUE
NA NA NA 2 0 2 TRUE 2.66666666666667 NA -0.134672005246465 0.601074796790215 TRUE
NA NA NA 2 0 2 TRUE 1.66666666666667 NA 0.0452804802889597 0.784584905740885 TRUE
NA NA NA 2 0 2 TRUE 2 NA -0.110302138697146 0.690895696258271 TRUE
NA NA NA 2 0 2 TRUE 1.33333333333333 NA -0.333322460848872 0.891464182869421 TRUE
NA NA NA 2 0 2 TRUE 1.66666666666667 NA 0.351571725720091 0.687399421688891 TRUE
NA NA NA 2 0 2 TRUE 2.66666666666667 NA -0.262057506321121 0.584035082694295 TRUE
NA NA NA 1 0 1 TRUE 46 TRUE -0.0742671430989352 0.148238599640364 TRUE
NA NA NA 2 0 2 TRUE 2 NA -0.369014048497906 0.703569589050887 TRUE
NA NA NA 2 0 2 TRUE 1.66666666666667 NA 0.126288289356008 0.762865819129398 TRUE
NA NA NA 2 0 2 TRUE 1.66666666666667 NA -0.999752379415114 0.933732054557634 TRUE
NA NA NA 1 0 1 TRUE 190.666666666667 TRUE -0.0155708456098442 0.0828721309187634 TRUE
NA NA NA 2 0 2 TRUE 3.33333333333333 NA -0.463955693803231 0.554666952796944 TRUE
NA NA NA 2 0 2 TRUE 2 NA -0.165164749273866 0.652380906305096 TRUE
NA NA NA 2 0 2 TRUE 2 NA -1.34896735988422 0.869474463119831 TRUE
NA NA NA 1 0 1 TRUE 114.666666666667 TRUE -0.0572472404615764 0.100018129478527 TRUE
NA NA NA 2 0 2 TRUE 2 NA -0.572692236749401 0.767576655998399 TRUE
NA NA NA 2 0 2 TRUE 1.33333333333333 NA 0.299864191235503 0.762836865134381 TRUE
NA NA NA 2 0 2 TRUE 2 NA 0.464378647996836 0.609149524391325 TRUE
NA NA NA 2 0 2 TRUE 2 NA -0.0738182096145631 0.722027251280302 TRUE
NA NA NA 2 0 2 TRUE 1 NA -0.198404173190531 0.962056715236015 TRUE
NA NA NA 2 0 2 TRUE 2.66666666666667 NA 0.227574875828281 0.550740937032024 TRUE
NA NA NA 2 0 2 TRUE 1.66666666666667 NA -1.14188471841891 0.915113575350936 TRUE
NA NA NA 2 0 2 TRUE 2.66666666666667 NA -0.615670884580058 0.612357802169854 TRUE
NA NA NA 2 0 2 TRUE 2.66666666666667 NA -0.900177624649853 0.711180972049431 TRUE
NA NA NA 1 0 1 TRUE 352.333333333333 TRUE -0.57523778552829 0.0712896948516889 TRUE
NA NA NA 2 0 2 TRUE 2 NA -0.919048960289836 0.888613954531274 TRUE
NA NA NA 2 0 2 TRUE 2 NA -0.934789340001528 0.81022554991529 TRUE
NA NA NA 2 0 2 TRUE 1.66666666666667 NA -0.174865938857567 0.773339716281001 TRUE
NA NA NA 2 0 2 TRUE 1.33333333333333 NA -0.317278092647697 0.906207432763143 TRUE
NA NA NA 2 0 2 TRUE 2.66666666666667 NA -0.765727811684343 0.732425198284682 TRUE
NA NA NA 2 0 2 TRUE 3.33333333333333 NA -0.688443705474586 0.629836338568755 TRUE
NA NA NA 2 0 2 TRUE 3 NA -0.812656741286354 0.67187002778941 TRUE
NA NA NA 2 0 2 TRUE 2 NA -0.109521837851375 0.678976966183337 TRUE
NA NA NA 2 0 2 TRUE 2.33333333333333 NA 0.265423902126048 0.585109691045867 TRUE
NA NA NA 2 0 2 TRUE 2.66666666666667 NA -1.64522443222941 0.816102623318022 TRUE
NA NA NA 2 0 2 TRUE 2 NA -1.30845408922241 0.892490897174422 TRUE
NA NA NA 1 0 1 TRUE 211.666666666667 TRUE -0.198531510136771 0.0847546825607873 TRUE
NA NA NA 2 0 2 TRUE 1.33333333333333 NA 0.173015929622987 0.775912611773534 TRUE
NA NA NA 2 0 2 TRUE 1.33333333333333 NA -0.597412979596437 0.900882931711239 TRUE
NA NA NA 2 0 2 TRUE 1 NA -0.285127748288544 0.977590535190559 TRUE
NA NA NA 2 0 2 TRUE 2 NA -0.161008636947524 0.707936287157504 TRUE
NA NA NA 2 0 2 TRUE 2.33333333333333 NA 0.472808381570968 0.666231477663258 TRUE
NA NA NA 2 0 2 TRUE 3.33333333333333 NA -1.12336452417342 0.703740998254738 TRUE
NA NA NA 2 0 2 TRUE 2.66666666666667 NA -0.898964473633022 0.652641525065655 TRUE
NA NA NA 2 0 2 TRUE 2.66666666666667 NA 0.135968445005762 0.593420484506708 TRUE
NA NA NA 2 0 2 TRUE 2.33333333333333 NA -0.384583115822921 0.652367241516193 TRUE
NA NA NA 2 0 2 TRUE 1.66666666666667 NA -0.118803843956816 0.761969256672205 TRUE
NA NA NA 1 0 1 TRUE 219 TRUE -0.226839995338145 0.0795364285353968 TRUE
NA NA NA 2 0 2 TRUE 1 NA -0.358631424887393 0.976335013027546 TRUE
NA NA NA 2 0 2 TRUE 2.33333333333333 NA -0.318830602439613 0.6280987921034 TRUE
NA NA NA 2 0 2 TRUE 2.66666666666667 NA 0.994386986432473 0.493999470841204 TRUE
NA NA NA 2 0 2 TRUE 1 NA 1.05648479895924 0.849160162940738 TRUE
NA NA NA 1 0 1 TRUE 47 TRUE 0.101938389803684 0.144974914344205 TRUE
NA NA NA 2 0 2 TRUE 2 NA -0.241273359938588 0.751096338251994 TRUE
NA NA NA 2 0 2 TRUE 1.33333333333333 NA -0.529525639328646 0.891404758849831 TRUE
NA NA NA 2 0 2 TRUE 2.33333333333333 NA -1.16160305556316 0.772661972286029 TRUE
NA NA NA 2 0 2 TRUE 2.66666666666667 NA -0.804200962130011 0.715880768075203 TRUE
NA NA NA 1 0 1 TRUE 188.666666666667 TRUE -0.217541890246983 0.0843784597169588 TRUE
NA NA NA 2 0 2 TRUE 2.66666666666667 NA -0.0501471132544999 0.593873952689177 TRUE
NA NA NA 2 0 2 TRUE 1 NA -0.0342633537303151 0.9668748526905 TRUE
NA NA NA 2 0 1 TRUE 2 NA 1.00793055868958 0.626578256655779 TRUE
NA NA NA 4 0 4 TRUE 2.33333333333333 NA -1.19099089776478 0.890977952521251 TRUE
NA NA NA 2 0 2 TRUE 2 NA -1.14868069551168 0.806534597369996 TRUE
NA NA NA 2 0 2 TRUE 2.33333333333333 NA 0.371819915726126 0.608120517896248 TRUE
NA NA NA 2 0 2 TRUE 3.33333333333333 NA -1.29631482550924 0.703210196437346 TRUE
NA NA NA 2 0 2 TRUE 1.66666666666667 NA -0.02989357156292 0.716915297638904 TRUE
NA NA NA 2 0 2 TRUE 2.33333333333333 NA -0.87057425381416 0.757640975502346 TRUE
NA NA NA 2 0 2 TRUE 4.66666666666667 NA -1.41518122060869 0.736164882718781 TRUE
NA NA NA 2 0 2 TRUE 2 NA 0.294952807345751 0.623366492274751 TRUE
NA NA NA 2 0 2 TRUE 6 NA -1.35262926873312 0.496758976095061 TRUE
NA NA NA 3 0 3 TRUE 1.33333333333333 NA -0.747820182285505 0.912574833322114 TRUE
NA NA NA 2 0 2 TRUE 3 NA 0.0684144798129698 0.540967520500871 TRUE
NA NA NA 2 0 2 TRUE 2.33333333333333 NA 0.183434342535934 0.593266912408165 TRUE
NA NA NA 2 0 2 TRUE 3.33333333333333 NA -0.956968811781617 0.647591395273612 TRUE
NA NA NA 2 0 2 TRUE 5 NA -0.773100730442808 0.470669930078558 TRUE
NA NA NA 2 0 2 TRUE 2.66666666666667 NA -0.104457352697654 0.609291430805647 TRUE
NA NA NA 2 0 2 TRUE 1.33333333333333 NA -0.608177407628293 0.880729606512808 TRUE
NA NA NA 2 0 2 TRUE 1.66666666666667 NA 0.212257347964425 0.734850051951364 TRUE
NA NA NA 2 0 2 TRUE 1.66666666666667 NA 0.413500170778061 0.696598100379694 TRUE
NA NA NA 2 0 2 TRUE 2.33333333333333 NA -0.0337053228329012 0.629778037149884 TRUE
NA NA NA 2 0 2 TRUE 3.66666666666667 NA -0.576910885188401 0.521000999502544 TRUE
NA NA NA 1 0 1 TRUE 413.333333333333 TRUE -0.0222140710515099 0.0634674493552801 TRUE
NA NA NA 2 0 2 TRUE 3 NA -0.259281765137491 0.565483585274398 TRUE
NA NA NA 2 0 2 TRUE 1.66666666666667 NA 0.556305917634159 0.671465659134919 TRUE
NA NA NA 2 0 2 TRUE 4.66666666666667 NA -0.31808782973372 0.476256483121474 TRUE
NA NA NA 2 0 2 TRUE 1.66666666666667 NA 0.312312792343532 0.687972011274367 TRUE
NA NA NA 2 0 2 TRUE 3.33333333333333 NA 0.988895457645553 0.45969064706319 TRUE
NA NA NA 2 0 2 TRUE 2 NA 0.664380992220778 0.654268360346791 TRUE
NA NA NA 2 0 2 TRUE 3 NA -0.749650245784016 0.6029223827228 TRUE
NA NA NA 2 0 2 TRUE 3 NA -0.388604351278293 0.634954044697277 TRUE
NA NA NA 2 0 2 TRUE 2.33333333333333 NA -0.20110680622258 0.619108496068124 TRUE
NA NA NA 2 0 2 TRUE 6 NA -0.293600791668484 0.439709403188126 TRUE
NA NA NA 2 0 2 TRUE 1.33333333333333 NA 0.284069657800107 0.883854785483795 TRUE
NA NA NA 2 0 2 TRUE 2.33333333333333 NA -0.500690627519678 0.678799000965047 TRUE
NA NA NA 2 0 2 TRUE 2.33333333333333 NA -0.841447751117642 0.670312072600075 TRUE
NA NA NA 2 0 2 TRUE 3.33333333333333 NA -0.38346432673952 0.5352915538352 TRUE
NA NA NA 2 0 2 TRUE 1.33333333333333 NA -0.0125334808872166 0.802005980752939 TRUE
NA NA NA 2 0 2 TRUE 3 NA -1.1950640822971 0.69351787610129 TRUE
NA NA NA 2 0 2 TRUE 1.66666666666667 NA -1.28619932685186 0.910590225864657 TRUE
NA NA NA 2 0 2 TRUE 1.66666666666667 NA 0.0686488977243551 0.73980158148824 TRUE
NA NA NA 2 0 2 TRUE 1.66666666666667 NA 0.484635689567329 0.751492032883475 TRUE
NA NA NA 2 0 2 TRUE 3.33333333333333 NA -0.865083850689585 0.572446068203394 TRUE
NA NA NA 1 0 1 TRUE 256.333333333333 TRUE -0.102468291038172 0.0754926320670574 TRUE
NA NA NA 2 0 2 TRUE 4 NA -0.156555587550758 0.516174343901581 TRUE
NA NA NA 2 0 2 TRUE 2 NA 0.182461159092728 0.695358502746093 TRUE
NA NA NA 2 0 2 TRUE 1.66666666666667 NA -0.066259414367205 0.769558328995898 TRUE
NA NA NA 2 0 2 TRUE 3 NA -1.45263083165554 0.72401231631148 TRUE
NA NA NA 2 0 2 TRUE 2 NA 0.0253707555225095 0.756633738804637 TRUE
NA NA NA 2 0 2 TRUE 2.33333333333333 NA -1.15298359556705 0.729478952190243 TRUE
NA NA NA 2 0 2 TRUE 2.66666666666667 NA -1.43694135927788 0.811417259259262 TRUE
NA NA NA 1 0 1 TRUE 24.6666666666667 TRUE -0.153213094137698 0.200226353913336 TRUE
NA NA NA 2 0 2 TRUE 2 NA 0.527119434029457 0.619564392274113 TRUE
NA NA NA 1 0 1 TRUE 128.333333333333 TRUE -0.130666294221191 0.0972078881577435 TRUE
NA NA NA 2 0 2 TRUE 2.66666666666667 NA -0.468842418451692 0.665117170383143 TRUE
NA NA NA 2 0 2 TRUE 2 NA -1.25274149061589 0.865408064129725 TRUE
NA NA NA 2 0 2 TRUE 2 NA -0.514825210468769 0.684611783479465 TRUE
NA NA NA 2 0 2 TRUE 4.33333333333333 NA 0.0354586478307709 0.437472844621982 TRUE
NA NA NA 1 0 1 TRUE 217.333333333333 TRUE 0.0414258455315823 0.0795878135349454 TRUE
NA NA NA 2 0 2 TRUE 2 NA -0.380733363436888 0.762068485795244 TRUE
NA NA NA 2 0 2 TRUE 1.33333333333333 NA 0.412434414486648 0.763300906464561 TRUE
NA NA NA 2 0 2 TRUE 2 NA -0.133050274185087 0.790069774327701 TRUE
NA NA NA 2 0 2 TRUE 3 NA -0.141646123242639 0.581608638185912 TRUE
NA NA NA 2 0 2 TRUE 2 NA -0.533279938699541 0.770378125631488 TRUE
NA NA NA 2 0 2 TRUE 2 NA -0.400249854144116 0.694093627504486 TRUE
NA NA NA 2 0 2 TRUE 3 NA -0.0981507692637962 0.57892979550695 TRUE
NA NA NA 2 0 2 TRUE 5.33333333333333 NA -0.381855629700436 0.50268013246909 TRUE
NA NA NA 2 0 2 TRUE 1 NA 0.288927104831922 0.940448931507084 TRUE
NA NA NA 2 0 2 TRUE 1.66666666666667 NA 0.259179515634412 0.726187274809142 TRUE
NA NA NA 2 0 2 TRUE 2.66666666666667 NA -0.165684407092801 0.598232312499654 TRUE
NA NA NA 2 0 2 TRUE 2 NA 0.113111253301041 0.66942035567094 TRUE
NA NA NA 2 0 2 TRUE 1 NA -0.275502565913754 0.974944769583038 TRUE
NA NA NA 2 0 2 TRUE 2 NA -0.346401754188777 0.7447157115905 TRUE
NA NA NA 2 0 2 TRUE 1.66666666666667 NA 0.501013328101838 0.745047473040599 TRUE
NA NA NA 2 0 2 TRUE 1.66666666666667 NA 0.408131604849353 0.750268899321425 TRUE
NA NA NA 2 0 2 TRUE 3 NA 0.361039636326084 0.536001220957269 TRUE
NA NA NA 1 0 1 TRUE 390.666666666667 TRUE -0.127150320747431 0.0654269326295645 TRUE
NA NA NA 2 0 2 TRUE 1.66666666666667 NA -1.02223515501655 0.89448115720894 TRUE
NA NA NA 2 0 2 TRUE 3 NA -0.508186305994366 0.563185020056429 TRUE
NA NA NA 2 0 2 TRUE 3 NA -0.83774438315062 0.590796561174594 TRUE
NA NA NA 2 0 2 TRUE 1.33333333333333 NA 0.351899639394782 0.807806743163991 TRUE
NA NA NA 2 0 2 TRUE 5 NA -0.373773929420939 0.467989121885471 TRUE
NA NA NA 2 0 2 TRUE 1.66666666666667 NA -0.403297088100845 0.771829390015843 TRUE
NA NA NA 2 0 2 TRUE 2.66666666666667 NA -0.27353751119506 0.69369012742945 TRUE
NA NA NA 2 0 2 TRUE 3.66666666666667 NA 0.0426424240756836 0.517942544291375 TRUE
NA NA NA 2 0 2 TRUE 2 NA -0.294309062459938 0.719873006522936 TRUE
NA NA NA 2 0 2 TRUE 2.33333333333333 NA -0.0480872001520195 0.625147502613373 TRUE
NA NA NA 2 0 2 TRUE 1.66666666666667 NA -0.741645503929583 0.869402407738302 TRUE
NA NA NA 2 0 2 TRUE 1.33333333333333 NA 0.544110392453442 0.793800978514186 TRUE
NA NA NA 2 0 2 TRUE 1.33333333333333 NA 0.0939440210687167 0.780837610175637 TRUE
NA NA NA 1 0 1 TRUE 12.3333333333333 TRUE -0.60497595741224 0.3067893360852 TRUE
NA NA NA 2 0 2 TRUE 1.33333333333333 NA 1.05702095281737 0.77010283121456 TRUE
NA NA NA 2 0 2 TRUE 3 NA -0.177357108481161 0.562277434946207 TRUE
NA NA NA 1 0 1 TRUE 130.666666666667 TRUE -0.124379274327444 0.0958086199425695 TRUE
NA NA NA 2 0 2 TRUE 2.33333333333333 NA -0.123858828905684 0.618208790534985 TRUE
NA NA NA 2 0 2 TRUE 1.66666666666667 NA -0.029266883278852 0.720798769574662 TRUE
NA NA NA 2 0 2 TRUE 2 NA -1.26725878839679 0.900021214806539 TRUE
NA NA NA 2 0 2 TRUE 1.33333333333333 NA 0.014748796339418 0.794104445842943 TRUE
NA NA NA 2 0 2 TRUE 1.66666666666667 NA -0.552429452511349 0.780082469976443 TRUE
NA NA NA 2 0 2 TRUE 2.33333333333333 NA -0.0296146092718378 0.62905387065487 TRUE
NA NA NA 2 0 2 TRUE 2.66666666666667 NA -0.198655177488054 0.630222729428301 TRUE
NA NA NA 2 0 2 TRUE 4.66666666666667 NA -1.59892460267573 0.752296447203598 TRUE
NA NA NA 2 0 2 TRUE 3 NA -0.41414609120646 0.581318820892973 TRUE
NA NA NA 1 0 1 TRUE 242 TRUE -0.114929322681873 0.0761625888246245 TRUE
NA NA NA 2 0 2 TRUE 1.66666666666667 NA 0.194100929783697 0.688306811865937 TRUE
NA NA NA 2 0 2 TRUE 1 NA 0.746012436947621 0.865555584616584 TRUE
NA NA NA 2 0 2 TRUE 3.66666666666667 NA 0.431754460081888 0.440409208566046 TRUE
NA NA NA 2 0 2 TRUE 1.33333333333333 NA 0.08061163715503 0.83566661696579 TRUE
NA NA NA 2 0 2 TRUE 1.66666666666667 NA -0.284416835845632 0.829550889822865 TRUE
NA NA NA 2 0 2 TRUE 1.66666666666667 NA 0.0931313486137668 0.741838954951464 TRUE
NA NA NA 2 0 2 TRUE 5.33333333333333 NA -0.876205046562505 0.491319885706259 TRUE
NA NA NA 2 0 2 TRUE 1.66666666666667 NA -0.0282214231848005 0.720338891344324 TRUE
NA NA NA 1 0 1 TRUE 30.6666666666667 TRUE -0.214288508165382 0.186518301412348 TRUE
NA NA NA 3 0 3 TRUE 1.33333333333333 NA 0.014748796339418 0.794104445842943 TRUE
NA NA NA 2 0 2 TRUE 2 NA -0.51427042892581 0.735679500625172 TRUE
NA NA NA 2 0 2 TRUE 2 NA 0.396940633363239 0.644905061243371 TRUE
NA NA NA 2 0 2 TRUE 2 NA -1.02234103949326 0.754339384020746 TRUE
NA NA NA 1 0 1 TRUE 226.333333333333 TRUE -0.107205572141535 0.0778671828037796 TRUE
NA NA NA 2 0 2 TRUE 2 NA -0.222267921425944 0.741825874407885 TRUE
NA NA NA 2 0 2 TRUE 3.33333333333333 NA -1.19898485123201 0.689178570986505 TRUE
NA NA NA 1 0 1 TRUE 218.666666666667 TRUE -0.217183414751613 0.0791059237883358 TRUE
NA NA NA 2 0 2 TRUE 1.66666666666667 NA 0.673719310578948 0.73202483554062 TRUE
NA NA NA 2 0 2 TRUE 1 NA -0.516186647898355 1.01857947820595 TRUE
NA NA NA 2 0 2 TRUE 2.33333333333333 NA -0.215988354932408 0.652627140325979 TRUE
NA NA NA 2 0 2 TRUE 3 NA -0.571096666021658 0.698319130448119 TRUE
NA NA NA 2 0 2 TRUE 1.66666666666667 NA 0.585520925108051 0.710213439251276 TRUE
NA NA NA 2 0 2 TRUE 1.66666666666667 NA -0.181387007730379 0.739609001062648 TRUE
NA NA NA 2 0 2 TRUE 3.66666666666667 NA -0.664239322509381 0.534105084158657 TRUE
NA NA NA 1 0 1 TRUE 248.333333333333 TRUE -0.134016349863687 0.0752805556813121 TRUE
NA NA NA 2 0 2 TRUE 2 NA -0.557707238582896 0.877914246179172 TRUE
NA NA NA 2 0 2 TRUE 1 NA 0.564491073762221 0.930509132989721 TRUE
NA NA NA 2 0 2 TRUE 2.66666666666667 NA -0.49953732945793 0.756108480847288 TRUE
NA NA NA 2 0 2 TRUE 1.33333333333333 NA -0.597319986115163 0.870563144954184 TRUE
NA NA NA 2 0 2 TRUE 3.33333333333333 NA -0.984061444379473 0.574817179690747 TRUE
NA NA NA 1 0 1 TRUE 43.6666666666667 TRUE 0.0687941030627279 0.152000437623291 TRUE
NA NA NA 2 0 2 TRUE 1.66666666666667 NA -0.435525273285587 0.852695409354808 TRUE
NA NA NA 2 0 2 TRUE 2.33333333333333 NA -0.232640820221184 0.678595315496576 TRUE
NA NA NA 2 0 2 TRUE 5.33333333333333 NA 0.152949448382963 0.400096710430805 TRUE
NA NA NA 2 0 2 TRUE 2.33333333333333 NA -0.202991477378491 0.631517589188718 TRUE
NA NA NA 2 0 2 TRUE 1.33333333333333 NA -0.223026855723792 0.802849094693324 TRUE
NA NA NA 1 0 1 TRUE 273.666666666667 TRUE -0.0796117727249141 0.0744760269344086 TRUE
NA NA NA 2 0 2 TRUE 1.66666666666667 NA 0.449658716787725 0.747015285123831 TRUE
NA NA NA 2 0 2 TRUE 2 NA 0.00953217567043726 0.654761118981835 TRUE
NA NA NA 2 0 2 TRUE 1.66666666666667 NA -0.78766382871394 0.811920670941042 TRUE
NA NA NA 2 0 2 TRUE 3 NA 0.53698936047084 0.481314686098628 TRUE
NA NA NA 2 0 2 TRUE 1.66666666666667 NA 0.227713969862602 0.753280363480061 TRUE
NA NA NA 2 0 2 TRUE 2.66666666666667 NA -0.569274482085463 0.660564960778869 TRUE
NA NA NA 1 0 1 TRUE 153.666666666667 TRUE -0.0487531933241232 0.0943283071557169 TRUE
NA NA NA 1 0 1 TRUE 40.3333333333333 TRUE -0.186124537543709 0.157856777169012 TRUE
NA NA NA 2 0 2 TRUE 2 NA -1.5384488818581 0.903752881705468 TRUE
NA NA NA 2 0 2 TRUE 2 NA -0.178209536431788 0.732608862077399 TRUE
NA NA NA 2 0 2 TRUE 2 NA -0.488247606767929 0.809348874271894 TRUE
NA NA NA 1 0 1 TRUE 168.666666666667 TRUE -0.0848584663848114 0.0874017944077009 TRUE
NA NA NA 2 0 2 TRUE 3 NA -0.260023089449947 0.59481715083598 TRUE
NA NA NA 2 0 2 TRUE 1.66666666666667 NA 0.197179928109925 0.677275744880291 TRUE
NA NA NA 2 0 2 TRUE 2.33333333333333 NA -0.263797929983959 0.742420366392574 TRUE
NA NA NA 2 0 2 TRUE 3 NA -0.24252490924038 0.626560892648787 TRUE
NA NA NA 2 0 2 TRUE 1.33333333333333 NA -0.210364236395833 0.867397590758697 TRUE
NA NA NA 1 0 1 TRUE 231.666666666667 TRUE -0.247260599129385 0.0785901082551938 TRUE
NA NA NA 2 0 2 TRUE 2 NA 0.0793993855670649 0.660756691598812 TRUE
NA NA NA 2 0 2 TRUE 1.66666666666667 NA 0.206833933163253 0.708898398015705 TRUE
NA NA NA 2 0 2 TRUE 1.66666666666667 NA 0.582845131196982 0.679045177291741 TRUE
NA NA NA 2 0 2 TRUE 3.33333333333333 NA -0.0726710804774538 0.560282734230988 TRUE
NA NA NA 2 0 2 TRUE 3 NA -0.169575980407063 0.593620270570841 TRUE
NA NA NA 2 0 2 TRUE 2.33333333333333 NA 0.0472247370475625 0.665607514341244 TRUE
NA NA NA 2 0 2 TRUE 2.33333333333333 NA -0.176727085297705 0.615684311571704 TRUE
NA NA NA 2 0 2 TRUE 1 NA 0.524607111019387 0.893810831819365 TRUE
NA NA NA 1 0 1 TRUE 343.333333333333 TRUE -0.237109251780527 0.0678365268483126 TRUE
NA NA NA 2 0 2 TRUE 2.33333333333333 NA -0.575168709539526 0.677247724694469 TRUE
NA NA NA 2 0 2 TRUE 2.33333333333333 NA -0.546666397716395 0.636354324404837 TRUE
NA NA NA 2 0 2 TRUE 1.66666666666667 NA -0.438874582922998 0.746036744808891 TRUE
NA NA NA 2 0 2 TRUE 2.66666666666667 NA 0.300071307560667 0.584343543913375 TRUE
NA NA NA 2 0 2 TRUE 2.66666666666667 NA -0.776158640648474 0.75913957546672 TRUE
NA NA NA 2 0 2 TRUE 1.66666666666667 NA 0.607114267995985 0.734113179186424 TRUE
NA NA NA 2 0 2 TRUE 2.33333333333333 NA -0.0680501424585529 0.666929698688327 TRUE
NA NA NA 2 0 2 TRUE 1.33333333333333 NA -0.976417431015131 0.973905825331892 TRUE
NA NA NA 2 0 2 TRUE 1 NA 0.4275225183625 0.895559385376027 TRUE
NA NA NA 2 0 2 TRUE 1.66666666666667 NA 0.620755472323126 0.750531463191745 TRUE
NA NA NA 1 0 1 TRUE 188 TRUE 0.00512711421467193 0.0866637353708973 TRUE
NA NA NA 2 0 2 TRUE 2.33333333333333 NA -0.400001461135753 0.711161547419298 TRUE
NA NA NA 2 0 2 TRUE 2.33333333333333 NA 0.269867810014165 0.603243563078573 TRUE
NA NA NA 2 0 2 TRUE 2 NA -1.17280849384832 0.827955660962286 TRUE
NA NA NA 2 0 2 TRUE 1.33333333333333 NA -0.688349483030815 0.954271880097513 TRUE
NA NA NA 2 0 2 TRUE 1 NA 0.0428858176954201 0.95183849467357 TRUE
NA NA NA 1 0 1 TRUE 42.3333333333333 TRUE -0.17299563695953 0.156532515985785 TRUE
NA NA NA 1 0 1 TRUE 114 TRUE -0.0820401269637221 0.0994246287560508 TRUE
NA NA NA 2 0 2 TRUE 1.66666666666667 NA 0.592339715350876 0.763376916190904 TRUE
NA NA NA 2 0 2 TRUE 1.66666666666667 NA -0.788793825937038 0.77875094254683 TRUE
NA NA NA 2 0 2 TRUE 3 NA -1.19688936157457 0.751562505066225 TRUE
NA NA NA 1 0 1 TRUE 219.333333333333 TRUE -0.188908950113382 0.0790542626474368 TRUE
NA NA NA 2 0 2 TRUE 1.33333333333333 NA -0.126023015234636 0.790723278222298 TRUE
NA NA NA 2 0 2 TRUE 2 NA 0.000320497179132656 0.675689055246938 TRUE
NA NA NA 2 0 2 TRUE 1.33333333333333 NA 0.0207267412457493 0.849036597846516 TRUE
NA NA NA 2 0 2 TRUE 4.66666666666667 NA -1.50318037224698 0.571016765643348 TRUE
NA NA NA 2 0 2 TRUE 1.66666666666667 NA 0.166056491956006 0.679240371946212 TRUE
NA NA NA 1 0 1 TRUE 195.666666666667 TRUE -0.131940612962742 0.0828508867665231 TRUE
NA NA NA 2 0 2 TRUE 1.33333333333333 NA -0.0456357537250086 0.859024124242157 TRUE
NA NA NA 2 0 2 TRUE 2.66666666666667 NA -0.912992073385095 0.749195475572543 TRUE
NA NA NA 2 0 2 TRUE 3 NA 0.212475162440889 0.540585888072735 TRUE
NA NA NA 2 0 2 TRUE 1.66666666666667 NA 0.472112380324519 0.705800864017171 TRUE
NA NA NA 2 0 2 TRUE 2 NA -0.0657640024987836 0.706644567121822 TRUE
NA NA NA 2 0 2 TRUE 2 NA 0.319969914690322 0.739287137673158 TRUE
NA NA NA 2 0 2 TRUE 1.33333333333333 NA -0.225747427812083 0.857401726281382 TRUE
NA NA NA 2 0 2 TRUE 2.66666666666667 NA -0.040534189173567 0.554777229923488 TRUE
NA NA NA 2 0 2 TRUE 1.33333333333333 NA 0.174359292405638 0.81702050814061 TRUE
NA NA NA 2 0 2 TRUE 2.33333333333333 NA 0.0945300053472225 0.655289942799673 TRUE
NA NA NA 2 0 2 TRUE 2 NA 0.317499016574374 0.660320317377931 TRUE
NA NA NA 2 0 2 TRUE 2.33333333333333 NA 0.164075987920784 0.620051575158266 TRUE
NA NA NA 2 0 2 TRUE 1.66666666666667 NA -0.776982592368827 0.824150524569227 TRUE
NA NA NA 2 0 2 TRUE 1.33333333333333 NA -0.294233848413248 0.842522125764611 TRUE
NA NA NA 1 0 1 TRUE 311.666666666667 TRUE -0.158197549249456 0.0695766619895461 TRUE
NA NA NA 2 0 2 TRUE 1.66666666666667 NA 0.403994176912532 0.756978334371834 TRUE
NA NA NA 2 0 2 TRUE 2 NA -1.38134187330446 0.870942325313878 TRUE
NA NA NA 2 0 2 TRUE 7.33333333333333 NA -1.14745621984738 0.446694351236143 TRUE
NA NA NA 2 0 2 TRUE 2 NA -0.105123411681755 0.67582263243322 TRUE
NA NA NA 2 0 2 TRUE 2 NA 0.704490866052664 0.61146857981783 TRUE
NA NA NA 2 0 2 TRUE 1.66666666666667 NA -0.137550546179214 0.749625641612321 TRUE
NA NA NA 1 0 1 TRUE 143.666666666667 TRUE 0.0165829300321663 0.0952390864297616 TRUE
NA NA NA 2 0 2 TRUE 1.33333333333333 NA -0.124832199084052 0.901540900540432 TRUE
NA NA NA 1 0 1 TRUE 125 TRUE -0.352541285360044 0.099788524803434 TRUE
NA NA NA 2 0 2 TRUE 1.66666666666667 NA -0.422364874131765 0.814758749948115 TRUE
NA NA NA 2 0 2 TRUE 2 NA -0.215542618510848 0.763402900245018 TRUE
NA NA NA 2 0 2 TRUE 1.33333333333333 NA -0.436771159141767 0.914804539692407 TRUE
NA NA NA 1 0 1 TRUE 168 TRUE -0.019107370665449 0.0858204260603578 TRUE
NA NA NA 2 0 2 TRUE 2.33333333333333 NA -0.190270208409845 0.594179250825706 TRUE
NA NA NA 2 0 2 TRUE 1.66666666666667 NA -0.821059927464681 0.835087102311419 TRUE
NA NA NA 2 0 2 TRUE 2.33333333333333 NA -1.08083619811846 0.791269304953237 TRUE
NA NA NA 1 0 1 TRUE 27 TRUE -0.0412105539092402 0.192333258844216 TRUE
NA NA NA 2 0 2 TRUE 3 NA 0.501185665545002 0.500096859780219 TRUE
NA NA NA 2 0 2 TRUE 1.66666666666667 NA -0.986109407733393 0.840525995747514 TRUE
NA NA NA 2 0 2 TRUE 3.33333333333333 NA -0.465800824134169 0.560426651334677 TRUE
NA NA NA 2 0 2 TRUE 4 NA -0.25630726569581 0.481465394231496 TRUE
NA NA NA 2 0 2 TRUE 3.33333333333333 NA -1.0576122804812 0.604621127029118 TRUE
NA NA NA 2 0 2 TRUE 1.33333333333333 NA -0.799112710593887 0.959732300976208 TRUE
NA NA NA 2 0 2 TRUE 1 NA -0.395213332368544 1.01205879223402 TRUE
NA NA NA 2 0 2 TRUE 1.33333333333333 NA -0.471156531701486 0.870205679490862 TRUE
NA NA NA 2 0 2 TRUE 2.33333333333333 NA -0.48968292043812 0.658249875111197 TRUE
NA NA NA 2 0 2 TRUE 2 NA -0.793132848298584 0.734849101548347 TRUE
NA NA NA 1 0 1 TRUE 310 TRUE -0.119423861699629 0.0700413060767657 TRUE
NA NA NA 2 0 2 TRUE 2 NA 0.534139334759685 0.694631716004264 TRUE
NA NA NA 2 0 2 TRUE 1.66666666666667 NA -0.903714082716259 0.882846416704343 TRUE
NA NA NA 2 0 2 TRUE 2 NA -0.20792063764028 0.714483134752607 TRUE
NA NA NA 2 0 2 TRUE 1.66666666666667 NA 0.397769922547712 0.803104719738587 TRUE
NA NA NA 1 0 1 TRUE 201.666666666667 TRUE 0.0757777802806427 0.0801347554208443 TRUE
NA NA NA 2 0 2 TRUE 1.66666666666667 NA 0.546772774019562 0.7200657190017 TRUE
NA NA NA 2 0 2 TRUE 3.33333333333333 NA -0.23427569008019 0.550108446476143 TRUE
NA NA NA 2 0 2 TRUE 1.66666666666667 NA -0.613591120657202 0.888561976706148 TRUE
NA NA NA 1 0 1 TRUE 20.3333333333333 TRUE 0.208825462541296 0.215793245113743 TRUE
NA NA NA 1 0 1 TRUE 110 TRUE -0.242784522518827 0.107438083376092 TRUE
NA NA NA 2 0 2 TRUE 3.33333333333333 NA 0.118297462996576 0.540753486512526 TRUE
NA NA NA 2 0 2 TRUE 2 NA 0.214038370112462 0.674573731556565 TRUE
NA NA NA 2 0 2 TRUE 2.33333333333333 NA -0.493357192557643 0.682255459773521 TRUE
NA NA NA 2 0 2 TRUE 2 NA 0.607908799577946 0.598796810991199 TRUE
NA NA NA 1 0 1 TRUE 356.333333333333 TRUE 0.183120531670283 0.0679275192638008 TRUE
NA NA NA 2 0 2 TRUE 1.66666666666667 NA 0.12308964555479 0.805479155017094 TRUE
NA NA NA 2 0 2 TRUE 3.33333333333333 NA 0.605974966706634 0.470367992195313 TRUE
NA NA NA 2 0 2 TRUE 2.66666666666667 NA -0.173076307068978 0.575004186460491 TRUE
NA NA NA 2 0 2 TRUE 1.66666666666667 NA -0.693019233681928 0.826099807290173 TRUE
NA NA NA 2 0 2 TRUE 3 NA -0.814726423483049 0.678004416273867 TRUE
NA NA NA 2 0 2 TRUE 2.66666666666667 NA 0.459524688305935 0.551074471086718 TRUE
NA NA NA 2 0 2 TRUE 2.33333333333333 NA 0.204492189613902 0.594175269135056 TRUE
NA NA NA 2 0 2 TRUE 3.66666666666667 NA -1.13889843112188 0.617283498892819 TRUE
NA NA NA 2 0 2 TRUE 1.33333333333333 NA -0.226304254057719 0.827687216689472 TRUE
NA NA NA 2 0 2 TRUE 3.66666666666667 NA 0.254993319554893 0.479900412540944 TRUE
NA NA NA 2 0 2 TRUE 2.33333333333333 NA -0.855088000585403 0.69221302094719 TRUE
NA NA NA 2 0 2 TRUE 1.33333333333333 NA -0.228868091502712 0.883523960592558 TRUE
NA NA NA 2 0 2 TRUE 2.66666666666667 NA -1.2213393496688 0.848644567351014 TRUE
NA NA NA 1 0 1 TRUE 241.333333333333 TRUE 0.15026136046729 0.0780839920926818 TRUE
NA NA NA 2 0 2 TRUE 2.66666666666667 NA -1.18618429088314 0.758754200994845 TRUE
NA NA NA 2 0 2 TRUE 1.33333333333333 NA 0.66730258493292 0.791779703743554 TRUE
NA NA NA 2 0 2 TRUE 1.33333333333333 NA 0.381398299384624 0.762909292428661 TRUE
NA NA NA 1 0 1 TRUE 37.6666666666667 TRUE 0.196249270306768 0.163388280960836 TRUE
NA NA NA 2 0 2 TRUE 2 NA 0.14737203003998 0.70316926507858 TRUE
NA NA NA 2 0 2 TRUE 1.66666666666667 NA -0.22635155116528 0.775645683108867 TRUE
NA NA NA 1 0 1 TRUE 162.666666666667 TRUE -0.107996447839568 0.0881017765008433 TRUE
NA NA NA 2 0 2 TRUE 3.33333333333333 NA -0.964427519750533 0.775458139939262 TRUE
NA NA NA 1 0 1 TRUE 159.666666666667 TRUE -0.0908870337884905 0.0948275349756698 TRUE
NA NA NA 2 0 2 TRUE 2.33333333333333 NA 0.487218595874695 0.597806087595991 TRUE
NA NA NA 2 0 2 TRUE 1.66666666666667 NA 0.516126070666321 0.705910299006345 TRUE
NA NA NA 2 0 2 TRUE 2.33333333333333 NA 0.172364328154776 0.661010833355843 TRUE
NA NA NA 2 0 2 TRUE 1.66666666666667 NA 0.0317271554883509 0.722293123376758 TRUE
NA NA NA 1 0 1 TRUE 172.666666666667 TRUE -0.0570178142329868 0.0861511170971652 TRUE
NA NA NA 1 0 1 TRUE 20.3333333333333 TRUE 0.123667223357775 0.213035845240868 TRUE
NA NA NA 2 0 2 TRUE 3.33333333333333 NA -0.206988585553878 0.524320823402092 TRUE
NA NA NA 2 0 2 TRUE 2.66666666666667 NA 0.426861041627003 0.562977823927743 TRUE
NA NA NA 2 0 2 TRUE 2.33333333333333 NA -1.01345732844881 0.843554858488869 TRUE
NA NA NA 2 0 2 TRUE 1.66666666666667 NA -0.333848544786461 0.77610115040077 TRUE
NA NA NA 2 0 2 TRUE 2 NA -0.00137907021376745 0.661577866608603 TRUE
NA NA NA 2 0 2 TRUE 1.66666666666667 NA -0.815885147236908 0.9260339603463 TRUE
NA NA NA 1 0 1 TRUE 350.666666666667 TRUE -0.0360782417532576 0.0666997654393359 TRUE
NA NA NA 2 0 2 TRUE 1.33333333333333 NA 0.329016442201719 0.76587357388206 TRUE
NA NA NA 2 0 2 TRUE 1.66666666666667 NA 1.11339341517284 0.676487542060115 TRUE
NA NA NA 2 0 2 TRUE 1 NA 0.723964705923424 0.860765370967152 TRUE
NA NA NA 2 0 2 TRUE 3 NA -0.464541386604359 0.6334762786843 TRUE
NA NA NA 2 0 2 TRUE 1.66666666666667 NA 0.413559506829196 0.661675769847635 TRUE
NA NA NA 2 0 2 TRUE 1 NA 0.253530420276821 0.947969356666739 TRUE
NA NA NA 2 0 2 TRUE 2 NA -0.623585699949662 0.774525726065224 TRUE
NA NA NA 2 0 2 TRUE 3 NA 0.0573723155213494 0.55876384875148 TRUE
NA NA NA 1 0 1 TRUE 326.666666666667 TRUE -0.0934601314793567 0.0680855909088427 TRUE
NA NA NA 2 0 2 TRUE 1.66666666666667 NA 0.0960098040796651 0.734969456827832 TRUE
NA NA NA 2 0 2 TRUE 1.66666666666667 NA 0.515384122061406 0.725397370348346 TRUE
NA NA NA 2 0 2 TRUE 5.66666666666667 NA -0.264015746509136 0.451542064902829 TRUE
NA NA NA 1 0 1 TRUE 45 TRUE -0.217009617349941 0.152355752591124 TRUE
NA NA NA 1 0 1 TRUE 188.666666666667 TRUE 0.0968067148206773 0.081495412930906 TRUE
NA NA NA 2 0 2 TRUE 2.33333333333333 NA -0.844215751398483 0.775472562994009 TRUE
NA NA NA 2 0 2 TRUE 2.33333333333333 NA -0.0530431331336182 0.639384643716096 TRUE
NA NA NA 2 0 2 TRUE 1.66666666666667 NA -0.127213630843705 0.768514644233807 TRUE
NA NA NA 1 0 1 TRUE 147 TRUE -0.419615918058642 0.0945263307897472 TRUE
NA NA NA 2 0 2 TRUE 1.33333333333333 NA 0.0248262762698156 0.795735954167812 TRUE
NA NA NA 2 0 2 TRUE 1 NA 1.12975837238883 0.860084502583209 TRUE
NA NA NA 1 0 1 TRUE 22.3333333333333 TRUE 0.580423648681301 0.197495123670616 TRUE
NA NA NA 2 0 2 TRUE 1.33333333333333 NA -0.352750237466087 0.836928953995598 TRUE
NA NA NA 2 0 2 TRUE 1.33333333333333 NA 0.157684910470782 0.770320891409171 TRUE
NA NA NA 2 0 2 TRUE 4.33333333333333 NA -0.731838113644522 0.565525163318 TRUE
NA NA NA 1 0 1 TRUE 253 TRUE -0.140173297767795 0.0756732089754031 TRUE
NA NA NA 2 0 2 TRUE 2 NA -0.486264694200898 0.665196190766709 TRUE
NA NA NA 2 0 2 TRUE 1 NA -0.707137072463342 1.03557115949465 TRUE
NA NA NA 2 0 2 TRUE 2.66666666666667 NA -0.0680091319109639 0.595279336475567 TRUE
NA NA NA 2 0 2 TRUE 2 NA -0.951581269948699 0.867594789906427 TRUE
NA NA NA 2 0 2 TRUE 2.33333333333333 NA -0.0571904316082695 0.593316680729262 TRUE
NA NA NA 2 0 2 TRUE 1.33333333333333 NA -0.077220922321959 0.863288779359532 TRUE
NA NA NA 2 0 2 TRUE 1.33333333333333 NA -0.608177407628293 0.880729606512808 TRUE
NA NA NA 1 0 1 TRUE 223.333333333333 TRUE 0.0758390910549561 0.0771013440635015 TRUE
NA NA NA 2 0 2 TRUE 2.33333333333333 NA -1.19818927905346 0.85087983919008 TRUE
NA NA NA 2 0 2 TRUE 2.33333333333333 NA -0.578578966244629 0.642268805204143 TRUE
NA NA NA 2 0 2 TRUE 2 NA 0.0619774211017929 0.665838415284105 TRUE
NA NA NA 1 0 1 TRUE 42.6666666666667 TRUE -0.188106205752605 0.166554796764961 TRUE
NA NA NA 2 0 2 TRUE 1.33333333333333 NA -0.59748382331913 0.917127971168955 TRUE
NA NA NA 2 0 2 TRUE 3 NA -0.00933146995121245 0.53563399152079 TRUE
NA NA NA 1 0 1 TRUE 182.666666666667 TRUE 0.0509814180041858 0.083609804095458 TRUE
NA NA NA 2 0 2 TRUE 2.33333333333333 NA -0.499116898852374 0.644211286788707 TRUE
NA NA NA 1 0 1 TRUE 158.666666666667 TRUE -0.345280518200235 0.0900193965016121 TRUE
NA NA NA 2 0 2 TRUE 3.66666666666667 NA -0.371698675217127 0.56248359456088 TRUE
NA NA NA 1 0 1 TRUE 228.333333333333 TRUE -0.0522890251440012 0.0768776403313833 TRUE
NA NA NA 1 0 1 TRUE 75.6666666666667 TRUE -0.0870903335667064 0.123669989216405 TRUE
NA NA NA 2 0 2 TRUE 2.33333333333333 NA -0.736637270179631 0.65528987593569 TRUE
NA NA NA 2 0 2 TRUE 3.33333333333333 NA 0.167236812223861 0.510617197866272 TRUE
NA NA NA 2 0 2 TRUE 2.66666666666667 NA -1.26852904394161 0.898516902834092 TRUE
NA NA NA 2 0 2 TRUE 4.66666666666667 NA -0.308558638446658 0.517987625897684 TRUE
NA NA NA 2 0 2 TRUE 1.66666666666667 NA -0.78766382871394 0.811920670941042 TRUE
NA NA NA 2 0 2 TRUE 1.66666666666667 NA 0.378409707604527 0.710916662827475 TRUE
NA NA NA 2 0 2 TRUE 2.33333333333333 NA -0.441646733526587 0.670504679669402 TRUE
NA NA NA 1 0 1 TRUE 476.666666666667 TRUE -0.136532471812524 0.0609767700647138 TRUE
NA NA NA 2 0 2 TRUE 2 NA -0.120421715023353 0.694200104269532 TRUE
NA NA NA 2 0 2 TRUE 3 NA -1.09676050189174 0.657063618140072 TRUE
NA NA NA 2 0 2 TRUE 2.66666666666667 NA -0.582367134908195 0.633599348584214 TRUE
NA NA NA 2 0 2 TRUE 1.66666666666667 NA 0.101569107144335 0.767290035849992 TRUE
NA NA NA 2 0 2 TRUE 3.66666666666667 NA -0.353667444046017 0.508315979974089 TRUE
NA NA NA 2 0 2 TRUE 2.33333333333333 NA -1.6256858263537 0.85618539958477 TRUE
NA NA NA 1 0 1 TRUE 54.3333333333333 TRUE 0.0976258811516856 0.138159141849604 TRUE
NA NA NA 2 0 2 TRUE 1.33333333333333 NA -0.377229638430397 0.830473455346704 TRUE
NA NA NA 1 0 1 TRUE 136 TRUE -0.279924032379414 0.0952262299670907 TRUE
NA NA NA 2 0 2 TRUE 1.66666666666667 NA 0.107822583179281 0.808586821391418 TRUE
NA NA NA 2 0 2 TRUE 1.33333333333333 NA -0.192362031924898 0.902192658436225 TRUE
NA NA NA 2 0 2 TRUE 3 NA 0.0113204464660395 0.532652226387518 TRUE
NA NA NA 1 0 1 TRUE 263.666666666667 TRUE -0.0208901410949991 0.0739912712060785 TRUE
NA NA NA 2 0 2 TRUE 1.66666666666667 NA -0.55639076010052 0.843494326301405 TRUE
NA NA NA 2 0 2 TRUE 2 NA -0.314541905293435 0.752875381358122 TRUE
NA NA NA 2 0 2 TRUE 3.33333333333333 NA -0.541122670293083 0.628080689543533 TRUE
NA NA NA 1 0 1 TRUE 164 TRUE 0.164955471046101 0.0915312559567256 TRUE
NA NA NA 2 0 2 TRUE 1.66666666666667 NA -1.11375390722753 0.925843786423965 TRUE
NA NA NA 1 0 1 TRUE 52.3333333333333 TRUE -0.189323297640464 0.148348406330828 TRUE
NA NA NA 2 0 2 TRUE 2 NA -0.0509900775839766 0.659139029267748 TRUE
NA NA NA 2 0 2 TRUE 3 NA 0.432398075229442 0.500005497478181 TRUE
NA NA NA 2 0 2 TRUE 2.33333333333333 NA -0.25111452421886 0.659283525926345 TRUE
NA NA NA 1 0 1 TRUE 213.333333333333 TRUE -0.313635610320457 0.0815576974812988 TRUE
NA NA NA 1 0 1 TRUE 27.3333333333333 TRUE -0.136199188440357 0.195752737864734 TRUE
NA NA NA 2 0 2 TRUE 3 NA -0.869765993477867 0.674848747704511 TRUE
NA NA NA 1 0 1 TRUE 160 TRUE 0.433328762860158 0.0861498794883566 TRUE
NA NA NA 2 0 2 TRUE 1.33333333333333 NA -0.832277847314301 0.885392951110112 TRUE
NA NA NA 2 0 2 TRUE 2.66666666666667 NA 0.246997191756107 0.557236284447757 TRUE
NA NA NA 2 0 2 TRUE 1 NA 0.280895048362698 0.937737615735093 TRUE
NA NA NA 2 0 2 TRUE 4 NA -0.980429292437727 0.57944523507561 TRUE
NA NA NA 2 0 2 TRUE 5 NA -0.0802932794218122 0.417103816199974 TRUE
NA NA NA 2 0 2 TRUE 2.66666666666667 NA 0.270178204876714 0.633758956206334 TRUE
NA NA NA 2 0 2 TRUE 2.33333333333333 NA 0.916008573281762 0.556025279926329 TRUE
NA NA NA 1 0 1 TRUE 349.666666666667 TRUE 0.673471455087473 0.0641132889476135 TRUE
NA NA NA 2 0 2 TRUE 2 NA -0.423271272317813 0.755869356479792 TRUE
NA NA NA 2 0 2 TRUE 1.66666666666667 NA -0.5273920654831 0.803777343992181 TRUE
NA NA NA 2 0 2 TRUE 1 NA 0.810664243710516 0.868730374184776 TRUE
NA NA NA 2 0 2 TRUE 2 NA 0.38856803333782 0.656009799852723 TRUE
NA NA NA 2 0 2 TRUE 1.66666666666667 NA -0.0884046157347021 0.782252576227478 TRUE
NA NA NA 2 0 2 TRUE 1.33333333333333 NA 0.933520372770644 0.777260256437922 TRUE
NA NA NA 2 0 2 TRUE 1.66666666666667 NA -0.370289348711667 0.730687357016101 TRUE
NA NA NA 2 0 2 TRUE 4 NA -1.38568805759448 0.598352379583226 TRUE
NA NA NA 1 0 1 TRUE 178 TRUE -0.0047631603902762 0.0886937617735238 TRUE
NA NA NA 1 0 1 TRUE 201.666666666667 TRUE 0.0236594627396119 0.0813690545701536 TRUE
NA NA NA 1 0 1 TRUE 158 TRUE 0.0141331400863472 0.0897030133152918 TRUE
NA NA NA 2 0 2 TRUE 3.33333333333333 NA 0.0645296433444023 0.560061685281746 TRUE
NA NA NA 2 0 2 TRUE 3.33333333333333 NA -0.394821553436446 0.55854871383583 TRUE
NA NA NA 2 0 2 TRUE 2 NA -0.679251908404157 0.752146602989074 TRUE
NA NA NA 1 0 1 TRUE 334.333333333333 TRUE -0.173989890894895 0.0686213310860544 TRUE
NA NA NA 2 0 2 TRUE 1.33333333333333 NA 0.380836378542616 0.751881223170962 TRUE
NA NA NA 2 0 2 TRUE 2.33333333333333 NA 0.530408120758801 0.549245550632829 TRUE
NA NA NA 2 0 2 TRUE 1.66666666666667 NA 1.01639810298125 0.699633527795688 TRUE
NA NA NA 2 0 2 TRUE 3 NA -0.527355231432581 0.587825034140993 TRUE
NA NA NA 1 0 1 TRUE 136.333333333333 TRUE 0.0333609427845398 0.0933477028268032 TRUE
NA NA NA 2 0 2 TRUE 2.33333333333333 NA -0.324652905298762 0.660976826137799 TRUE
NA NA NA 2 0 2 TRUE 2.33333333333333 NA -0.874414915592095 0.726717518057179 TRUE
NA NA NA 1 0 1 TRUE 293.333333333333 TRUE -0.223950087400069 0.073867695536269 TRUE
NA NA NA 2 0 2 TRUE 2 NA -0.75480678187917 0.835187483775721 TRUE
NA NA NA 2 0 2 TRUE 2.33333333333333 NA -0.95193361549384 0.805646975803965 TRUE
NA NA NA 2 0 2 TRUE 2 NA -0.0422485713592149 0.693745191631478 TRUE
NA NA NA 1 0 1 TRUE 188.666666666667 TRUE 0.0973411348717488 0.0867593447955579 TRUE
NA NA NA 1 0 1 TRUE 40 TRUE -0.171549645173867 0.166643213183711 TRUE
NA NA NA 2 0 2 TRUE 1.66666666666667 NA -0.770653031482687 0.901853242149561 TRUE
NA NA NA 2 0 2 TRUE 2.66666666666667 NA -0.652791381364979 0.661156842667702 TRUE
NA NA NA 2 0 2 TRUE 2.66666666666667 NA -0.466520558718718 0.605010542011461 TRUE
NA NA NA 1 0 1 TRUE 246.333333333333 TRUE -0.338975718071009 0.0782974596970716 TRUE
NA NA NA 2 0 2 TRUE 1.33333333333333 NA 0.0125195753115413 0.889742522205546 TRUE
NA NA NA 2 0 2 TRUE 3 NA -1.81494613322554 0.808600065896546 TRUE
NA NA NA 2 0 2 TRUE 1.33333333333333 NA -0.193946346243389 0.81355600648281 TRUE
NA NA NA 2 0 2 TRUE 1.66666666666667 NA -0.587538107424621 0.835485415654594 TRUE
NA NA NA 2 0 2 TRUE 1.66666666666667 NA 0.0995786079417536 0.765925898070164 TRUE
NA NA NA 1 0 1 TRUE 334 TRUE -0.201258111646574 0.0696351247018852 TRUE
NA NA NA 2 0 2 TRUE 2.33333333333333 NA 0.365406148645027 0.624419969121803 TRUE
NA NA NA 2 0 2 TRUE 3.66666666666667 NA -0.633956200765579 0.613253301914176 TRUE
NA NA NA 2 0 2 TRUE 1.33333333333333 NA -0.294233848413248 0.842522125764611 TRUE
NA NA NA 1 0 1 TRUE 185 TRUE 0.0385137607742239 0.0861117528140569 TRUE
NA NA NA 2 0 2 TRUE 1 NA 0.775423515271534 0.921254052394 TRUE
NA NA NA 1 0 1 TRUE 191 TRUE 0.0391998658802354 0.0826288052406027 TRUE
NA NA NA 1 0 1 TRUE 153 TRUE -0.140703382677809 0.0921392110636093 TRUE
NA NA NA 2 0 2 TRUE 1.33333333333333 NA -0.109062914551394 0.900389896316529 TRUE
NA NA NA 1 0 1 TRUE 36.3333333333333 TRUE -0.0147387361398739 0.162775116701998 TRUE
NA NA NA 1 0 1 TRUE 192.666666666667 TRUE -0.222860894223327 0.0843147627000048 TRUE
NA NA NA 1 0 1 TRUE 171 TRUE -0.0328177942422143 0.0879705500534542 TRUE
NA NA NA 2 0 2 TRUE 1.33333333333333 NA 0.85276759412482 0.785694053596042 TRUE
NA NA NA 1 0 1 TRUE 340.666666666667 TRUE -0.0738584156854607 0.0685586090955355 TRUE
NA NA NA 1 0 1 TRUE 12.3333333333333 TRUE 0.0185490304594636 0.28008367489873 TRUE
NA NA NA 1 0 1 TRUE 222.666666666667 TRUE -0.0762574074867807 0.0795510098307165 TRUE
NA NA NA 1 0 1 TRUE 173.666666666667 TRUE -0.0163190320254377 0.0888878043966563 TRUE
NA NA NA 1 0 1 TRUE 37.6666666666667 TRUE -0.657583939425125 0.18446125584866 TRUE
NA NA NA 1 0 1 TRUE 125 TRUE -0.0785236698138276 0.0990422941972188 TRUE
NA NA NA 2 0 2 TRUE 3 NA 0.186186845109562 0.510865175425337 TRUE
NA NA NA 1 0 1 TRUE 362.333333333333 TRUE -0.0441689387477062 0.0665598592911602 TRUE
NA NA NA 2 0 2 TRUE 3 NA -0.753212497403467 0.727836592689479 TRUE
NA NA NA 1 0 1 TRUE 43.3333333333333 TRUE -0.43741702843681 0.164509517986542 TRUE
NA NA NA 1 0 1 TRUE 96.3333333333333 TRUE -0.147070755628791 0.110241176746153 TRUE
NA NA NA 2 0 2 TRUE 2.66666666666667 NA -1.03559639965754 0.741553591661644 TRUE
NA NA NA 1 0 1 TRUE 264 TRUE 0.0164022386916002 0.0739961109575799 TRUE
NA NA NA 2 0 2 TRUE 2.33333333333333 NA -0.799177828308811 0.739432913055766 TRUE
NA NA NA 1 0 1 TRUE 39.3333333333333 TRUE 0.0522393896399536 0.159004988922965 TRUE
NA NA NA 1 0 1 TRUE 132 TRUE -0.147690075875375 0.0969756038011723 TRUE
NA NA NA 1 0 1 TRUE 144.333333333333 TRUE 0.214284787506471 0.0927206860783733 TRUE
NA NA NA 1 0 1 TRUE 324.666666666667 TRUE -0.243635342452668 0.0711016477446881 TRUE
NA NA NA 1 0 1 TRUE 240.666666666667 TRUE -0.165872318008952 0.0780090522142927 TRUE
NA NA NA 1 0 1 TRUE 36.6666666666667 TRUE -0.259910270765534 0.170315848245317 TRUE
NA NA NA 1 0 1 TRUE 401.333333333333 TRUE -0.0898452216764903 0.0653806488923079 TRUE
NA NA NA 2 0 2 TRUE 1.66666666666667 NA -0.76021946643466 0.899774740013843 TRUE
NA NA NA 1 0 1 TRUE 171.666666666667 TRUE -0.190107033900038 0.0898120340367529 TRUE
NA NA NA 1 0 1 TRUE 142 TRUE -0.181263572905556 0.0960646386868714 TRUE
NA NA NA 1 0 1 TRUE 97.6666666666667 TRUE 0.0924807654877247 0.109207997564136 TRUE
NA NA NA 1 0 1 TRUE 40.3333333333333 TRUE -0.181890053141657 0.161237186999942 TRUE
NA NA NA 1 0 1 TRUE 185 TRUE -0.123214102980318 0.085781547558139 TRUE
NA NA NA 1 0 1 TRUE 316.333333333333 TRUE -0.182845782317316 0.071357102558855 TRUE
NA NA NA 1 0 1 TRUE 141 TRUE -0.0466840257754005 0.09494015376554 TRUE
NA NA NA 2 0 2 TRUE 1.66666666666667 NA -0.598202046975048 0.855698266001062 TRUE
NA NA NA 1 0 1 TRUE 208 TRUE 0.0581323943437083 0.0814206901933315 TRUE
NA NA NA 2 0 2 TRUE 2 NA -0.172798245648365 0.796268200821203 TRUE
NA NA NA 1 0 1 TRUE 200.333333333333 TRUE -0.0148429153135691 0.0815910381795738 TRUE
NA NA NA 2 0 2 TRUE 1.66666666666667 NA -0.128667808625581 0.723378907759814 TRUE
NA NA NA 1 0 1 TRUE 205.333333333333 TRUE -0.0639519478136377 0.0820563404311117 TRUE
NA NA NA 1 0 1 TRUE 35.6666666666667 TRUE -0.317073178356033 0.179193635035392 TRUE
NA NA NA 1 0 1 TRUE 158.666666666667 TRUE -0.0430591592865214 0.090651474116274 TRUE
NA NA NA 1 0 1 TRUE 317.666666666667 TRUE -0.225947226043795 0.0705280310100284 TRUE
NA NA NA 2 0 2 TRUE 3.66666666666667 NA -0.575444502577375 0.532218862709594 TRUE
NA NA NA 1 0 1 TRUE 261 TRUE -0.0489831408646587 0.0743480613153751 TRUE
NA NA NA 2 0 2 TRUE 1.33333333333333 NA -0.228868091502712 0.883523960592558 TRUE
NA NA NA 2 0 2 TRUE 2.33333333333333 NA -0.566419327501792 0.755206534002038 TRUE
NA NA NA 1 0 1 TRUE 122 TRUE -0.263043681240444 0.100330416851935 TRUE
NA NA NA 1 0 1 TRUE 180 TRUE -0.100646536652156 0.0871003032926269 TRUE
NA NA NA 1 0 1 TRUE 25.6666666666667 TRUE 0.126865839672031 0.19817893385421 TRUE
NA NA NA 1 0 1 TRUE 156.333333333333 TRUE -0.118834141742099 0.0906137989670755 TRUE
NA NA NA 2 0 2 TRUE 1.33333333333333 NA -1.08940801136438 0.96038688918249 TRUE
NA NA NA 1 0 1 TRUE 37.6666666666667 TRUE -0.311751138043629 0.176286652731874 TRUE
NA NA NA 1 0 1 TRUE 233.333333333333 TRUE -0.306222477353957 0.0791285246289944 TRUE
NA NA NA 2 0 2 TRUE 1.66666666666667 NA -0.0446181677818263 0.783223373785134 TRUE
NA NA NA 2 0 2 TRUE 2.66666666666667 NA -0.745759126797033 0.612958401539691 TRUE
NA NA NA 2 0 2 TRUE 3.33333333333333 NA -0.771494468415678 0.838269916290871 TRUE
NA NA NA 2 0 2 TRUE 3.66666666666667 NA -2.02137570754685 0.786721699147441 TRUE
NA NA NA 2 0 2 TRUE 2 NA 0.218493647317548 0.66925771292255 TRUE
NA NA NA 2 0 2 TRUE 3.66666666666667 NA -0.0904496864144068 0.519673247119537 TRUE
NA NA NA 1 0 1 TRUE 365 TRUE -0.200519398907497 0.0664363573747421 TRUE
NA NA NA 1 0 1 TRUE 52.3333333333333 TRUE -0.0395405712648734 0.139449200327134 TRUE
NA NA NA 2 0 2 TRUE 2.66666666666667 NA -1.08117767577907 0.719002176826562 TRUE
NA NA NA 1 0 1 TRUE 103 TRUE -0.046017117687017 0.105352784788415 TRUE
NA NA NA 1 0 1 TRUE 21.6666666666667 TRUE 0.367464376844321 0.207675151073797 TRUE
NA NA NA 2 0 2 TRUE 1.66666666666667 NA -0.715516747900908 0.845664215752706 TRUE
NA NA NA 1 0 1 TRUE 227.333333333333 TRUE 0.441660705867154 0.0779206133652363 TRUE
NA NA NA 2 0 2 TRUE 2 NA -0.17400241021174 0.677427315006864 TRUE
NA NA NA 2 0 2 TRUE 3.33333333333333 NA -0.327763052846065 0.598719235840798 TRUE
NA NA NA 2 0 2 TRUE 3.33333333333333 NA 0.0331081961258774 0.601705044071565 TRUE
NA NA NA 2 0 2 TRUE 1.33333333333333 NA -0.562146913074265 0.922970416380112 TRUE
NA NA NA 2 0 2 TRUE 2 NA -0.0330712365864138 0.629018718856131 TRUE
NA NA NA 2 0 2 TRUE 2 NA -0.668990462399695 0.752145833073659 TRUE
NA NA NA 2 0 2 TRUE 1.66666666666667 NA 0.46694050593275 0.707954145112932 TRUE
NA NA NA 1 0 1 TRUE 434 TRUE 0.596286240718325 0.0613203072911363 TRUE
NA NA NA 2 0 2 TRUE 2 NA 0.562393660095991 0.648914068273102 TRUE
NA NA NA 2 0 2 TRUE 5 NA 0.12222472982545 0.443202793396881 TRUE
NA NA NA 2 0 2 TRUE 3 NA 0.0018030307457756 0.591961469933888 TRUE
NA NA NA 2 0 2 TRUE 2 NA -0.727449758950527 0.745948114972262 TRUE
NA NA NA 1 0 1 TRUE 17.6666666666667 TRUE 0.318496477490593 0.234787964940424 TRUE
NA NA NA 1 0 1 TRUE 166.333333333333 TRUE 0.406985552962113 0.0840532134537157 TRUE
NA NA NA 2 0 2 TRUE 1 NA -0.3074858601019 1.00860971099017 TRUE
NA NA NA 2 0 2 TRUE 2 NA 1.23366403683633 0.562582970126923 TRUE
NA NA NA 2 0 2 TRUE 1.33333333333333 NA 0.420601718625853 0.766703725075979 TRUE
NA NA NA 2 0 2 TRUE 2.33333333333333 NA -0.062381453355753 0.589753118666618 TRUE
NA NA NA 2 0 2 TRUE 3.33333333333333 NA -1.0532644600592 0.651263494280097 TRUE
NA NA NA 1 0 1 TRUE 223 TRUE -0.240492934423422 0.0790790090782908 TRUE
NA NA NA 2 0 2 TRUE 2.66666666666667 NA -0.143887897329056 0.653966766032944 TRUE
NA NA NA 1 0 1 TRUE 140.666666666667 TRUE -0.110986317912031 0.0927977111773577 TRUE
NA NA NA 2 0 2 TRUE 2.66666666666667 NA -0.446439748788744 0.59419082429306 TRUE
NA NA NA 2 0 2 TRUE 2 NA -0.39895541023473 0.860443078193848 TRUE
NA NA NA 2 0 2 TRUE 3.66666666666667 NA -1.39988327084886 0.676145628253778 TRUE
NA NA NA 2 0 2 TRUE 3 NA -0.154671051692565 0.586412207557312 TRUE
NA NA NA 2 0 2 TRUE 2.66666666666667 NA -0.0872255225641578 0.600413028481376 TRUE
NA NA NA 2 0 2 TRUE 2.33333333333333 NA -0.855088000585403 0.69221302094719 TRUE
NA NA NA 1 0 1 TRUE 297.666666666667 TRUE -0.122057329333918 0.0708970316359052 TRUE
NA NA NA 2 0 2 TRUE 1.33333333333333 NA -0.665182404159547 0.937043064588798 TRUE
NA NA NA 2 0 2 TRUE 2 NA -0.219681195909931 0.68613013837797 TRUE
NA NA NA 2 0 2 TRUE 1 NA 0.50952305167101 0.900913209235096 TRUE
NA NA NA 1 0 1 TRUE 33 TRUE -0.0146918113845016 0.173225003186091 TRUE
NA NA NA 2 0 2 TRUE 7.33333333333333 NA -1.32398566224397 0.443742664528133 TRUE
NA NA NA 2 0 2 TRUE 2.33333333333333 NA -0.53616875350899 0.772625466690195 TRUE
NA NA NA 2 0 2 TRUE 1.66666666666667 NA 0.346456714297577 0.670456365575256 TRUE
NA NA NA 1 0 1 TRUE 197.666666666667 TRUE -0.0942743146180449 0.0814252127035061 TRUE
NA NA NA 2 0 2 TRUE 1.33333333333333 NA -0.247272557761138 0.903728818492418 TRUE
NA NA NA 2 0 2 TRUE 2.33333333333333 NA -0.483705377269673 0.752547849355327 TRUE
NA NA NA 2 0 2 TRUE 5 NA -0.424110325076275 0.466697961099909 TRUE
NA NA NA 2 0 2 TRUE 4 NA -0.769812880426719 0.56400111012735 TRUE
NA NA NA 2 0 2 TRUE 3 NA -0.537937714358735 0.663572170299162 TRUE
NA NA NA 2 0 2 TRUE 1.66666666666667 NA -0.160105408158613 0.749422123875134 TRUE
NA NA NA 2 0 2 TRUE 1.66666666666667 NA 0.232549098312216 0.752844446930153 TRUE
NA NA NA 1 0 1 TRUE 352 TRUE -0.0663742148998574 0.0664308498114465 TRUE
NA NA NA 2 0 2 TRUE 3 NA -0.845115186369217 0.687225738993667 TRUE
NA NA NA 2 0 2 TRUE 2 NA 0.647702437764018 0.651657672776184 TRUE
NA NA NA 1 0 1 TRUE 58.6666666666667 TRUE -0.255061568730302 0.140321068070892 TRUE
NA NA NA 2 0 2 TRUE 2.33333333333333 NA 0.463884115797829 0.552663896394903 TRUE
NA NA NA 2 0 2 TRUE 1.33333333333333 NA 0.0895213095136084 0.858958672665491 TRUE
NA NA NA 2 0 2 TRUE 4 NA -0.27944741054617 0.502953669162964 TRUE
NA NA NA 1 0 1 TRUE 274.333333333333 TRUE 0.0482520245485743 0.0727219120650785 TRUE
NA NA NA 2 0 2 TRUE 2.33333333333333 NA 0.091145863677322 0.639509977084428 TRUE
NA NA NA 2 0 2 TRUE 1.66666666666667 NA -0.166197962999989 0.714969846894308 TRUE
NA NA NA 1 0 1 TRUE 210.333333333333 TRUE -0.0813692728939673 0.0807625681288189 TRUE
NA NA NA 2 0 2 TRUE 2.33333333333333 NA -0.54039320870436 0.661450446272871 TRUE
NA NA NA 2 0 2 TRUE 3 NA -1.00073308557629 0.780978972130219 TRUE
NA NA NA 2 0 2 TRUE 3 NA -0.17501083268383 0.555208698057219 TRUE
NA NA NA 2 0 2 TRUE 3 NA -0.125170035663086 0.531025982304601 TRUE
NA NA NA 2 0 2 TRUE 2 NA -0.309497177613152 0.774304672485704 TRUE
NA NA NA 2 0 2 TRUE 4.33333333333333 NA -0.369825663065195 0.493187360168778 TRUE
NA NA NA 2 0 2 TRUE 1.33333333333333 NA -0.112485253822236 0.832355740281009 TRUE
NA NA NA 2 0 2 TRUE 3 NA -0.977389159814265 0.632131303059826 TRUE
NA NA NA 1 0 1 TRUE 322.666666666667 TRUE -0.164835490454558 0.0700653089993822 TRUE
NA NA NA 2 0 2 TRUE 2.33333333333333 NA -1.38579096558515 0.829585510204253 TRUE
NA NA NA 2 0 2 TRUE 1.33333333333333 NA 0.132735738862548 0.81833311317702 TRUE
NA NA NA 2 0 2 TRUE 3 NA 0.476869493352357 0.527294238377874 TRUE
NA NA NA 2 0 2 TRUE 1.33333333333333 NA 0.147220273471407 0.832914521533966 TRUE
NA NA NA 2 0 2 TRUE 1.33333333333333 NA -0.688349483030815 0.954271880097513 TRUE
NA NA NA 1 0 1 TRUE 238.333333333333 TRUE -0.0141030618913009 0.0765184700745244 TRUE
NA NA NA 2 0 2 TRUE 3.33333333333333 NA 0.00689815851986434 0.534483955403757 TRUE
NA NA NA 1 0 1 TRUE 122.666666666667 TRUE 0.242219650557184 0.0938173998826621 TRUE
NA NA NA 2 0 2 TRUE 2 NA 0.077837102989727 0.704720968404361 TRUE
NA NA NA 2 0 2 TRUE 1.66666666666667 NA -0.124806874396476 0.779293282243585 TRUE
NA NA NA 1 0 1 TRUE 119.666666666667 TRUE 0.0957955061080875 0.0978083548465928 TRUE
NA NA NA 2 0 2 TRUE 2.33333333333333 NA -0.426426301171724 0.743508268986521 TRUE
NA NA NA 2 0 2 TRUE 3 NA 0.245452463560485 0.519533892474699 TRUE
NA NA NA 2 0 2 TRUE 2.33333333333333 NA 0.573665214339314 0.564698179855797 TRUE
NA NA NA 2 0 2 TRUE 2 NA 0.201842847065244 0.667409447940537 TRUE
NA NA NA 2 0 2 TRUE 1.66666666666667 NA 0.259058539493604 0.716367728765215 TRUE
NA NA NA 2 0 2 TRUE 1.33333333333333 NA -0.318666983619765 0.863964209960151 TRUE
NA NA NA 2 0 2 TRUE 1.66666666666667 NA -0.55639076010052 0.843494326301405 TRUE
NA NA NA 2 0 2 TRUE 2 NA -0.331100521273724 0.708077683391429 TRUE
NA NA NA 2 0 2 TRUE 1.66666666666667 NA -0.217392886715108 0.724516406792505 TRUE
NA NA NA 2 0 2 TRUE 2.66666666666667 NA -0.391468353435246 0.600137236089067 TRUE
NA NA NA 2 0 2 TRUE 1.66666666666667 NA 0.514429256793429 0.707383110585839 TRUE
NA NA NA 2 0 2 TRUE 3.33333333333333 NA -0.684741321013491 0.56204714573024 TRUE
NA NA NA 2 0 2 TRUE 3.66666666666667 NA 0.163452240075958 0.482987873024764 TRUE
NA NA NA 1 0 1 TRUE 375.666666666667 TRUE 0.265652786255858 0.0636400479897206 TRUE
NA NA NA 2 0 2 TRUE 3 NA -0.746528690528846 0.651557716362167 TRUE
NA NA NA 2 0 2 TRUE 1.33333333333333 NA 0.0447451743223699 0.797961034829099 TRUE
NA NA NA 2 0 2 TRUE 3 NA -0.61211650629784 0.604503840422548 TRUE
NA NA NA 2 0 2 TRUE 1.33333333333333 NA 0.431900043468701 0.761953917950295 TRUE
NA NA NA 2 0 2 TRUE 2.33333333333333 NA 0.647035293542183 0.61284440939665 TRUE
NA NA NA 2 0 2 TRUE 1.33333333333333 NA 0.0955250646112236 0.834006547463918 TRUE
NA NA NA 3 0 3 TRUE 1.66666666666667 NA -0.0616430717219641 0.812552649589049 TRUE
NA NA NA 2 0 2 TRUE 2 NA -0.792384285331126 0.843039127068105 TRUE
NA NA NA 2 0 2 TRUE 3 NA -0.694567297217974 0.610800889717634 TRUE
NA NA NA 2 0 2 TRUE 1.66666666666667 NA -0.680085912337562 0.759376651661403 TRUE
NA NA NA 2 0 2 TRUE 1.33333333333333 NA -0.608177407628293 0.880729606512808 TRUE
NA NA NA 1 0 1 TRUE 242 TRUE 9.85959403997372e-05 0.0761691583729244 TRUE
NA NA NA 2 0 2 TRUE 2.66666666666667 NA -0.437544769225616 0.604385726610694 TRUE
NA NA NA 1 0 1 TRUE 28.6666666666667 TRUE 0.104323021287763 0.181336708691985 TRUE
NA NA NA 2 0 2 TRUE 2 NA 0.0537094175243709 0.653911669395319 TRUE
NA NA NA 1 0 1 TRUE 180.666666666667 TRUE -0.102772913036574 0.084632295659816 TRUE
NA NA NA 2 0 2 TRUE 2.33333333333333 NA -0.541433419848591 0.67522070228501 TRUE
NA NA NA 2 0 2 TRUE 4 NA 0.120233126230211 0.49252924443605 TRUE
NA NA NA 2 0 2 TRUE 1 NA -0.0057163602156266 0.925037261378514 TRUE
NA NA NA 2 0 2 TRUE 2 NA -0.52855820992451 0.742910640573415 TRUE
NA NA NA 2 0 2 TRUE 3 NA -0.983698758493501 0.634459514142172 TRUE
NA NA NA 2 0 2 TRUE 1.33333333333333 NA 0.142124842205727 0.792547760175672 TRUE
NA NA NA 2 0 2 TRUE 2 NA -0.846955391856909 0.792644883992881 TRUE
NA NA NA 2 0 2 TRUE 2 NA -0.542932083457295 0.711133483284344 TRUE
NA NA NA 2 0 2 TRUE 3.33333333333333 NA -1.31300005531929 0.677697760363326 TRUE
NA NA NA 1 0 1 TRUE 260.333333333333 TRUE -0.149080171975209 0.0740466665212208 TRUE
NA NA NA 2 0 2 TRUE 1.66666666666667 NA -0.821059927464681 0.835087102311419 TRUE
NA NA NA 2 0 2 TRUE 2.33333333333333 NA -0.152270891787522 0.662036129406881 TRUE
NA NA NA 2 0 2 TRUE 1.66666666666667 NA -0.880723274347345 0.894739616647116 TRUE
NA NA NA 2 0 2 TRUE 2.33333333333333 NA -0.678459743396031 0.767523416940914 TRUE
NA NA NA 2 0 2 TRUE 2 NA 0.281759746278976 0.643069843985715 TRUE
NA NA NA 2 0 2 TRUE 3.33333333333333 NA -0.842218866420324 0.616068308300765 TRUE
NA NA NA 1 0 1 TRUE 47 TRUE -0.098773835245443 0.154831198401435 TRUE
NA NA NA 2 0 2 TRUE 1.66666666666667 NA 0.367102437299293 0.713094895192166 TRUE
NA NA NA 2 0 2 TRUE 1.66666666666667 NA 0.112941372493239 0.802589359898247 TRUE
NA NA NA 1 0 1 TRUE 321 TRUE 0.0981941114332726 0.0719737063371516 TRUE
NA NA NA 2 0 2 TRUE 2.33333333333333 NA -0.529465030661395 0.807483262921652 TRUE
NA NA NA 2 0 2 TRUE 1 NA 0.429049554494003 0.914198626633686 TRUE
NA NA NA 2 0 2 TRUE 4.66666666666667 NA -0.453366080309747 0.513160896772822 TRUE
NA NA NA 2 0 2 TRUE 4 NA -0.668453434818056 0.540911128038811 TRUE
NA NA NA 2 0 2 TRUE 1.66666666666667 NA -0.770653031482687 0.901853242149561 TRUE
NA NA NA 2 0 2 TRUE 1.33333333333333 NA 0.620598553440006 0.740333361397681 TRUE
NA NA NA 2 0 2 TRUE 4.33333333333333 NA -0.716554582747756 0.496773111477999 TRUE
NA NA NA 2 0 2 TRUE 2 NA -0.554399992047216 0.730879265104589 TRUE
NA NA NA 2 0 2 TRUE 2 NA -0.796397322350906 0.746388773012637 TRUE
NA NA NA 2 0 2 TRUE 2 NA -0.119133126295695 0.729726678217665 TRUE
NA NA NA 2 0 2 TRUE 2.66666666666667 NA -0.596017575636684 0.671201993990543 TRUE
NA NA NA 2 0 2 TRUE 1.66666666666667 NA -0.637642963598193 0.892204211674637 TRUE
NA NA NA 2 0 2 TRUE 2.33333333333333 NA 0.0992286953631775 0.662588070830972 TRUE
NA NA NA 2 0 2 TRUE 1.66666666666667 NA -0.90623460116758 0.833073660888656 TRUE
NA NA NA 2 0 2 TRUE 2 NA -0.762718346713682 0.789133103502831 TRUE
NA NA NA 1 0 1 TRUE 395.333333333333 TRUE 0.0367202915725373 0.0658760001436354 TRUE
NA NA NA 2 0 2 TRUE 1 NA 0.0358588098893905 0.93608470953443 TRUE
NA NA NA 2 0 2 TRUE 1.66666666666667 NA 0.717121100757836 0.725293861789371 TRUE
NA NA NA 2 0 2 TRUE 2.66666666666667 NA 0.26148621663133 0.598776863328733 TRUE
NA NA NA 2 0 2 TRUE 2.66666666666667 NA -1.02858481996316 0.722420478108586 TRUE
NA NA NA 2 0 2 TRUE 2 NA 0.252506760125271 0.783519609855439 TRUE
NA NA NA 2 0 2 TRUE 1.33333333333333 NA -0.687834537559878 0.930555704350563 TRUE
NA NA NA 2 0 2 TRUE 2.33333333333333 NA -0.121936123743624 0.60545723471453 TRUE
NA NA NA 2 0 2 TRUE 2 NA -0.169585226509749 0.710821922301485 TRUE
NA NA NA 2 0 2 TRUE 1 NA 0.552008137010412 0.90132617013485 TRUE
NA NA NA 1 0 1 TRUE 49 TRUE 0.115713647360107 0.143415117226732 TRUE
NA NA NA 2 0 2 TRUE 2 NA -0.663153599283368 0.766368155392166 TRUE
NA NA NA 2 0 2 TRUE 4.66666666666667 NA -1.3375097529147 0.572335799727667 TRUE
NA NA NA 2 0 2 TRUE 3 NA -0.899009169099343 0.714612669303642 TRUE
NA NA NA 2 0 2 TRUE 2 NA 0.461862396961888 0.679071803519822 TRUE
NA NA NA 2 0 2 TRUE 2.33333333333333 NA -0.532186719289981 0.692834234676965 TRUE
NA NA NA 2 0 2 TRUE 1 NA 0.490048906668287 0.892084229458819 TRUE
NA NA NA 2 0 2 TRUE 2 NA -0.875190699726669 0.818513510984849 TRUE
NA NA NA 2 0 2 TRUE 3 NA -0.682504903556348 0.598714716432692 TRUE
NA NA NA 2 0 2 TRUE 3 NA -0.0620665959842894 0.540403271994726 TRUE
NA NA NA 1 0 1 TRUE 260 TRUE -0.0659802472798495 0.0738923631182032 TRUE
NA NA NA 2 0 2 TRUE 3 NA -0.625401388335249 0.62639840298287 TRUE
NA NA NA 2 0 2 TRUE 2.33333333333333 NA 0.968618768997239 0.547729319260447 TRUE
NA NA NA 2 0 2 TRUE 2.33333333333333 NA 0.00180109739430472 0.613552936824472 TRUE
NA NA NA 2 0 2 TRUE 2.66666666666667 NA 0.0731189839017595 0.559304013630997 TRUE
NA NA NA 2 0 2 TRUE 4.66666666666667 NA -0.381085878582803 0.502770958657398 TRUE
NA NA NA 2 0 2 TRUE 2.33333333333333 NA 0.0960665557862141 0.62786632493881 TRUE
NA NA NA 2 0 2 TRUE 3.33333333333333 NA -1.1934826062336 0.682267729662809 TRUE
NA NA NA 2 0 2 TRUE 2 NA -0.668990462399695 0.752145833073659 TRUE
NA NA NA 2 0 2 TRUE 1 NA 0.551287835629464 0.872023056135199 TRUE
NA NA NA 1 0 1 TRUE 170.333333333333 TRUE 0.0272773806709974 0.0856368542532333 TRUE
NA NA NA 2 0 2 TRUE 1 NA -0.358631424887393 0.976335013027546 TRUE
NA NA NA 2 0 2 TRUE 1 NA 0.45165332589363 0.887197167060228 TRUE
NA NA NA 1 0 1 TRUE 39 TRUE -0.141634757652294 0.164419264088897 TRUE
NA NA NA 2 0 2 TRUE 2.33333333333333 NA -0.117438269450323 0.620613632578759 TRUE
NA NA NA 2 0 2 TRUE 2.33333333333333 NA -0.912097065974403 0.734261989434175 TRUE
NA NA NA 2 0 2 TRUE 1.66666666666667 NA -0.465143353445944 0.732619063961705 TRUE
NA NA NA 2 0 2 TRUE 3.33333333333333 NA -0.216279294187774 0.520245574461605 TRUE
NA NA NA 1 0 1 TRUE 265 TRUE -0.138319672817667 0.0740258811563525 TRUE
NA NA NA 2 0 2 TRUE 2.66666666666667 NA -0.315507550544186 0.642140385676402 TRUE
NA NA NA 2 0 2 TRUE 2 NA 0.454380766004452 0.598567717598974 TRUE
NA NA NA 2 0 2 TRUE 2.33333333333333 NA -0.251055424457056 0.636136342116732 TRUE
NA NA NA 2 0 2 TRUE 1.33333333333333 NA 0.784766684787009 0.752722932514874 TRUE
NA NA NA 2 0 2 TRUE 2.33333333333333 NA -0.497717778770879 0.682721050561996 TRUE
NA NA NA 2 0 2 TRUE 2.33333333333333 NA -0.275678121374263 0.625067178593749 TRUE
NA NA NA 2 0 2 TRUE 1 NA 0.00905580890897284 0.951527099578794 TRUE
NA NA NA 1 0 1 TRUE 176.333333333333 TRUE -0.0980523081625916 0.0870432803779443 TRUE
NA NA NA 2 0 2 TRUE 2 NA -0.923159112417012 0.842747520329487 TRUE
NA NA NA 2 0 2 TRUE 2 NA -0.189153702158254 0.680726782176201 TRUE
NA NA NA 2 0 2 TRUE 3.33333333333333 NA -0.637433910731745 0.61101692318002 TRUE
NA NA NA 1 0 1 TRUE 221.333333333333 TRUE -0.213590278238389 0.0800452191344837 TRUE
NA NA NA 2 0 2 TRUE 2.33333333333333 NA -0.537830030846637 0.696194588288285 TRUE
NA NA NA 2 0 2 TRUE 2.33333333333333 NA -1.02440943721585 0.761097250598112 TRUE
NA NA NA 2 0 2 TRUE 2 NA -0.162990189750383 0.664153256566883 TRUE
NA NA NA 2 0 2 TRUE 2 NA -0.189002244099946 0.729193617652219 TRUE
NA NA NA 1 0 1 TRUE 171.333333333333 TRUE -0.0404870605992278 0.0851769919097165 TRUE
NA NA NA 1 0 1 TRUE 41.3333333333333 TRUE 0.139999126398315 0.153888555217767 TRUE
NA NA NA 1 0 1 TRUE 154.666666666667 TRUE -0.10186947912209 0.0900015374661443 TRUE
NA NA NA 2 0 2 TRUE 1.33333333333333 NA -0.112485253822236 0.832355740281009 TRUE
NA NA NA 2 0 2 TRUE 2.33333333333333 NA -0.125381317366983 0.669228548713716 TRUE
NA NA NA 1 0 1 TRUE 150.666666666667 TRUE -0.164919997672762 0.0908725057896969 TRUE
NA NA NA 2 0 2 TRUE 4 NA -0.863657817569178 0.638852801838488 TRUE
NA NA NA 2 0 2 TRUE 1.66666666666667 NA 0.250032780259382 0.678977768368364 TRUE
NA NA NA 1 0 1 TRUE 177.333333333333 TRUE -0.113273408926327 0.0846388609154255 TRUE
NA NA NA 3 0 3 TRUE 1 NA 0.433963482257385 0.884575436211183 TRUE
NA NA NA 2 0 2 TRUE 2 NA 0.304079610477739 0.661570933059268 TRUE
NA NA NA 2 0 2 TRUE 1.33333333333333 NA -0.608177407628293 0.880729606512808 TRUE
NA NA NA 2 0 2 TRUE 3 NA -0.722740777501374 0.652554621113512 TRUE
NA NA NA 2 0 2 TRUE 2.33333333333333 NA -0.584344026328269 0.758853707285448 TRUE
NA NA NA 2 0 2 TRUE 1 NA -0.0130573734389665 0.927296242126574 TRUE
NA NA NA 2 0 2 TRUE 2.33333333333333 NA -0.85393792822056 0.695599956174694 TRUE
NA NA NA 1 0 1 TRUE 191.666666666667 TRUE -0.073210945450476 0.0826017898937052 TRUE
NA NA NA 2 0 2 TRUE 1 NA 0.722717256445134 0.861120387047707 TRUE
NA NA NA 1 0 1 TRUE 46.3333333333333 TRUE -0.110671971951957 0.151094775078166 TRUE
NA NA NA 2 0 2 TRUE 2.33333333333333 NA -0.608506999123119 0.697686055727343 TRUE
NA NA NA 2 0 2 TRUE 2.66666666666667 NA -0.374686328524599 0.632376093627697 TRUE
NA NA NA 2 0 2 TRUE 2.33333333333333 NA -0.235422085655555 0.67896058634831 TRUE
NA NA NA 2 0 2 TRUE 2 NA -0.320973814985242 0.759668604217159 TRUE
NA NA NA 2 0 2 TRUE 3 NA 0.847904160034633 0.55288275215293 TRUE
NA NA NA 2 0 2 TRUE 3 NA -0.752975101642563 0.657997279833633 TRUE
NA NA NA 2 0 2 TRUE 1.66666666666667 NA -0.389030861981131 0.79818024534533 TRUE
NA NA NA 2 0 2 TRUE 1.33333333333333 NA -0.077220922321959 0.863288779359532 TRUE
NA NA NA 1 0 1 TRUE 335 TRUE -0.187266515861216 0.0677939124536493 TRUE
NA NA NA 2 0 2 TRUE 2 NA 0.0105254519648324 0.716720124776196 TRUE
NA NA NA 2 0 2 TRUE 2 NA 0.243756285903278 0.665109842409301 TRUE
NA NA NA 2 0 2 TRUE 1.66666666666667 NA -0.233583548219197 0.746387561871072 TRUE
NA NA NA 2 0 2 TRUE 3 NA -1.13698815231127 0.700310482686916 TRUE
NA NA NA 2 0 2 TRUE 2.33333333333333 NA -0.636042470105956 0.669493479390672 TRUE
NA NA NA 2 0 2 TRUE 1.33333333333333 NA 0.246690118929834 0.81775462218345 TRUE
NA NA NA 2 0 2 TRUE 2.33333333333333 NA -0.262097109466537 0.640531955311969 TRUE
NA NA NA 1 0 1 TRUE 164 TRUE 0.0299251664669853 0.0900212920181891 TRUE
NA NA NA 2 0 2 TRUE 2.33333333333333 NA -1.05026178912373 0.713229912496878 TRUE
NA NA NA 2 0 2 TRUE 2.33333333333333 NA -0.52612247613381 0.691219527857228 TRUE
NA NA NA 2 0 2 TRUE 1.66666666666667 NA 0.532929821479432 0.704859423345461 TRUE
NA NA NA 2 0 2 TRUE 1.33333333333333 NA -0.260452732194558 0.874216990251022 TRUE
NA NA NA 2 0 2 TRUE 3 NA -0.41554800151149 0.547345891015596 TRUE
NA NA NA 2 0 2 TRUE 2.66666666666667 NA -0.714899096265259 0.704954397797419 TRUE
NA NA NA 3 0 3 TRUE 1.33333333333333 NA -0.508789965471446 0.912425439472358 TRUE
NA NA NA 2 0 2 TRUE 5 NA -1.33324827069514 0.587287901427945 TRUE
NA NA NA 2 0 2 TRUE 2 NA 1.09936416229547 0.637918797375263 TRUE
NA NA NA 2 0 2 TRUE 2 NA 0.13287853034415 0.685922362075334 TRUE
NA NA NA 2 0 2 TRUE 2 NA 0.14038205247882 0.719459177316844 TRUE
NA NA NA 2 0 2 TRUE 1.66666666666667 NA -0.267419405532152 0.749503413557299 TRUE
NA NA NA 2 0 2 TRUE 3 NA -0.118529787709472 0.589557811797867 TRUE
NA NA NA 2 0 2 TRUE 2.33333333333333 NA -0.640096961550243 0.678881998403024 TRUE
NA NA NA 1 0 1 TRUE 371 TRUE -0.194372872841624 0.0663465260681906 TRUE
NA NA NA 2 0 2 TRUE 2 NA -0.782576118749486 0.729236410677893 TRUE
NA NA NA 2 0 2 TRUE 4.33333333333333 NA -1.26760188223814 0.559090801993822 TRUE
NA NA NA 2 0 2 TRUE 2 NA -0.0101671586886635 0.657904288913685 TRUE
NA NA NA 2 0 2 TRUE 4.33333333333333 NA -0.504455786858342 0.492477896449952 TRUE
NA NA NA 2 0 2 TRUE 3.66666666666667 NA -0.562850552013665 0.506972718807922 TRUE
NA NA NA 2 0 2 TRUE 1.33333333333333 NA 0.527369984973235 0.798958410336551 TRUE
NA NA NA 1 0 1 TRUE 72 TRUE -0.224146746663153 0.123131785593945 TRUE
NA NA NA 2 0 2 TRUE 2 NA -0.255048309258313 0.683994486944022 TRUE
NA NA NA 2 0 2 TRUE 4.33333333333333 NA -0.307205949862436 0.491218281628158 TRUE
NA NA NA 2 0 2 TRUE 1 NA 0.506543112485025 0.90063590201025 TRUE
NA NA NA 2 0 2 TRUE 2.33333333333333 NA 0.559576794876739 0.66319211744072 TRUE
NA NA NA 2 0 2 TRUE 4.33333333333333 NA -0.0624489488615031 0.480206905708037 TRUE
NA NA NA 2 0 2 TRUE 3 NA -0.800584717474934 0.63577315063135 TRUE
NA NA NA 2 0 2 TRUE 1.66666666666667 NA -0.203945205425483 0.71294603414956 TRUE
NA NA NA 2 0 2 TRUE 4.33333333333333 NA -0.936257515945536 0.516785163222976 TRUE
NA NA NA 2 0 2 TRUE 3 NA -0.475367508461283 0.582421607604966 TRUE
NA NA NA 2 0 2 TRUE 3.33333333333333 NA -1.58488817164393 0.796759664354224 TRUE
NA NA NA 2 0 2 TRUE 2 NA -0.252395884719607 0.797905668089083 TRUE
NA NA NA 2 0 2 TRUE 1.33333333333333 NA 0.139269993685597 0.853782767933508 TRUE
NA NA NA 2 0 2 TRUE 1.66666666666667 NA -0.01456874870869 0.804060853848279 TRUE
NA NA NA 2 0 2 TRUE 2.33333333333333 NA -0.00382255960452065 0.650577118591908 TRUE
NA NA NA 2 0 2 TRUE 1.33333333333333 NA -0.608177407628293 0.880729606512808 TRUE
NA NA NA 2 0 2 TRUE 2.33333333333333 NA -0.550257150821896 0.646781412118133 TRUE
NA NA NA 2 0 2 TRUE 1.66666666666667 NA -0.465143353445944 0.732619063961705 TRUE
NA NA NA 2 0 2 TRUE 4.33333333333333 NA -0.0833147901389552 0.496736751892083 TRUE
NA NA NA 1 0 1 TRUE 483.333333333333 TRUE -0.205733965548568 0.0602391735714958 TRUE
NA NA NA 2 0 2 TRUE 3.66666666666667 NA -0.671439664195076 0.544820845335216 TRUE
NA NA NA 2 0 2 TRUE 2 NA -0.0968046706096939 0.698554605534549 TRUE
NA NA NA 2 0 2 TRUE 3 NA -0.8705270014864 0.717696645046839 TRUE
NA NA NA 2 0 2 TRUE 5.33333333333333 NA -0.772410748172193 0.46638287734939 TRUE
NA NA NA 2 0 2 TRUE 4 NA -1.05730524518619 0.606936877465625 TRUE
NA NA NA 2 0 2 TRUE 2.66666666666667 NA 0.0780363765776264 0.642310985418092 TRUE
NA NA NA 2 0 2 TRUE 1.33333333333333 NA -0.687834537559878 0.930555704350563 TRUE
NA NA NA 2 0 2 TRUE 6 NA -1.05071982516819 0.469374526164067 TRUE
NA NA NA 2 0 2 TRUE 4.66666666666667 NA -0.580199002004801 0.517332635699695 TRUE
NA NA NA 2 0 2 TRUE 3.66666666666667 NA -0.648236860928353 0.592066306763358 TRUE
NA NA NA 2 0 2 TRUE 2 NA 0.162767922767412 0.634767319354062 TRUE
NA NA NA 2 0 2 TRUE 5 NA 0.1652596339697 0.398895805229224 TRUE
NA NA NA 2 0 2 TRUE 4.66666666666667 NA -0.788225963038719 0.51691861895299 TRUE
NA NA NA 2 0 2 TRUE 2.66666666666667 NA -0.488674321463331 0.684041716005213 TRUE
NA NA NA 1 0 1 TRUE 92 TRUE -0.1437653496509 0.111671019441317 TRUE
NA NA NA 2 0 2 TRUE 5.33333333333333 NA -0.616923031165803 0.449579187099656 TRUE
NA NA NA 2 0 2 TRUE 1.33333333333333 NA -0.926515306718164 0.965698108770382 TRUE
NA NA NA 2 0 2 TRUE 1.66666666666667 NA -0.103931297648926 0.735981153185838 TRUE
NA NA NA 2 0 2 TRUE 1.66666666666667 NA 0.463155145676078 0.699957861955647 TRUE
NA NA NA 2 0 2 TRUE 1.66666666666667 NA -0.552429452511349 0.780082469976443 TRUE
NA NA NA 2 0 2 TRUE 1.33333333333333 NA -0.382975487025857 0.866129060556385 TRUE
NA NA NA 1 0 1 TRUE 232.333333333333 TRUE -0.0781825991913755 0.0776444834384319 TRUE
NA NA NA 2 0 2 TRUE 2 NA 0.391124329857965 0.727412077556266 TRUE
NA NA NA 2 0 2 TRUE 1.66666666666667 NA -0.452144739137809 0.769906662740835 TRUE
NA NA NA 2 0 2 TRUE 1.33333333333333 NA 0.262462252257641 0.818780602296841 TRUE
NA NA NA 2 0 2 TRUE 1.33333333333333 NA -0.747820182285505 0.912574833322114 TRUE
NA NA NA 2 0 2 TRUE 2.66666666666667 NA -0.866674498726439 0.692517875771156 TRUE
NA NA NA 2 0 2 TRUE 2.33333333333333 NA -0.687151684062937 0.706761271275916 TRUE
NA NA NA 2 0 2 TRUE 2 NA -0.0409705214442893 0.666651925010888 TRUE
NA NA NA 2 0 2 TRUE 1.66666666666667 NA 0.392786980381197 0.699173255796514 TRUE
NA NA NA 2 0 2 TRUE 1.66666666666667 NA -0.180066419976067 0.76125291730574 TRUE
NA NA NA 2 0 2 TRUE 3 NA 0.687811545616707 0.52572103365865 TRUE
NA NA NA 2 0 2 TRUE 1.66666666666667 NA -0.821059927464681 0.835087102311419 TRUE
NA NA NA 2 0 2 TRUE 1.33333333333333 NA -0.730335647361054 0.937892877943061 TRUE
NA NA NA 2 0 2 TRUE 1.33333333333333 NA -0.40066213175772 0.907992121869378 TRUE
NA NA NA 2 0 2 TRUE 1.33333333333333 NA -0.344597978613609 0.836726990044418 TRUE
NA NA NA 1 0 1 TRUE 285.666666666667 TRUE -0.162246908556857 0.0721084839285793 TRUE
NA NA NA 2 0 2 TRUE 2.33333333333333 NA -0.791264793727001 0.75274021852712 TRUE
NA NA NA 2 0 2 TRUE 2.33333333333333 NA -0.574209523529414 0.703748568467096 TRUE
NA NA NA 2 0 2 TRUE 1.66666666666667 NA 0.369863231715807 0.746729017707379 TRUE
NA NA NA 2 0 2 TRUE 1.66666666666667 NA 0.416650204474178 0.675439175728714 TRUE
NA NA NA 2 0 2 TRUE 2.66666666666667 NA 0.233181398420423 0.565406273509768 TRUE
NA NA NA 2 0 2 TRUE 5 NA -0.338982467089873 0.482353558967888 TRUE
NA NA NA 2 0 2 TRUE 2.33333333333333 NA -0.30357695675194 0.6570974644561 TRUE
NA NA NA 2 0 2 TRUE 2 NA -0.297018487940355 0.678423089652178 TRUE
NA NA NA 2 0 2 TRUE 1.33333333333333 NA -0.426385545126323 0.853826849259861 TRUE
NA NA NA 2 0 2 TRUE 1.66666666666667 NA -0.370289348711667 0.730687357016101 TRUE
NA NA NA 2 0 2 TRUE 3 NA -0.147823060205584 0.530039760019787 TRUE
NA NA NA 2 0 2 TRUE 2.33333333333333 NA -1.18769214098859 0.771915253099504 TRUE
NA NA NA 2 0 2 TRUE 1.66666666666667 NA -0.695245596363169 0.820685006858229 TRUE
NA NA NA 1 0 1 TRUE 153.666666666667 TRUE -0.176950799773427 0.0901085283908929 TRUE
NA NA NA 1 0 1 TRUE 36.3333333333333 TRUE -0.084038896798003 0.172784535419557 TRUE
NA NA NA 2 0 2 TRUE 3 NA 0.0285443003859637 0.583766853697862 TRUE
NA NA NA 2 0 2 TRUE 1.66666666666667 NA -0.198794528563128 0.868907859597034 TRUE
NA NA NA 1 0 1 TRUE 232.666666666667 TRUE -0.0812041657242791 0.078076169351052 TRUE
NA NA NA 2 0 2 TRUE 2 NA 1.07093953786494 0.594319753697606 TRUE
NA NA NA 2 0 2 TRUE 3 NA -1.14766699158573 0.673555123985421 TRUE
NA NA NA 2 0 2 TRUE 2 NA -0.857968072079546 0.751187225538275 TRUE
NA NA NA 1 0 1 TRUE 58.3333333333333 TRUE -0.255943221831572 0.134887384697512 TRUE
NA NA NA 2 0 2 TRUE 1.66666666666667 NA 0.0508437088421452 0.739814079095296 TRUE
NA NA NA 2 0 2 TRUE 3 NA -0.223702825250286 0.571454848831683 TRUE
NA NA NA 2 0 2 TRUE 3.33333333333333 NA -1.3264636951933 0.648816128192425 TRUE
NA NA NA 1 0 1 TRUE 175.666666666667 TRUE -0.132605301836371 0.0859807765032567 TRUE
NA NA NA 2 0 2 TRUE 1.33333333333333 NA -0.219941022518379 0.840503990894634 TRUE
NA NA NA 2 0 2 TRUE 2 NA -0.264905807606197 0.677463426586042 TRUE
NA NA NA 2 0 2 TRUE 2 NA -0.956552650518297 0.815790629093377 TRUE
NA NA NA 1 0 1 TRUE 46.6666666666667 TRUE -0.0826169016456083 0.15038331830724 TRUE
NA NA NA 2 0 2 TRUE 2 NA 0.130147518394014 0.643818291161445 TRUE
NA NA NA 2 0 2 TRUE 1 NA -0.0173649704930106 0.95364298236203 TRUE
NA NA NA 2 0 2 TRUE 3.33333333333333 NA -0.46635592180225 0.576185609885596 TRUE
NA NA NA 2 0 2 TRUE 1.33333333333333 NA 0.31518457963118 0.7584036070508 TRUE
NA NA NA 1 0 1 TRUE 218 TRUE -0.0836189167267953 0.0781536702798197 TRUE
NA NA NA 2 0 2 TRUE 2 NA 0.529553978916801 0.627656574719244 TRUE
NA NA NA 3 0 3 TRUE 1.66666666666667 NA 0.133124252997797 0.728432032591542 TRUE
NA NA NA 2 0 2 TRUE 2.33333333333333 NA 0.298344528036169 0.558095210602663 TRUE
NA NA NA 3 0 3 TRUE 3.33333333333333 NA -1.17257732052511 0.595585091896312 TRUE
NA NA NA 2 0 2 TRUE 1.33333333333333 NA 0.191338080011984 0.838262802093428 TRUE
NA NA NA 2 0 2 TRUE 2.33333333333333 NA 0.0343780393177434 0.612968130832564 TRUE
NA NA NA 1 0 1 TRUE 184 TRUE -0.0432884940451219 0.083445955244887 TRUE
NA NA NA 2 0 2 TRUE 1.66666666666667 NA -0.268330033888363 0.833559257946922 TRUE
NA NA NA 2 0 2 TRUE 1 NA -0.141516624408968 0.965334961525871 TRUE
NA NA NA 1 0 1 TRUE 32 TRUE 0.18083598031212 0.172712063940781 TRUE
NA NA NA 2 0 2 TRUE 2.66666666666667 NA -1.2313577593803 0.712787443570317 TRUE
NA NA NA 2 0 2 TRUE 1.66666666666667 NA 0.0304842977632043 0.736139995357498 TRUE
NA NA NA 2 0 2 TRUE 2.33333333333333 NA -0.724138182467379 0.743558801480754 TRUE
NA NA NA 3 0 3 TRUE 1 NA 0.290896031385369 0.895357122407862 TRUE
NA NA NA 2 0 2 TRUE 2.33333333333333 NA -0.678459743396031 0.767523416940914 TRUE
NA NA NA 1 0 1 TRUE 200.666666666667 TRUE -0.103877015498194 0.0811938989927559 TRUE
NA NA NA 2 0 2 TRUE 1.66666666666667 NA -0.616979992057108 0.789130877416053 TRUE
NA NA NA 2 0 2 TRUE 2 NA -0.960413010991268 0.797128087059219 TRUE
NA NA NA 2 0 2 TRUE 1.66666666666667 NA -0.118803843956816 0.761969256672205 TRUE
NA NA NA 1 0 1 TRUE 23.3333333333333 TRUE -0.114939076223178 0.206618940547862 TRUE
NA NA NA 2 0 2 TRUE 1.66666666666667 NA -0.526586411739869 0.784359391278386 TRUE
NA NA NA 2 0 2 TRUE 1.66666666666667 NA -1.1729558550393 0.946769063451413 TRUE
NA NA NA 2 0 2 TRUE 2 NA -0.202250684313165 0.715377556349977 TRUE
NA NA NA 2 0 2 TRUE 2 NA -0.254513747206688 0.676534874083265 TRUE
NA NA NA 2 0 2 TRUE 4.66666666666667 NA -0.682892766938627 0.490761879624476 TRUE
NA NA NA 2 0 2 TRUE 2 NA -0.722590449925993 0.801306642201703 TRUE
NA NA NA 2 0 2 TRUE 1.66666666666667 NA -0.81051390311216 0.888885164265434 TRUE
NA NA NA 2 0 2 TRUE 1.33333333333333 NA -0.344597978613609 0.836726990044418 TRUE
NA NA NA 2 0 2 TRUE 1.33333333333333 NA -0.0323194689745132 0.801253780190739 TRUE
NA NA NA 2 0 2 TRUE 2 NA 0.0929835756201147 0.667435600136808 TRUE
NA NA NA 1 0 1 TRUE 266.666666666667 TRUE -0.168841635629417 0.0741906412713358 TRUE
NA NA NA 2 0 2 TRUE 3.33333333333333 NA -1.56873318402079 0.713840659269997 TRUE
NA NA NA 2 0 2 TRUE 4 NA -1.17577004158214 0.570586578241494 TRUE
NA NA NA 2 0 2 TRUE 2.33333333333333 NA -0.343496516745952 0.676947222185145 TRUE
NA NA NA 2 0 2 TRUE 1.33333333333333 NA 0.0944057384275009 0.85343508466759 TRUE
NA NA NA 2 0 2 TRUE 1 NA -0.198404173190531 0.962056715236015 TRUE
NA NA NA 2 0 2 TRUE 1.33333333333333 NA 0.147941263197353 0.79796492591228 TRUE
NA NA NA 1 0 1 TRUE 184.333333333333 TRUE 0.0339311995027482 0.0844888058084995 TRUE
NA NA NA 2 0 2 TRUE 2 NA -0.233416407994865 0.65108217875523 TRUE
NA NA NA 2 0 2 TRUE 3 NA -0.807432848304916 0.661610324218971 TRUE
NA NA NA 2 0 2 TRUE 1.33333333333333 NA -0.132304395041289 0.896058894630056 TRUE
NA NA NA 2 0 2 TRUE 1.66666666666667 NA -1.28619932685186 0.910590225864657 TRUE
NA NA NA 2 0 2 TRUE 1.33333333333333 NA 0.612928531310372 0.736938822476447 TRUE
NA NA NA 2 0 2 TRUE 2.33333333333333 NA -0.118749361707246 0.628784934674888 TRUE
NA NA NA 2 0 2 TRUE 2 NA -0.347384399063299 0.69087287217394 TRUE
NA NA NA 2 0 2 TRUE 2.66666666666667 NA -0.207224930527576 0.580614794454205 TRUE
NA NA NA 2 0 2 TRUE 1.66666666666667 NA -0.645039122693239 0.812048376225035 TRUE
NA NA NA 1 0 1 TRUE 272.666666666667 TRUE -0.158136815991814 0.074050902646993 TRUE
NA NA NA 2 0 2 TRUE 2 NA 0.348943140318893 0.645800373633652 TRUE
NA NA NA 2 0 2 TRUE 2.33333333333333 NA -0.302338009992598 0.655502991319031 TRUE
NA NA NA 2 0 2 TRUE 2.66666666666667 NA -1.14751842609153 0.659202930948183 TRUE
NA NA NA 2 0 2 TRUE 1.33333333333333 NA 0.473184697152068 0.760768205191189 TRUE
NA NA NA 2 0 2 TRUE 3.66666666666667 NA -0.574333321258007 0.512069841722183 TRUE
NA NA NA 2 0 2 TRUE 2.33333333333333 NA -1.06152005022285 0.792749460586093 TRUE
NA NA NA 2 0 2 TRUE 1 NA 0.42542654606218 0.934008965592798 TRUE
NA NA NA 2 0 2 TRUE 1.33333333333333 NA -0.210364236395833 0.867397590758697 TRUE
NA NA NA 2 0 2 TRUE 1.66666666666667 NA -0.587614130394156 0.744308048534313 TRUE
NA NA NA 1 0 1 TRUE 195 TRUE -0.0825856913939359 0.0829321776743126 TRUE
NA NA NA 2 0 2 TRUE 1.33333333333333 NA -0.226855851071971 0.861707839781815 TRUE
NA NA NA 2 0 2 TRUE 3 NA -0.334799680662892 0.561169929636544 TRUE
NA NA NA 2 0 2 TRUE 2.33333333333333 NA -0.505024992665299 0.640245413968986 TRUE
NA NA NA 2 0 2 TRUE 1.33333333333333 NA -0.386668725927551 0.818211779096617 TRUE
NA NA NA 2 0 2 TRUE 1.33333333333333 NA -0.679843038730942 0.928002548356597 TRUE
NA NA NA 1 0 1 TRUE 142 TRUE 0.0508902983768818 0.0915728978919912 TRUE
NA NA NA 2 0 2 TRUE 1 NA 0.52800119134259 0.878984104405571 TRUE
NA NA NA 1 0 1 TRUE 21 TRUE 0.108768218564699 0.214078912246824 TRUE
NA NA NA 2 0 2 TRUE 1 NA 0.811549852961568 0.866412352957398 TRUE
NA NA NA 1 0 1 TRUE 172.333333333333 TRUE -0.126384752511915 0.0895250592578402 TRUE
NA NA NA 2 0 2 TRUE 1 NA 0.110366062789784 0.91681689091293 TRUE
NA NA NA 2 0 2 TRUE 1 NA 0.51150584774403 0.8786065229038 TRUE
NA NA NA 2 0 2 TRUE 1.33333333333333 NA -0.24457727468234 0.801515330407162 TRUE
NA NA NA 2 0 2 TRUE 1 NA 0.427860190260881 0.883245826952157 TRUE
NA NA NA 2 0 2 TRUE 3.33333333333333 NA -0.722637506871056 0.56175921413094 TRUE
NA NA NA 2 0 2 TRUE 2 NA -0.934883188726706 0.805421312453166 TRUE
NA NA NA 2 0 2 TRUE 2.33333333333333 NA -0.903908575395001 0.741762109629624 TRUE
NA NA NA 2 0 2 TRUE 2.33333333333333 NA 0.733041736432589 0.581925039056477 TRUE
NA NA NA 2 0 2 TRUE 3 NA -0.432150459298638 0.607568485487646 TRUE
NA NA NA 2 0 2 TRUE 2.66666666666667 NA 0.358813698326681 0.524686271402987 TRUE
NA NA NA 2 0 2 TRUE 2 NA -0.598410933833446 0.754801820830934 TRUE
NA NA NA 2 0 2 TRUE 2.66666666666667 NA -0.118693773072036 0.633051622045743 TRUE
NA NA NA 2 0 2 TRUE 2 NA -0.533433969087261 0.703499689925421 TRUE
NA NA NA 1 0 1 TRUE 317 TRUE -0.022502246119603 0.06964835267469 TRUE
NA NA NA 2 0 2 TRUE 3 NA -1.47857075711336 0.815412965377 TRUE
NA NA NA 2 0 2 TRUE 2.33333333333333 NA -0.724889826785803 0.72428976147084 TRUE
NA NA NA 2 0 2 TRUE 1.66666666666667 NA -0.116328600326109 0.771157071027233 TRUE
NA NA NA 2 0 2 TRUE 1.66666666666667 NA 0.160116686559277 0.722657298135487 TRUE
NA NA NA 2 0 2 TRUE 2.33333333333333 NA -0.310021446522578 0.660161649240299 TRUE
NA NA NA 2 0 2 TRUE 2.33333333333333 NA 0.575886328679096 0.548337716764781 TRUE
NA NA NA 2 0 2 TRUE 1 NA 0.758184180107319 0.880532898241086 TRUE
NA NA NA 2 0 2 TRUE 3.33333333333333 NA -0.62216742145554 0.578915172204049 TRUE
NA NA NA 1 0 1 TRUE 27.6666666666667 TRUE -0.0155224924786777 0.19392989372133 TRUE
NA NA NA 2 0 2 TRUE 2 NA -0.605914859549049 0.773499785913245 TRUE
NA NA NA 1 0 1 TRUE 169.333333333333 TRUE 0.0337773775070437 0.0859432373216759 TRUE
NA NA NA 2 0 2 TRUE 1.33333333333333 NA -0.0375585750077845 0.802763570046345 TRUE
NA NA NA 2 0 2 TRUE 1.33333333333333 NA 0.192822343052588 0.795653015269621 TRUE
