Pos WT_AA Mut Nmut_nt Nmut_aa Nmut_codons STOP mean_count is.reads0 fitness sigma is.fitness
NA NA NA 1 0 1 TRUE 19 TRUE 0.431742615450732 0.214553705934876 TRUE
NA NA NA 1 0 1 TRUE 4.66666666666667 NA -0.163549622467542 0.485002645209651 TRUE
NA NA NA 1 0 1 TRUE 8 NA 0.0379674124175523 0.358609298469926 TRUE
NA NA NA 1 0 1 TRUE 11.3333333333333 TRUE -0.147680989587806 0.303515495997199 TRUE
NA NA NA 2 0 1 TRUE 318.333333333333 TRUE 0.176008829485031 0.0596144576723465 TRUE
NA NA NA 1 0 1 TRUE 2.66666666666667 NA -0.101581610445246 0.617942792849846 TRUE
NA NA NA 1 0 1 TRUE 28 TRUE -0.0298440705306595 0.189122804019754 TRUE
NA NA NA 1 0 1 TRUE 18.3333333333333 TRUE 0.090764984693892 0.228813278960138 TRUE
NA NA NA 1 0 1 TRUE 4.66666666666667 NA -0.190482365871634 0.483285711162001 TRUE
NA NA NA 1 0 1 TRUE 14 TRUE 0.0598053942001493 0.262063524025836 TRUE
NA NA NA 1 0 1 TRUE 193.333333333333 TRUE 0.0371365312334851 0.0750751676449908 TRUE
NA NA NA 1 0 1 TRUE 19 TRUE -0.367754108353092 0.250503758397504 TRUE
NA NA NA 1 0 1 TRUE 5.33333333333333 NA -0.0989809789367931 0.438565733672477 TRUE
NA NA NA 1 0 1 TRUE 10.3333333333333 TRUE -0.21178126959291 0.324160075476018 TRUE
NA NA NA 3 0 1 TRUE 269.333333333333 TRUE -0.140364742201458 0.0663696653924158 TRUE
NA NA NA 4 0 2 TRUE 6 NA -0.750370928407954 0.486391315260635 TRUE
NA NA NA 1 0 1 TRUE 13.3333333333333 TRUE -0.0829070604347895 0.274159218345528 TRUE
NA NA NA 1 0 1 TRUE 37 TRUE -0.240411623504346 0.171567373930908 TRUE
NA NA NA 1 0 1 TRUE 2.33333333333333 NA -0.0614937268640571 0.661599747145792 TRUE
NA NA NA 1 0 1 TRUE 7.66666666666667 NA 0.0499512193043275 0.360237260473583 TRUE
NA NA NA 1 0 1 TRUE 85.3333333333333 TRUE 0.0303529085031463 0.109799574536449 TRUE
NA NA NA 1 0 1 TRUE 7 NA -0.0334524843161292 0.375312503958227 TRUE
NA NA NA 1 0 1 TRUE 13 TRUE -0.345397448877679 0.29780158057789 TRUE
NA NA NA 1 0 1 TRUE 11.6666666666667 TRUE -0.0878982078676565 0.294844950645265 TRUE
NA NA NA 1 0 1 TRUE 15.3333333333333 TRUE -0.0873511975626975 0.257607312645744 TRUE
NA NA NA 1 0 1 TRUE 3.66666666666667 NA 0.0180972559765919 0.523880159289874 TRUE
NA NA NA 1 0 1 TRUE 16.3333333333333 TRUE 0.084893375143284 0.241877377500679 TRUE
NA NA NA 1 0 1 TRUE 25.3333333333333 TRUE -0.110982463530857 0.202203980937283 TRUE
NA NA NA 1 0 1 TRUE 787.333333333333 TRUE -0.0916510452808432 0.0435348396942633 TRUE
NA NA NA 1 0 1 TRUE 13.3333333333333 TRUE -0.0138643333841914 0.271294994543141 TRUE
NA NA NA 1 0 1 TRUE 21.3333333333333 TRUE 0.212016417322279 0.210339070896114 TRUE
NA NA NA 1 0 1 TRUE 12 TRUE 0.185854533240003 0.278852942480746 TRUE
NA NA NA 1 0 1 TRUE 33 TRUE -0.0831737966762368 0.177772685082661 TRUE
NA NA NA 1 0 1 TRUE 366.666666666667 TRUE -0.0282095207826638 0.0575739952731849 TRUE
NA NA NA 1 0 1 TRUE 10.6666666666667 TRUE 0.0346887774511318 0.300898752898713 TRUE
NA NA NA 1 0 1 TRUE 12.3333333333333 TRUE -0.144029420587653 0.287190683125908 TRUE
NA NA NA 1 0 1 TRUE 9.33333333333333 NA 0.084559012799003 0.323924723128924 TRUE
NA NA NA 3 0 1 TRUE 73.6666666666667 TRUE -0.00230765177808095 0.118708682291497 TRUE
NA NA NA 1 0 1 TRUE 9 NA 0.042724252786169 0.334523643088254 TRUE
NA NA NA 1 0 1 TRUE 20.6666666666667 TRUE 0.321432603730955 0.209145759694842 TRUE
NA NA NA 1 0 1 TRUE 14 TRUE -0.926098564835182 0.369397918138367 TRUE
NA NA NA 1 0 1 TRUE 126.333333333333 TRUE 0.0647078143756174 0.0905556259456111 TRUE
NA NA NA 1 0 1 TRUE 5.33333333333333 NA -0.728956994212748 0.514528196077808 TRUE
NA NA NA 1 0 1 TRUE 11.6666666666667 TRUE -0.132621729932447 0.296289932824558 TRUE
NA NA NA 1 0 1 TRUE 22 TRUE 0.0654434470579867 0.209109362593344 TRUE
NA NA NA 1 0 1 TRUE 5 NA 0.282190480123028 0.432502163906776 TRUE
NA NA NA 1 0 1 TRUE 8.33333333333333 NA -0.222647741579412 0.36176404734781 TRUE
NA NA NA 1 0 1 TRUE 13 TRUE 0.0170241566742375 0.275964018034355 TRUE
NA NA NA 1 0 1 TRUE 48.3333333333333 TRUE -0.135741309899267 0.147982844562459 TRUE
NA NA NA 1 0 1 TRUE 99.3333333333333 TRUE 0.229061644446718 0.0992036595262612 TRUE
NA NA NA 1 0 1 TRUE 9.66666666666667 NA -0.227939744285787 0.339247065996738 TRUE
NA NA NA 1 0 1 TRUE 29.6666666666667 TRUE -0.0391242311081923 0.18365656947753 TRUE
NA NA NA 1 0 1 TRUE 14.3333333333333 TRUE 0.0676732368070784 0.261749029581716 TRUE
NA NA NA 1 0 1 TRUE 5 NA 0.2804490864489 0.423300606828329 TRUE
NA NA NA 1 0 1 TRUE 5.66666666666667 NA 0.455395221125161 0.38771262650497 TRUE
NA NA NA 1 0 1 TRUE 14.3333333333333 TRUE 0.058090852041787 0.26042479832158 TRUE
NA NA NA 1 0 1 TRUE 2 NA 0.634074403141808 0.635309656853385 TRUE
NA NA NA 1 0 1 TRUE 88.6666666666667 TRUE 0.20728247317005 0.104424915701731 TRUE
NA NA NA 1 0 1 TRUE 13 TRUE -0.306425232479565 0.303300742493697 TRUE
NA NA NA 1 0 1 TRUE 2.33333333333333 NA 0.671756996353155 0.603316876223957 TRUE
NA NA NA 1 0 1 TRUE 28.3333333333333 TRUE 0.0171320514835529 0.186787693354324 TRUE
NA NA NA 1 0 1 TRUE 19.6666666666667 TRUE -0.0412776109666848 0.226079369661494 TRUE
NA NA NA 1 0 1 TRUE 5 NA -0.209638138761239 0.466236748064248 TRUE
NA NA NA 1 0 1 TRUE 12 TRUE -0.0662520676839339 0.289467135977154 TRUE
NA NA NA 1 0 1 TRUE 11 TRUE -0.231709683825997 0.313697183456697 TRUE
NA NA NA 1 0 1 TRUE 23.6666666666667 TRUE -0.221870126874756 0.21199753332411 TRUE
NA NA NA 1 0 1 TRUE 5 NA -0.565269162049206 0.502731773066078 TRUE
NA NA NA 3 0 1 TRUE 236.333333333333 TRUE 0.0889266427887561 0.0679986265914457 TRUE
NA NA NA 1 0 1 TRUE 25.3333333333333 TRUE 0.0771497807412496 0.196786381666193 TRUE
NA NA NA 1 0 1 TRUE 6 NA -0.172588212760851 0.416350612195549 TRUE
NA NA NA 1 0 1 TRUE 10 TRUE -0.0718978493005934 0.350662157926633 TRUE
NA NA NA 1 0 1 TRUE 5.33333333333333 NA -0.0340857762296323 0.432699840168775 TRUE
NA NA NA 1 0 1 TRUE 20.6666666666667 TRUE 0.145154147412729 0.215365984365635 TRUE
NA NA NA 1 0 1 TRUE 383 TRUE 0.0692646493464059 0.0561966570497715 TRUE
NA NA NA 1 0 1 TRUE 27.3333333333333 TRUE 0.361756117801623 0.180272136750475 TRUE
NA NA NA 1 0 1 TRUE 6.33333333333333 NA -0.0831067737220768 0.398971227532779 TRUE
NA NA NA 1 0 1 TRUE 12 TRUE -0.113036843958824 0.296045373288075 TRUE
NA NA NA 1 0 1 TRUE 15.6666666666667 TRUE -0.154981119650441 0.261624908113681 TRUE
NA NA NA 2 0 1 TRUE 48.3333333333333 TRUE 0.651493456731802 0.132867020019861 TRUE
NA NA NA 1 0 1 TRUE 31 TRUE -0.188677704315605 0.1863614369285 TRUE
NA NA NA 1 0 1 TRUE 13 TRUE -0.156749916947911 0.286327465581672 TRUE
NA NA NA 1 0 1 TRUE 20.3333333333333 TRUE -0.0115981294344245 0.22120767059159 TRUE
NA NA NA 1 0 1 TRUE 9.33333333333333 NA 0.261745304767765 0.315256881202587 TRUE
NA NA NA 1 0 1 TRUE 8.33333333333333 NA 0.189835176371558 0.33429291456502 TRUE
NA NA NA 1 0 1 TRUE 3.66666666666667 NA -0.265598590020555 0.572167603904941 TRUE
NA NA NA 1 0 1 TRUE 32 TRUE -0.132848456739251 0.180353171826568 TRUE
NA NA NA 1 0 1 TRUE 324.666666666667 TRUE 0.124900696323899 0.0594942005073775 TRUE
NA NA NA 1 0 1 TRUE 11.6666666666667 TRUE -0.156307586912016 0.299698344225235 TRUE
NA NA NA 1 0 1 TRUE 12.3333333333333 TRUE -0.295108764999981 0.29783994541198 TRUE
NA NA NA 1 0 1 TRUE 42.3333333333333 TRUE -0.204008231706161 0.158648110064124 TRUE
NA NA NA 1 0 1 TRUE 13.3333333333333 TRUE -0.282165246083127 0.303484422015438 TRUE
NA NA NA 1 0 1 TRUE 18.3333333333333 TRUE -0.0509011170374436 0.237444101181422 TRUE
NA NA NA 1 0 1 TRUE 3 NA 0.246983006024782 0.550844122674272 TRUE
NA NA NA 1 0 1 TRUE 5 NA 0.595447710834025 0.417211629421862 TRUE
NA NA NA 1 0 1 TRUE 22.6666666666667 TRUE 0.160237654291414 0.203545286157975 TRUE
NA NA NA 1 0 1 TRUE 41.3333333333333 TRUE 0.105027762852791 0.153091344983947 TRUE
NA NA NA 1 0 1 TRUE 15.3333333333333 TRUE 0.0581669487937586 0.2503413957355 TRUE
NA NA NA 1 0 1 TRUE 19.3333333333333 TRUE -0.215581930214409 0.235941405698383 TRUE
NA NA NA 1 0 1 TRUE 384.666666666667 TRUE -0.284107186884471 0.0589720229251493 TRUE
NA NA NA 1 0 1 TRUE 11 TRUE 0.355539939516091 0.282474919298486 TRUE
NA NA NA 1 0 1 TRUE 28 TRUE 0.03102935051082 0.186707406539085 TRUE
NA NA NA 1 0 1 TRUE 16 TRUE -0.231343664137259 0.261133678289628 TRUE
NA NA NA 1 0 1 TRUE 26.6666666666667 TRUE 0.0316932281421319 0.194087087935386 TRUE
NA NA NA 1 0 1 TRUE 13.6666666666667 TRUE 0.209837165361738 0.26025946460659 TRUE
NA NA NA 1 0 1 TRUE 14.3333333333333 TRUE -0.418220617258737 0.283568923112139 TRUE
NA NA NA 1 0 1 TRUE 8 NA -0.262821950241348 0.369415853588839 TRUE
NA NA NA 1 0 1 TRUE 20.6666666666667 TRUE -0.18118176149796 0.227249069962651 TRUE
NA NA NA 1 0 1 TRUE 215.666666666667 TRUE -0.180909110234062 0.0741273755397803 TRUE
NA NA NA 1 0 1 TRUE 10.3333333333333 TRUE -0.110522942795068 0.315353113781341 TRUE
NA NA NA 1 0 1 TRUE 9.66666666666667 NA 0.480373986706331 0.300233636325792 TRUE
NA NA NA 1 0 1 TRUE 15.6666666666667 TRUE -0.178765000126843 0.260147668094487 TRUE
NA NA NA 1 0 1 TRUE 13.6666666666667 TRUE -0.267341417905692 0.281224367055037 TRUE
NA NA NA 1 0 1 TRUE 32.3333333333333 TRUE 0.0318637948607253 0.176236111324117 TRUE
NA NA NA 1 0 1 TRUE 33.6666666666667 TRUE -0.055953512333784 0.174304987794449 TRUE
NA NA NA 1 0 1 TRUE 62.3333333333333 TRUE 0.0806374927238846 0.12689838276927 TRUE
NA NA NA 1 0 1 TRUE 90 TRUE 0.207334865618403 0.104249367816361 TRUE
NA NA NA 1 0 1 TRUE 173 TRUE 0.141135914909069 0.0778816556965415 TRUE
NA NA NA 1 0 1 TRUE 39.6666666666667 TRUE -0.184667765961694 0.164391058802101 TRUE
NA NA NA 1 0 1 TRUE 89.3333333333333 TRUE -0.0248751936184163 0.107301094951738 TRUE
NA NA NA 1 0 1 TRUE 185.666666666667 TRUE 0.0213305217625069 0.0766027983840226 TRUE
NA NA NA 1 0 1 TRUE 45.3333333333333 TRUE -0.0563773354666781 0.151462196556445 TRUE
NA NA NA 1 0 1 TRUE 96.6666666666667 TRUE 0.0139455833244619 0.10335593655822 TRUE
NA NA NA 1 0 1 TRUE 107.666666666667 TRUE -0.0597062658592977 0.0995934500520061 TRUE
NA NA NA 1 0 1 TRUE 192.333333333333 TRUE -0.0115909192696166 0.0757265810852913 TRUE
NA NA NA 1 0 1 TRUE 269.666666666667 TRUE 0.15347482527179 0.0643566304348692 TRUE
NA NA NA 1 0 1 TRUE 196.333333333333 TRUE 0.132490054294188 0.0736958539905145 TRUE
NA NA NA 1 0 1 TRUE 137.333333333333 TRUE 0.112446533762903 0.0868142057648773 TRUE
NA NA NA 1 0 1 TRUE 155.666666666667 TRUE -0.0603563198420467 0.0837733231389995 TRUE
NA NA NA 1 0 1 TRUE 129 TRUE -0.0759321486389113 0.0915737529492212 TRUE
NA NA NA 3 0 1 TRUE 45 TRUE 0.073453720802362 0.148070846013099 TRUE
NA NA NA 3 0 1 TRUE 27.6666666666667 TRUE 0.0777604661105402 0.186972586594721 TRUE
NA NA NA 1 0 1 TRUE 281.333333333333 TRUE 0.258134445169019 0.0618547706998723 TRUE
NA NA NA 1 0 1 TRUE 42.6666666666667 TRUE -0.198602851269679 0.158758140040161 TRUE
NA NA NA 1 0 1 TRUE 84.3333333333333 TRUE 0.39330801871849 0.10508503833551 TRUE
NA NA NA 1 0 1 TRUE 39.3333333333333 TRUE 0.649077862991025 0.146348047645194 TRUE
NA NA NA 1 0 1 TRUE 150.666666666667 TRUE 0.550746580491663 0.0791292512637816 TRUE
NA NA NA 1 0 1 TRUE 170 TRUE 0.350768393845073 0.0762647821429571 TRUE
NA NA NA 2 0 1 TRUE 202.333333333333 TRUE 0.600676628818453 0.0695096380944538 TRUE
NA NA NA 1 0 1 TRUE 104.333333333333 TRUE -0.0625452530854111 0.101251554982235 TRUE
NA NA NA 1 0 1 TRUE 150.333333333333 TRUE 0.0705837373363299 0.0836773520258059 TRUE
NA NA NA 1 0 1 TRUE 120.333333333333 TRUE 0.06035013525552 0.0923739952977366 TRUE
NA NA NA 1 0 1 TRUE 203 TRUE 0.0925243622283446 0.0730068182546915 TRUE
NA NA NA 1 0 1 TRUE 298 TRUE 0.0411377436171064 0.0623486812543954 TRUE
NA NA NA 1 0 1 TRUE 304 TRUE 0.0266505814962285 0.0624913401809505 TRUE
NA NA NA 1 0 1 TRUE 70.3333333333333 TRUE 0.238697442820541 0.116787177020442 TRUE
NA NA NA 1 0 1 TRUE 116 TRUE 0.123561416238837 0.0930565294812009 TRUE
NA NA NA 1 0 1 TRUE 139.333333333333 TRUE 0.151433287575052 0.0858470360443356 TRUE
NA NA NA 1 0 1 TRUE 278.333333333333 TRUE 0.00201887752776078 0.0642623595294146 TRUE
NA NA NA 1 0 1 TRUE 434.666666666667 TRUE 0.109857410134835 0.052782471953341 TRUE
NA NA NA 1 0 1 TRUE 64 TRUE 0.189372755331713 0.122126653360871 TRUE
NA NA NA 1 0 1 TRUE 118.333333333333 TRUE 0.208245893673752 0.0915379041868971 TRUE
NA NA NA 1 0 1 TRUE 247 TRUE 0.423080224898645 0.0643689590100004 TRUE
NA NA NA 1 0 1 TRUE 332 TRUE 0.134089151332498 0.0588414470547134 TRUE
NA NA NA 3 0 1 TRUE 241.666666666667 TRUE 0.0291209731856643 0.0685791359659269 TRUE
NA NA NA 2 0 1 TRUE 150 TRUE 0.270509379544704 0.0813319820576081 TRUE
NA NA NA 1 0 1 TRUE 108 TRUE -0.0192552626354484 0.098998177751873 TRUE
NA NA NA 1 0 1 TRUE 137.333333333333 TRUE 0.100447241871845 0.0873981071228766 TRUE
NA NA NA 2 0 1 TRUE 132.666666666667 TRUE -0.0366210204006559 0.0900415931654791 TRUE
NA NA NA 1 0 1 TRUE 164.666666666667 TRUE -0.102293229593257 0.0825463288762822 TRUE
NA NA NA 1 0 1 TRUE 288 TRUE 0.0901962023451239 0.062889926803519 TRUE
NA NA NA 1 0 1 TRUE 125 TRUE 0.020528303931243 0.0921298811683627 TRUE
NA NA NA 1 0 1 TRUE 158.333333333333 TRUE -0.0140084013455926 0.0835008897821605 TRUE
NA NA NA 1 0 1 TRUE 87 TRUE 0.0498389327673569 0.108825897658996 TRUE
NA NA NA 1 0 1 TRUE 69 TRUE 0.193710935244412 0.118229092800289 TRUE
NA NA NA 1 0 1 TRUE 41.6666666666667 TRUE -0.144017686743031 0.158720981918303 TRUE
NA NA NA 1 0 1 TRUE 78 TRUE -0.275207176600557 0.120514577606068 TRUE
NA NA NA 1 0 1 TRUE 36 TRUE 0.155134508694095 0.161598357482779 TRUE
NA NA NA 1 0 1 TRUE 45.3333333333333 TRUE 0.21544636810469 0.143676850218508 TRUE
NA NA NA 1 0 1 TRUE 46.6666666666667 TRUE 0.238508192539401 0.141165159891672 TRUE
NA NA NA 1 0 1 TRUE 89.6666666666667 TRUE 0.0106323514502378 0.106788955627009 TRUE
NA NA NA 1 0 1 TRUE 87.3333333333333 TRUE -0.05917205370273 0.109338143748153 TRUE
NA NA NA 1 0 1 TRUE 84.3333333333333 TRUE 0.078435088947151 0.10922874466933 TRUE
NA NA NA 1 0 1 TRUE 100.666666666667 TRUE 0.0281177333785054 0.101351344667388 TRUE
NA NA NA 1 0 1 TRUE 222.333333333333 TRUE 0.0790980796525122 0.0700373099049636 TRUE
NA NA NA 1 0 1 TRUE 1025 TRUE 0.0629435745143822 0.0395073462901509 TRUE
NA NA NA 1 0 1 TRUE 664.333333333333 TRUE 0.0846722275822488 0.0456257794204367 TRUE
NA NA NA 1 0 1 TRUE 236.666666666667 TRUE 0.0576062247129075 0.0687488054186182 TRUE
NA NA NA 1 0 1 TRUE 110.333333333333 TRUE -0.169490785983609 0.0999769061347918 TRUE
NA NA NA 1 0 1 TRUE 73.6666666666667 TRUE -0.070178537569181 0.120033046415364 TRUE
NA NA NA 1 0 1 TRUE 127 TRUE -0.12748699469038 0.0927633807417358 TRUE
NA NA NA 1 0 1 TRUE 244 TRUE 0.171449912379203 0.0665008843439419 TRUE
NA NA NA 1 0 1 TRUE 164.666666666667 TRUE 0.0292873726992373 0.0812699167881211 TRUE
NA NA NA 1 0 1 TRUE 53.3333333333333 TRUE -0.0184358287958659 0.139353585933327 TRUE
NA NA NA 1 0 1 TRUE 267 TRUE 0.00506172382541306 0.065332955752598 TRUE
NA NA NA 2 0 2 TRUE 2.33333333333333 NA 0.2505776574843 0.729786281762777 TRUE
NA NA NA 1 0 1 TRUE 1613.66666666667 TRUE -0.0805949420976146 0.0350672252281737 TRUE
NA NA NA 1 0 1 TRUE 684.333333333333 TRUE 0.038614883106229 0.045197949176833 TRUE
NA NA NA 1 0 1 TRUE 242.666666666667 TRUE -0.0147449493130464 0.0684162549852752 TRUE
NA NA NA 1 0 1 TRUE 313.333333333333 TRUE 0.074974810205296 0.0607126298281631 TRUE
NA NA NA 1 0 1 TRUE 156.333333333333 TRUE 0.169569314587645 0.081293884444939 TRUE
NA NA NA 1 0 1 TRUE 123 TRUE 0.131191086615905 0.0909857850034876 TRUE
NA NA NA 1 0 1 TRUE 46 TRUE 0.118207907548582 0.146004324119309 TRUE
NA NA NA 1 0 1 TRUE 137.666666666667 TRUE 0.172911806438771 0.0859804963882538 TRUE
NA NA NA 2 0 2 TRUE 4 NA 0.414524207973851 0.466971045971281 TRUE
NA NA NA 1 0 1 TRUE 171.666666666667 TRUE 0.11659387875731 0.0787920695338624 TRUE
NA NA NA 2 0 2 TRUE 2 NA 0.632697309674506 0.642228152076508 TRUE
NA NA NA 1 0 1 TRUE 654.333333333333 TRUE 0.0545266899347128 0.0458020542844865 TRUE
NA NA NA 1 0 1 TRUE 418 TRUE 0.0276090215969786 0.0545017384710302 TRUE
NA NA NA 1 0 1 TRUE 187.333333333333 TRUE 0.0125988681363965 0.0762905977412497 TRUE
NA NA NA 1 0 1 TRUE 172.333333333333 TRUE -0.00291045898852145 0.0791360321561889 TRUE
NA NA NA 1 0 1 TRUE 98.6666666666667 TRUE 0.0132739109932285 0.10322553488292 TRUE
NA NA NA 1 0 1 TRUE 468 TRUE 0.0143381578045554 0.0522397927187054 TRUE
NA NA NA 1 0 1 TRUE 316 TRUE -0.134558964503348 0.0626039530924571 TRUE
NA NA NA 1 0 1 TRUE 414.333333333333 TRUE 0.100362293262458 0.0542495789056595 TRUE
NA NA NA 1 0 1 TRUE 272.333333333333 TRUE 0.225086503509788 0.0631591413394113 TRUE
NA NA NA 2 0 1 TRUE 103 TRUE 0.0699867089567346 0.0996994053063194 TRUE
NA NA NA 3 0 2 TRUE 7.33333333333333 NA 0.479268873725476 0.343490204429069 TRUE
NA NA NA 1 0 1 TRUE 143.333333333333 TRUE 0.123814177390744 0.0848097020495391 TRUE
