Pos	color_type	fA_ddg_type	fA_ddg	fA_ddg_sd	fA_ddg_weight	fB_ddg_type	fB_ddg	fB_ddg_sd	fB_ddg_weight	b_ddg_type	b_ddg	b_ddg_sd	b_ddg_weight	scHAmin_ligand	RSA_unbound
1	surface	fA_ddg	0.058048172767588	0.417514584789228	0.964533801428906	fB_ddg	0.211154510029256	0.353616867327348	0.911483585665291	b_ddg	-0.0608846651009184	0.316854381158968	0.862583690781697	16.4018478393555	80
2	surface	fA_ddg	0.287598848655998	0.325430886771328	0.808654305892594	fB_ddg	0.445981421486819	0.826311311646679	0.822546959615022	b_ddg	-0.120230705235905	0.435818958209984	0.731830318830125	18.9327907562256	49.3
3	core	fA_ddg	1.27820965990002	0.687828637869719	0.812122117320014	fB_ddg	1.67739155743686	0.916755149813272	0.642350580866814	b_ddg	-0.071724174003062	0.30560321464392	0.4211405641575	13.4856700897217	0.4
4	surface	fA_ddg	0.374510096840144	0.691800369057414	1	fB_ddg	0.563205098313851	0.932150586105804	0.946416953502005	b_ddg	0.0584351803362707	0.42132730197577	0.900668129872474	13.7171602249146	28.4
5	core	fA_ddg	1.57436816394214	0.352642006179573	0.61385294898882	fB_ddg	2.07940603759824	0.52418957575191	0.410296791757697	b_ddg	-0.44837528762661	0.652318498498683	0.278721741701822	10.3320255279541	4.1
6	surface	fA_ddg	0.510969357483657	0.951805847491898	0.449750369489208	fB_ddg	0.800472037536614	0.804945834967164	0.45587419729451	b_ddg	0.0687047113146047	0.583889088981805	0.529716525755322	6.70234441757202	43.9
7	surface_binding	fA_ddg	0.306201612389764	0.207060754565142	0.456290892363689	fB_ddg	0.29706019201614	0.300712558067688	0.608062441356142	b_ddg	1.33637722464795	0.910545339376386	0.420804439461425	3.88661026954651	56.8
8	surface	fA_ddg	1.58084982381318	0.703497514179605	0.533762545819081	fB_ddg	1.92431921826765	0.743183193175874	0.535561957814885	b_ddg	-0.193691853678765	0.411556042222663	0.510771768698471	6.80924320220947	65.5
9	core_binding	fA_ddg	1.04718120853669	1.06040473069369	0.460831063603743	fB_ddg	1.0936687356305	1.15459104418494	0.628338247028214	b_ddg	2.31841575007516	0.890932966575614	0.551312155104844	5.04662227630615	12.7
10	surface	fA_ddg	0.261175268318667	0.481601013968655	0.770799133786015	fB_ddg	0.574225437894398	0.524039486967308	0.683794243501184	b_ddg	-0.111133051947695	0.308078178416781	0.620033830346295	8.45397186279297	76.1
11	surface	fA_ddg	0.873964182567482	0.60123305391822	0.309948825335782	fB_ddg	0.893351582653739	1.00976059389178	0.396104047591975	b_ddg	0.138365049585232	0.532620348127526	0.446239407764288	7.42167234420776	37.8
12	surface_binding	fA_ddg	1.06353039366668	0.635457772926089	0.159985919787063	fB_ddg	0.443514697896875	0.608383512920469	0.451258181763761	b_ddg	0.218674708965554	0.520225626782575	0.344675235042706	3.88823509216309	78.1
13	surface_binding	fA_ddg	0.100025596604803	0.282044765200091	0.396079269675005	fB_ddg	0.251706399757754	0.37941388391973	0.37250148285719	b_ddg	0.938417269364251	0.515825233475672	0.324749491778457	3.73995971679688	70.7
14	surface	fA_ddg	0.48654440436816	0.427431755688391	0.462115381946757	fB_ddg	0.506417174360058	0.324474702153664	0.742292394176817	b_ddg	0.138639113137462	0.105770428374326	0.758530100935534	7.35935497283936	110.2
15	surface	fA_ddg	1.45745295048438	0.433288151474381	0.138074632076521	fB_ddg	0.908143205184942	0.542727090871145	0.359247275894566	b_ddg	0.984052248473416	0.661739889315845	0.343883433140465	5.95938968658447	50.9
16	core_binding	fA_ddg	0.437618067327512	0.373751631931621	0.248710186899651	fB_ddg	0.0594617932517673	0.684779972994025	0.366997890644323	b_ddg	1.91662733997831	0.53720875643141	0.319351427351163	3.52183032035828	20.6
17	core	fA_ddg	1.90913165240385	0.474969498874747	0.266426225665601	fB_ddg	2.3879208049588	0.884286381437093	0.192596718385486	b_ddg	0.612631992923662	0.608451748214933	0.149222653827948	9.85407161712646	2
18	surface	fA_ddg	0.463664025487068	0.804896271545819	0.451659442111672	fB_ddg	0.314141322650073	0.633229798763507	0.590956284762745	b_ddg	0.176844135170872	0.481026989288916	0.507691918028687	10.976001739502	36.1
19	core	fA_ddg	1.73520295083702	0.280035002255994	0.513070714790526	fB_ddg	2.39281010759919	0.656838801173581	0.26877205497004	b_ddg	-0.0117142912797354	0.504173082389742	0.273973769048705	9.77065181732178	6
20	surface	fA_ddg	0.51808409476007	0.526682410306506	0.771360722521985	fB_ddg	0.880280271489376	0.738939664999177	0.618256029777164	b_ddg	-0.257451801859005	0.70347248670025	0.385926187856177	11.5199241638184	69.6
21	surface	fA_ddg	0.931100058049797	0.718654691354114	0.936793506729435	fB_ddg	1.01725066141809	1.08165719251138	1	b_ddg	-0.237185092637032	0.199668238042371	0.75355159666344	8.46063899993896	68.3
22	surface	fA_ddg	2.03719505238888	0.292342411176767	0.237482901083524	fB_ddg	2.45087128271244	0.347531316299661	0.188869779052412	b_ddg	-0.61589777502591	0.308657539777275	0.192923754523193	12.7837572097778	30.1
23	core	fA_ddg	1.70637661659989	0.547070750658651	0.431141717433439	fB_ddg	1.63712319670182	0.935214987569373	0.392083779887412	b_ddg	-0.257082639229907	0.509348931702198	0.292590230292369	14.1471786499023	19.4
24	surface	fA_ddg	0.086357373724018	1.24173625817842	0.35032868164574	fB_ddg	0.10076603236932	0.978152341118139	0.46728785779643	b_ddg	-0.0251301573632133	0.68959561712591	0.529807545130315	17.7447986602783	54.9
25	core	fA_ddg	1.62102766463011	0.599867211404288	0.231136651290444	fB_ddg	2.21560202838194	0.640715904516534	0.143097015626234	b_ddg	0.350666593911125	0.662068617821607	0.122933059134611	14.9100875854492	0
26	surface	fA_ddg	0.674134579315367	1.02252148988733	0.261281244845548	fB_ddg	0.31632322942278	1.10867814236432	0.542564308305533	b_ddg	-0.0592440482875823	0.247236307973466	0.523548578811703	16.6230850219727	41.6
27	core	fA_ddg	1.46453319781099	0.680202988727899	0.308309922893023	fB_ddg	1.37423860759037	1.05858857293632	0.256908481877966	b_ddg	0.556895277330595	1.09917594190774	0.248467364779523	12.8674201965332	8.9
28	surface	fA_ddg	0.259922383258239	0.796804491044686	0.714732804273012	fB_ddg	0.433872753810041	1.04860293098456	0.675443933454586	b_ddg	-0.148719387594745	0.697112313717065	0.627431823807292	11.9162111282349	61.7
29	surface	fA_ddg	1.76063583230511	0.674645013056487	0.214592317801797	fB_ddg	1.87512260940163	0.841619003756829	0.352879204694	b_ddg	-0.380745887947184	0.488438572575542	0.358257490278111	7.80917119979858	41.2
30	surface	fA_ddg	0.58421925391086	0.839528533785546	0.257365471967648	fB_ddg	0.660507585099442	0.972738093344229	0.290625179116248	b_ddg	0.0395088626029604	1.09371295764491	0.277103798046187	9.77240371704102	50
31	surface	fA_ddg	0.84338250006321	1.47924888599966	0.295786524158075	fB_ddg	0.956942260397012	0.779224094493422	0.372172407270425	b_ddg	-0.139356365405617	0.332366268562748	0.385096400097812	7.59775447845459	82.4
32	surface_binding	fA_ddg	1.18651453968085	0.680766277024743	0.411687168466867	fB_ddg	1.13488088963202	1.01535318362592	0.438347788660116	b_ddg	0.838053856635454	0.483195115530973	0.448409737343158	3.97593474388123	45.9
33	surface	fA_ddg	0.973183121342945	0.528936694817322	0.311736407726062	fB_ddg	0.589670560062265	0.395779290239095	0.788509221799007	b_ddg	0.0974471649750003	0.203534249049917	0.701172695003729	7.28092336654663	77.8
34	surface_binding	fA_ddg	0.235562857018861	1.20150064347712	0.290048932314878	fB_ddg	-0.0835164114525981	0.294264959435521	0.602909309262928	b_ddg	0.737148017209421	0.68612119231279	0.62369237852699	4.07556867599487	69.1
35	surface_binding	fA_ddg	1.01324799602974	0.572241776925595	0.430495706808053	fB_ddg	0.766698068144642	0.83887348336712	0.580126289723058	b_ddg	2.19821675713425	0.42271701032158	0.351599797639167	3.47429013252258	37.3
36	core	fA_ddg	1.08473867238299	0.665336645773045	0.32404297003595	fB_ddg	1.58127255771152	1.23329358739723	0.211108884094277	b_ddg	0.299708950713584	0.391651301041837	0.189959152386599	8.03928375244141	13.9
37	surface_binding	fA_ddg	0.285071169833619	0.507035188167359	0.472758454842546	fB_ddg	0.842694253459659	0.521897739648234	0.40430442340695	b_ddg	-0.484100239249419	0.594607703946239	0.383419074228028	4.10328435897827	44.4
38	core	fA_ddg	2.26494885587231	0.178660119041736	0.276539769884963	fB_ddg	2.94797534517841	0.287000720798479	0.185664878719308	b_ddg	0.0310517483669049	0.663306808916896	0.167196963369913	11.1112203598022	0.7
39	core	fA_ddg	0.536577789766095	0.861118896429765	0.333356251596594	fB_ddg	0.462023492653505	1.00075722990588	0.565618332540304	b_ddg	0.0939370081436026	0.393295195442096	0.526546771509655	15.1559410095215	24.7
40	core	fA_ddg	1.76234792550148	0.583221111373774	0.365439733991629	fB_ddg	1.42397257351394	0.728370875828634	0.520442511563746	b_ddg	-0.139518185639687	0.276575105664935	0.568286960865358	14.6733989715576	7.6
41	surface	fA_ddg	0.857096583616002	0.892473581643892	0.297585810942853	fB_ddg	1.18942686811406	1.10764937699164	0.359078000922463	b_ddg	-0.299797276078394	0.313614596374365	0.398938598547036	17.7157802581787	66.8
42	surface	fA_ddg	1.42719395741354	0.792790429951923	0.550190524149237	fB_ddg	1.71684508660155	0.732227877226425	0.504564756908159	b_ddg	-0.286881131693892	0.436165911922368	0.483381720806686	18.4672374725342	103
43	surface	fA_ddg	0.333239782648596	0.836106396791388	0.472642050402649	fB_ddg	0.274011977337263	1.33522774210915	0.473311427752888	b_ddg	-0.0255704672494722	0.258409729851127	0.42985582496486	13.9409399032593	66.6
44	surface	fA_ddg	0.391808108615818	0.703227012779795	0.732704236685669	fB_ddg	0.841971000006458	0.979797193744413	0.528938434894674	b_ddg	-0.296855326830511	0.297951742005813	0.454908238199698	12.3469114303589	67.8
45	core	fA_ddg	1.56503303016261	0.352485005600319	0.993513723240802	fB_ddg	2.68238977274721	0.567896210341187	0.332724720341532	b_ddg	0.816394308741056	0.801513765551346	0.338736242604631	8.99447441101074	12
46	surface_binding	fA_ddg	0.0786536882288334	0.521705869524975	0.396974018719686	fB_ddg	-0.0566060056032169	1.2364433415046	0.581261342013102	b_ddg	0.34968911890686	1.14602778886433	0.547750641284227	3.69755029678345	34.9
47	core	fA_ddg	1.69164158284801	0.357041144255302	0.441399454182691	fB_ddg	2.26840714984836	0.764515167153679	0.249983807126886	b_ddg	0.711301549099225	1.38019973497174	0.290466205136005	8.63258838653564	0
48	core_binding	fA_ddg	1.0516601561019	0.759199033956015	0.162318150798561	fB_ddg	0.949878965888207	1.1112927598594	0.33353130307016	b_ddg	0.685012284068811	1.05259187308475	0.298148639748202	4.86593914031982	12.6
49	surface	fA_ddg	0.787954014260256	0.621245130220651	0.464430756261418	fB_ddg	0.93104402976432	0.803551355274565	0.572746880274453	b_ddg	-0.367213766190539	0.559677712757168	0.577776957706748	9.03378963470459	39.5
50	surface_binding	fA_ddg	0.184381620393481	0.362580819447529	0.5090925135974	fB_ddg	-0.182800147497198	0.563090539792473	0.910712391214781	b_ddg	0.644808345159819	0.491205107216224	1	3.96473979949951	73.6
51	surface_binding	fA_ddg	0.460006622906067	0.792503995857257	0.592135057700478	fB_ddg	0.426320395747737	1.019800954297	0.723680740320096	b_ddg	0.910606245908415	1.1879394225856	0.494269842265017	3.37676930427551	34.6
52	core	fA_ddg	1.65427065747003	0.489751132413453	0.417700145638079	fB_ddg	1.64584731220607	0.790311045089885	0.402516944600377	b_ddg	0.0466781345980504	0.586471745344734	0.437343141687514	9.72307014465332	1.2
53	surface	fA_ddg	0.586423235924708	0.754240001185082	0.283389646438264	fB_ddg	0.495952158136216	1.15441251788479	0.326822595753085	b_ddg	0.0454058298796921	0.449303204913203	0.30994416497262	11.1635160446167	37.7
54	surface	fA_ddg	0.655502875467392	0.848973053203078	0.231850195551655	fB_ddg	0.127179373329305	0.207860329904222	0.690558633023131	b_ddg	0.0731616214315187	0.176014130058356	0.697905281208865	15.1397514343262	63.8
55	surface	fA_ddg	0.0284055364068098	0.32591357332776	0.453846021225073	fB_ddg	0.557654971372572	0.305906602664911	0.283856785151555	b_ddg	-0.118417758287191	0.369203341804627	0.30498456789272	17.0909366607666	34.5
56	surface	fA_ddg	0.738214566664412	0.619174632879507	0.188797044035962	fB_ddg	0.322932830416598	0.644436682556139	0.431029793845656	b_ddg	0.0477503778098454	0.646435191722044	0.418022378798658	21.4514846801758	138.7
