Pos	color_type	f_ddg_type	f_ddg	f_ddg_sd	f_ddg_weight	b_ddg_type	b_ddg	b_ddg_sd	b_ddg_weight	scHAmin_ligand	RSA_unbound
1	surface	f_ddg	0.139599907252891	0.15446370981087	0.90419043617587	b_ddg	-0.00999494899415262	0.0965028577404119	0.722366770578199	16.4018478393555	80
2	surface	f_ddg	0.404193142479614	0.393404331650287	0.8676420508262	b_ddg	-0.0501923414933531	0.131744414382158	0.763439189692904	18.9327907562256	49.3
3	core	f_ddg	1.46879340741768	0.756307869004423	0.656841878851118	b_ddg	0.131326711562963	0.541985770294724	0.354246473738802	13.4856700897217	0.4
4	surface	f_ddg	0.518423445859665	0.787768824733175	1	b_ddg	0.111741716174564	0.49765414432794	0.842413850178492	13.7171602249146	28.4
5	core	f_ddg	1.89962074994808	0.358246500064644	0.463091465295905	b_ddg	-0.163720116917818	0.785887585818204	0.206461610199803	10.3320255279541	4.1
6	surface	f_ddg	0.611424193410984	0.807844478959836	0.238349381373073	b_ddg	0.212803570577508	0.569626687656001	0.396585877119047	6.70234441757202	43.9
7	surface_binding	f_ddg	0.299305567062915	0.169416007299796	0.591401103624351	b_ddg	0.896890114311302	0.938639481617937	0.304208926227076	3.88661026954651	56.8
8	surface	f_ddg	1.73013278748538	0.477393422160862	0.474120984304351	b_ddg	-0.175239981014426	0.383003393756138	0.52200897031368	6.80924320220947	65.5
9	core_binding	f_ddg	0.947187473210175	1.06515863093735	0.452863408109098	b_ddg	2.09862080748769	0.960420484493176	0.27239594722219	5.04662227630615	12.7
10	surface	f_ddg	0.335962030213124	0.503780790938606	0.778552117025803	b_ddg	0.108099007298369	0.249717467857375	0.766381463701031	8.45397186279297	76.1
11	surface	f_ddg	0.818175752511957	0.649113093625099	0.374157864490416	b_ddg	0.131191881610069	0.201504336489653	0.443956785572788	7.42167234420776	37.8
12	surface_binding	f_ddg	0.487153036729737	0.552364718506786	0.322944768382678	b_ddg	0.174527546160625	0.548017816280525	0.394625263577734	3.88823509216309	78.1
13	surface_binding	f_ddg	0.18809545346653	0.262899446834607	0.384003338071684	b_ddg	0.924694951665148	0.476165819195642	0.4671967632251	3.73995971679688	70.7
14	surface	f_ddg	0.50233153201592	0.31561090588146	0.480020749040377	b_ddg	0.137248352115239	0.0938582264723554	0.959113317293146	7.35935497283936	110.2
15	surface	f_ddg	1.0713331100415	0.340182400025493	0.245450292768428	b_ddg	0.7344089385203	0.569815965741338	0.199658624859982	5.95938968658447	50.9
16	core_binding	f_ddg	0.262851696262434	0.512347308114485	0.44553215427369	b_ddg	1.41797621399615	0.567824979561433	0.214192331057043	3.52183032035828	20.6
17	core	f_ddg	1.94752873986849	0.652942612700539	0.192480536793447	b_ddg	0.772923717034211	0.755706736127184	0.119567901068635	9.85407161712646	2
18	surface	f_ddg	0.380287911210523	0.583267037342256	0.577014660687929	b_ddg	0.110484775525327	0.360905198242592	0.677863232422019	10.976001739502	36.1
19	core	f_ddg	2.04116133203925	0.363462690603876	0.305357925440328	b_ddg	0.168890276145567	0.555441023665189	0.378461537549464	9.77065181732178	6
20	surface	f_ddg	0.726639142338807	0.574710075003729	0.721111003953939	b_ddg	-0.09865473991056	0.750250930164112	0.532216810182562	11.5199241638184	69.6
21	surface	f_ddg	0.943903165550513	0.905398876777053	0.986621402666939	b_ddg	-0.15102734574223	0.206979668933858	0.586084194286128	8.46063899993896	68.3
22	surface	f_ddg	2.253479811042	0.149001118872156	0.134453414833779	b_ddg	-0.546117089899537	0.369221583080885	0.221871489928731	12.7837572097778	30.1
23	core	f_ddg	1.62251079407258	0.661454700712385	0.360086307735557	b_ddg	-0.202262762409838	0.355236284272597	0.328355792784457	14.1471786499023	19.4
24	surface	f_ddg	-0.0627339033289575	0.625085029380897	0.331045087840076	b_ddg	-0.0758482439520967	0.115817584559423	0.589662697459338	17.7447986602783	54.9
25	core	f_ddg	1.45904993690043	0.421722183685057	0.179967662281376	b_ddg	0.143431905332936	0.76757921919836	0.189185583701878	14.9100875854492	0
26	surface	f_ddg	0.111988794612582	1.08137571293796	0.287273769449677	b_ddg	-0.0706742638142643	0.0904927641628525	0.566437164409435	16.6230850219727	41.6
27	core	f_ddg	1.2964651612503	0.846363174635701	0.283141040812317	b_ddg	0.44529930163124	0.91528960268088	0.397825214378596	12.8674201965332	8.9
28	surface	f_ddg	0.304440890307111	0.638147360268861	0.857753331045185	b_ddg	-0.0962940871950458	0.180905735086783	0.730145431151062	11.9162111282349	61.7
29	surface	f_ddg	1.39252615883432	0.790688002427555	0.294998351038478	b_ddg	-0.157123969606107	0.424431986328036	0.281630103696355	7.80917119979858	41.2
30	surface	f_ddg	0.555097386888959	0.399040924455098	0.26487733818158	b_ddg	0.0743037620217682	0.127498516916915	0.553905420464866	9.77240371704102	50
31	surface	f_ddg	0.704971722469098	0.867362177007419	0.240520052483742	b_ddg	-0.0631397636352515	0.325593802825082	0.517836403601254	7.59775447845459	82.4
32	surface_binding	f_ddg	0.967932386044602	0.861458051290844	0.468098589386429	b_ddg	0.697288138133921	0.413480151926233	0.485179969031067	3.97593474388123	45.9
33	surface	f_ddg	0.622379628313943	0.349663147825335	0.544696340615506	b_ddg	0.00887564308752561	0.151263476493775	0.712474977408479	7.28092336654663	77.8
34	surface_binding	f_ddg	0.0896012101985317	0.24446512093277	0.255029716110279	b_ddg	0.479772338015368	0.528160684849325	0.761135725275508	4.07556867599487	69.1
35	surface_binding	f_ddg	0.770673337358013	0.683484299250473	0.644803014259628	b_ddg	2.09359859949955	0.351471140713717	0.182551698738306	3.47429013252258	37.3
36	core	f_ddg	1.26969942422261	0.747290449919965	0.309340590296692	b_ddg	0.554257178029477	0.329647703823645	0.297315807911948	8.03928375244141	13.9
37	surface_binding	f_ddg	0.647999463868921	0.273450812730347	0.647528631833223	b_ddg	-0.417742174613743	0.265723549205637	0.47729131702534	4.10328435897827	44.4
38	core	f_ddg	2.61161568849268	0.094522550383471	0.132243474932073	b_ddg	-0.0718263082191272	0.609880320572454	0.131673435477757	11.1112203598022	0.7
39	core	f_ddg	0.544594518215151	0.847369511382861	0.312967725097805	b_ddg	0.0291354983649279	0.518645031526468	0.595257098008419	15.1559410095215	24.7
40	core	f_ddg	1.62174211951877	0.486450098142863	0.425482024332261	b_ddg	-0.188976783819356	0.102043111581965	0.550952786871769	14.6733989715576	7.6
41	surface	f_ddg	0.763576879628319	1.02556199682473	0.382213513613813	b_ddg	-0.104105821841435	0.31983156371914	0.643869499154507	17.7157802581787	66.8
42	surface	f_ddg	1.64161130828104	0.404304837804669	0.509712524588208	b_ddg	-0.180884646816003	0.152480133200558	0.594389440537346	18.4672374725342	103
43	surface	f_ddg	0.214207319923929	1.06448057023163	0.761196423202042	b_ddg	0.0152988194560338	0.273043196659683	0.53227101217196	13.9409399032593	66.6
44	surface	f_ddg	0.615877602658937	0.832555929633439	0.649650891573067	b_ddg	-0.0465478220221292	0.1679244737063	0.462347359949747	12.3469114303589	67.8
45	core	f_ddg	2.1476667414562	0.206937820453526	0.526393138687754	b_ddg	1.04935526869344	0.31964218875326	0.23812983746995	8.99447441101074	12
46	surface_binding	f_ddg	0.00434406962772758	0.276197522605059	0.589453189916517	b_ddg	0.273317597441072	1.0859357604022	0.497709093307941	3.69755029678345	34.9
47	core	f_ddg	1.95864820990786	0.345136878161263	0.297588132051632	b_ddg	0.324460519499319	1.30727565930628	0.428596534912824	8.63258838653564	0
48	core_binding	f_ddg	0.973849540942779	0.64060032904917	0.360037619649611	b_ddg	0.671775948472849	0.735955937716969	0.342530486964157	4.86593914031982	12.6
49	surface	f_ddg	0.751200810592885	0.72394818286259	0.782265034679896	b_ddg	-0.289705406798483	0.47010816894352	0.7085754968061	9.03378963470459	39.5
50	surface_binding	f_ddg	0.0115151887610825	0.399516125598603	0.953654220685021	b_ddg	0.522878115506591	0.312600741728102	1	3.96473979949951	73.6
51	surface_binding	f_ddg	0.370050372279009	0.839584271202541	0.664335133357959	b_ddg	0.599957891846614	1.1100548514783	0.36194152960763	3.37676930427551	34.6
52	core	f_ddg	1.39588527319539	0.594990650239901	0.30299083870783	b_ddg	0.059675524625341	0.72646053623006	0.438791325014445	9.72307014465332	1.2
53	surface	f_ddg	0.359640306296783	0.896559848362897	0.340209453497718	b_ddg	0.140170985692986	0.647473353803686	0.381949744613621	11.1635160446167	37.7
54	surface	f_ddg	0.291390645685616	0.187709419863774	0.505691560487568	b_ddg	-0.0476124844282828	0.140197132599366	0.654204604309543	15.1397514343262	63.8
55	surface	f_ddg	0.230774202100803	0.214115473035895	0.370828724959494	b_ddg	0.155951498532071	0.119611224077373	0.882312121558119	17.0909366607666	34.5
56	surface	f_ddg	0.40994218556252	0.275188290423901	0.354864275957154	b_ddg	0.000708229458551496	0.0645406174661432	0.562008492415761	21.4514846801758	138.7
