Pos	color_type	f_ddg_type	f_ddg	f_ddg_sd	f_ddg_weight	b_ddg_type	b_ddg	b_ddg_sd	b_ddg_weight	scHAmin_ligand	RSA_unbound
1	surface	f_ddg	0.1766875738752	0.250798392355736	0.887733350659964	b_ddg	0.119148504770763	0.100887238880855	0.67824874909488	19.8035659790039	49.7
2	surface	f_ddg	1.25935372234234	0.749594228415357	0.368959340019285	b_ddg	0.541602907516231	0.589259570704188	0.130790021826533	16.4916496276855	25.6
3	surface	f_ddg	0.405656086525216	0.671855657307055	0.264184321334883	b_ddg	0.0840732471678037	0.165360841415987	0.346541872537593	17.3757190704346	68
4	core	f_ddg	1.31460593731855	0.766037276294503	0.170846919370455	b_ddg	0.459370918726408	0.874616773504855	0.0841004882018185	13.6298208236694	0.3
5	surface	f_ddg	0.710318235966211	0.795505349116398	0.509237808241434	b_ddg	0.0596040454579733	0.141839936482454	0.424530260475819	15.8652963638306	39.7
6	core	f_ddg	1.70098021480634	0.970121049019888	0.164893728614773	b_ddg	0.325714470510384	0.8193428056913	0.0648683534494743	10.7999982833862	2.2
7	surface	f_ddg	0.426551494589271	0.483683167925734	0.569742450398261	b_ddg	-0.00615881589699867	0.115131733087791	0.455512326248437	15.1082563400269	73.9
8	core	f_ddg	0.774979191695298	0.519525092285211	0.337944731749615	b_ddg	0.369577101624885	0.408744862288578	0.180647042890552	7.38486909866333	9.3
9	surface	f_ddg	0.572434543402209	0.395209453837912	0.646651732049073	b_ddg	0.179438509303217	0.147096037170303	0.511270338293786	13.4482116699219	40.6
10	surface	f_ddg	0.182706635974385	0.492602089303186	0.578763584559916	b_ddg	0.00465818167979284	0.079904801394876	0.875464698260643	13.3462114334106	96.3
11	surface	f_ddg	0.137894888974685	0.341232076455285	0.777528440042964	b_ddg	-0.0523784086991145	0.0608306615820236	0.905394393543284	10.7898292541504	60.5
12	surface_binding	f_ddg	0.997152053267804	0.812901227603263	0.550208298582208	b_ddg	-0.438952270320473	0.389167708758011	0.343140684372489	6.42904233932495	65.3
13	core_binding	f_ddg	1.20319777208535	0.946083710011678	0.437006964024858	b_ddg	0.539665362282335	0.525270146763186	0.189542374765084	4.87744235992432	8.1
14	core_binding	f_ddg	2.20027184861208	0.611229231961039	0.223312721546546	b_ddg	0.904404276812247	0.735060531909182	0.068827117775959	6.6886157989502	17.1
15	core_binding	f_ddg	1.42636951786953	0.950597018364502	0.316237345092454	b_ddg	0.6007962341933	0.76369878436838	0.157447884711463	5.23414516448975	15.7
16	surface_binding	f_ddg	0.535080391774841	0.882292387001738	0.512882682632981	b_ddg	0.062937834972233	0.446658385700976	0.636198110367355	4.21524477005005	59.3
17	core_binding	f_ddg	0.921333055105275	1.12714131882926	0.414004654212262	b_ddg	1.06128994735238	0.603740111359328	0.121887786842687	5.65717029571533	15
18	core_binding	f_ddg	0.297894850309173	0.434604497838548	0.535047647412536	b_ddg	0.30698176932137	0.250483940686195	0.442944005605183	4.31518030166626	22.7
19	core	f_ddg	0.218003072628982	0.988114634806384	0.54496324706791	b_ddg	0.965579036083541	0.291963727197974	0.225170700845489	6.92159032821655	14.1
20	core	f_ddg	0.865516050198375	0.598769126807439	0.573667210526427	b_ddg	1.03699310191158	0.312279856565786	0.155651203231011	7.76313304901123	9.9
21	surface_binding	f_ddg	0.387939110614389	0.332459372244787	0.453201659763839	b_ddg	0.255944997789421	0.182537586907672	0.413160092584123	5.33741283416748	76.6
22	surface	f_ddg	0.238102632198955	0.380792090202153	0.479707137980066	b_ddg	0.0274665925664238	0.208275690663273	0.488079073784817	12.0300540924072	76.1
23	surface	f_ddg	0.594245653979992	0.397952978577166	0.726737210389536	b_ddg	-0.0406430887949602	0.238559975820396	0.718019936124779	13.3131246566772	54.5
24	surface	f_ddg	0.111928870317762	0.310862786298538	0.498704151345176	b_ddg	0.206664863169927	0.113197480978604	0.515549676365842	10.7201499938965	38.8
25	core	f_ddg	2.25062206700501	0.526157578504417	0.292960207290209	b_ddg	0.157223801663569	0.386833614250298	0.102347238977949	12.175687789917	0.5
26	core	f_ddg	1.08806696919566	0.817595090161536	0.371227083171052	b_ddg	1.00880584448116	0.342676094460833	0.14668375355425	9.76350593566895	0
27	core	f_ddg	0.940952322953431	0.795710285809548	0.607055801489631	b_ddg	0.110649630703759	0.46824336159605	0.523747515138379	9.13542938232422	0.7
28	core	f_ddg	1.75742766190096	0.966337739863199	0.294382721212178	b_ddg	0.158452336980172	0.499566814761821	0.192858898268732	9.5701265335083	0
29	core_binding	f_ddg	0.957160928808894	0.947246962722717	0.483716967099823	b_ddg	0.352201344903547	0.46864986415465	0.325706663863662	3.69248986244202	18.1
30	surface	f_ddg	-0.180343746201242	0.743662576041131	0.274173860918295	b_ddg	0.258814651785302	0.48462174156264	0.371073560572126	6.69108009338379	52.5
31	core	f_ddg	1.40096146238672	0.79619690294831	0.381139459994736	b_ddg	0.465958382783164	0.581696023719249	0.175216544453747	10.923849105835	23.9
32	surface	f_ddg	0.113868206079105	0.314689516821371	0.289297454552393	b_ddg	0.101451784170126	0.160163202685362	0.368362935040771	7.82996845245361	50.6
33	surface	f_ddg	0.417240455066461	0.37940394324819	0.492443713556963	b_ddg	-0.0146675386046907	0.101190434106838	0.441433553077432	13.2441205978394	82.6
34	surface	f_ddg	1.20015740534181	0.543779118398993	0.567867661586681	b_ddg	0.229627847297047	0.471458122036103	0.321414174935467	13.6827592849731	63.8
35	core	f_ddg	1.52836317566886	0.70905327212098	0.272620273888046	b_ddg	0.374901622697758	0.587009465378057	0.170064975940447	11.146032333374	6.5
36	core	f_ddg	0.844673033436804	0.558083403483638	0.505026570787207	b_ddg	0.13417122413	0.362861164548501	0.38713161510844	9.85318088531494	22.4
37	core	f_ddg	1.48626534335906	0.566857044921829	0.317422978794126	b_ddg	0.665604855009709	0.662898531308054	0.127648563251157	8.82497596740723	0.2
38	surface	f_ddg	0.86503137429681	0.552659808062139	0.391629855179986	b_ddg	0.246231381427456	0.434351777731418	0.244879948003528	13.1374378204346	40.3
39	surface	f_ddg	0.342263850381752	0.521973787402342	0.706912569128734	b_ddg	0.133088798644826	0.494877984357117	0.604379353607738	15.17409324646	77.3
40	surface	f_ddg	0.430359523937684	0.538847459947855	0.400963633500831	b_ddg	0.215342159305404	0.243132852737998	0.349494563871274	13.4284839630127	25.6
41	surface	f_ddg	1.11320120431624	0.727840574448008	0.416096508810482	b_ddg	0.215851637067048	0.293517190653164	0.265709921980908	16.4354972839355	83.4
42	surface	f_ddg	0.336215619969341	0.476333803025645	0.458313700784765	b_ddg	0.182776890838678	0.212726844607572	0.535343897432564	15.8748264312744	50.4
43	core	f_ddg	1.71559196972418	0.815353522125867	0.262474358258477	b_ddg	0.318795439683165	0.504823838517988	0.125997825205821	11.1966199874878	9.1
44	surface	f_ddg	0.346319598058039	0.61507662525777	0.336863430532041	b_ddg	0.10586610978438	0.1919066138823	0.367750240874154	14.8087110519409	44.5
45	surface	f_ddg	0.512677519941878	0.563927727956209	0.637034562117728	b_ddg	-0.00865245183949069	0.146672652318016	0.518887669851861	9.03252124786377	27.9
46	core	f_ddg	1.64468149145176	0.488815751543965	0.42327030882816	b_ddg	0.18250297692889	0.390796276190811	0.267182991211983	11.5567312240601	0
47	core	f_ddg	1.64973434366556	0.695967331259204	0.2823929735247	b_ddg	0.658318062131691	0.420895981542048	0.125054128764178	13.0402154922485	0.4
48	core	f_ddg	1.40781132145087	0.767579976425459	0.354497630365828	b_ddg	0.208162973693046	0.394849277775858	0.176790432395019	14.1742143630981	11.4
49	core	f_ddg	1.05133110072657	0.831946358810977	0.472263555040818	b_ddg	0.45312039953686	0.681881615438226	0.2433800706619	9.65732097625732	0
50	core	f_ddg	1.15539715609522	0.746429423687016	0.499173891476969	b_ddg	0.355913373289344	0.390541278597476	0.282326841530193	15.4385051727295	14.9
51	core	f_ddg	0.627361663410744	0.721887082322948	0.575304748227299	b_ddg	0.0706058198896263	0.258629617151991	0.457771848680709	14.393120765686	11.5
52	core	f_ddg	1.46634585983921	0.851459236571169	0.39465942260544	b_ddg	0.377274225908297	0.585280625714552	0.163855894440211	9.65535736083984	1.7
53	surface	f_ddg	1.98440942107249	0.742726655194718	0.376537548719216	b_ddg	0.51968304739962	0.684800184381378	0.106518093977027	12.7011451721191	42.4
54	surface	f_ddg	1.31284773147756	0.658134580146635	0.475889247026971	b_ddg	0.120990625049555	0.276225704107209	0.313216513922641	16.3657150268555	89.6
55	surface	f_ddg	0.516998279211708	0.433458578283629	0.591508695285949	b_ddg	0.0725648951523002	0.114145716752927	0.466187188140553	13.8292684555054	55.5
56	surface	f_ddg	1.53280551107904	0.553292013033525	0.380596330961549	b_ddg	0.267497970035549	0.258551949374161	0.161485132632748	17.0772762298584	52.6
57	core	f_ddg	1.15163445380355	1.22399472891017	0.377210421409814	b_ddg	0.318134893700429	0.508853432051689	0.239343483947028	10.884485244751	2.9
58	surface	f_ddg	0.529704759409889	0.7080938887821	0.534982967402477	b_ddg	0.0394928214944411	0.301582685258204	0.593343779539999	16.998025894165	52.2
59	surface	f_ddg	0.271350302109602	0.404379565934249	0.428855357221676	b_ddg	-0.0205658038148557	0.126791797484165	0.469305268314919	15.8408470153809	81
60	core	f_ddg	0.896568100406861	0.669414419729931	0.555696912432642	b_ddg	0.22172393901237	0.520371028028553	0.24940456118247	11.8061180114746	17.9
61	surface	f_ddg	0.999581333740164	0.580769460142989	0.586444060970984	b_ddg	0.0504387327176854	0.141405207531605	0.423861530258902	9.48002243041992	47.7
62	surface_binding	f_ddg	-0.0661380897119631	0.431409678865253	0.36810620999377	b_ddg	0.91884747600176	0.190756754208706	0.251607118766363	3.89261531829834	42.1
63	surface	f_ddg	0.544368231257529	0.283058290577232	0.873468696622572	b_ddg	0.424922383491909	0.190440640108949	0.538479292930807	7.32902383804321	69.5
64	surface	f_ddg	0.590898386925261	0.212130872023349	0.605095385243713	b_ddg	0.0261948542571473	0.134648696630318	0.552913178018097	10.823920249939	59.1
65	core	f_ddg	1.2243785436896	0.934412399594964	0.390864648537467	b_ddg	0.640492274531854	0.443818187134762	0.126917374962466	8.02803897857666	0
66	core_binding	f_ddg	0.231797792987247	0.585086404031454	0.63295823371074	b_ddg	0.540405803219123	0.335383606191087	0.426669709090043	4.25774478912354	19.4
67	surface	f_ddg	0.156987277245704	0.536433472509952	0.6129038583127	b_ddg	-0.088798443536582	0.48479306213945	0.698635850443684	9.37792491912842	38.2
68	core	f_ddg	0.918642140622539	0.942482948045992	0.442775053509359	b_ddg	0.0851624873524646	0.190342733574339	0.437700373276853	9.12898540496826	23
69	core_binding	f_ddg	1.48103613276131	0.867316756180679	0.283598024348388	b_ddg	0.0607503928482354	0.712397483307267	0.120859473671598	4.24988222122192	5.3
70	surface_binding	f_ddg	0.466555201079775	0.553955751772256	0.53996422150032	b_ddg	0.190087777738852	0.322432723925786	0.368610253265638	4.46047878265381	80.1
71	surface	f_ddg	0.607114608227216	0.647394016958067	0.246285142384469	b_ddg	0.0318490427053817	0.353084147045928	0.184180463619971	9.84730911254883	75.8
72	core	f_ddg	0.891304100292277	0.829426172371462	0.207893027453463	b_ddg	0.0118456073268861	0.546901803229756	0.146874705727931	8.64723682403564	16.6
73	surface	f_ddg	1.59050586206115	0.69742746337509	0.460111302902432	b_ddg	0.187547378293449	0.276376156063066	0.232016361601869	11.6795082092285	46
74	surface	f_ddg	0.471182153632797	0.578354420417744	0.7319385113801	b_ddg	0.019210667684766	0.112756803937383	0.611118048081178	14.0701360702515	67.7
75	surface	f_ddg	0.349381981306848	0.5723701748224	0.821350550489973	b_ddg	0.0412174596549577	0.0754997945136032	0.883738557254102	14.9187355041504	47.7
76	core	f_ddg	1.36597839217627	0.760271759113576	0.697207725560599	b_ddg	0.290549890223451	0.523277687425388	0.332951378286693	9.50377750396729	0
77	surface	f_ddg	0.550715755316625	0.495649740106505	0.761332214580747	b_ddg	0.132658027532611	0.135994728540752	0.721885340907262	14.5294103622437	26.2
78	core	f_ddg	1.43470580437252	0.975696523646548	0.360090385027872	b_ddg	0.369447690756278	0.557173799326989	0.134546309767865	10.7635765075684	0
79	surface	f_ddg	0.555304024805636	0.738404183219943	0.997271561938587	b_ddg	0.0763201098216103	0.111107858663557	0.952089996995549	15.6427049636841	26.9
80	core	f_ddg	0.897865307663571	0.864156163182386	0.457381928979101	b_ddg	0.339798300715513	0.547940558206811	0.217453514729418	13.3451528549194	0
81	core	f_ddg	0.503694169983716	0.38230060467754	1	b_ddg	0.0382094155785524	0.189905692508875	1	17.6442260742188	17.4
82	core	f_ddg	0.124459575784587	0.337735218868893	0.800703044184523	b_ddg	0.162756528554871	0.131275997430455	0.909558578105428	16.2825412750244	1.4
83	surface	f_ddg	0.291883359830232	0.237947408996443	0.536817168393035	b_ddg	-0.269179336902353	0.0918272471527308	0.536985538071295	15.6420612335205	30.1
84	core	f_ddg	0.0417475714733938	0.532964024135264	0.594797812002107	b_ddg	-0.0854384597694889	0.134273764029494	0.634871758381249	15.8811302185059	0
