Pos WT_AA Mut Nmut_nt Nmut_aa Nmut_codons STOP mean_count is.reads0 fitness sigma is.fitness
NA NA NA 1 0 1 TRUE 13.6666666666667 TRUE 0.215980607323916 0.206077590493028 TRUE
NA NA NA 1 0 1 TRUE 2.33333333333333 NA 0.0405629927547846 0.519232011231717 TRUE
NA NA NA 1 0 1 TRUE 9 NA 0.0259881930485773 0.271308771049878 TRUE
NA NA NA 1 0 1 TRUE 6 NA 0.125161943524825 0.310580368347421 TRUE
NA NA NA 2 0 1 TRUE 195 TRUE -0.0353550467029979 0.0586323938408917 TRUE
NA NA NA 1 0 1 TRUE 3.33333333333333 NA -0.447632716948299 0.492812091687658 TRUE
NA NA NA 1 0 1 TRUE 13.3333333333333 TRUE 0.12796117527583 0.210906005190667 TRUE
NA NA NA 1 0 1 TRUE 11 TRUE 0.186358359519183 0.228619181456316 TRUE
NA NA NA 1 0 1 TRUE 2.33333333333333 NA -0.371394872688813 0.577897554887289 TRUE
NA NA NA 1 0 1 TRUE 12.6666666666667 TRUE -0.480847832134811 0.243854456722561 TRUE
NA NA NA 1 0 1 TRUE 117 TRUE 0.160324460147828 0.0718448027786195 TRUE
NA NA NA 1 0 1 TRUE 12.3333333333333 TRUE -0.294649575558656 0.236376877246201 TRUE
NA NA NA 1 0 1 TRUE 3 NA 0.344685708102049 0.424152371579818 TRUE
NA NA NA 1 0 1 TRUE 5.66666666666667 NA 0.0227055622339652 0.371148216128964 TRUE
NA NA NA 3 0 1 TRUE 185.666666666667 TRUE -0.0828703918725012 0.0607152592769061 TRUE
NA NA NA 4 0 2 TRUE 6.33333333333333 NA -0.453036716644484 0.387018239710065 TRUE
NA NA NA 1 0 1 TRUE 9.66666666666667 NA -0.998907803954318 0.343376464357091 TRUE
NA NA NA 1 0 1 TRUE 21.6666666666667 TRUE -0.0676628683256734 0.173345304825576 TRUE
NA NA NA 1 0 1 TRUE 5.33333333333333 NA 0.280037796207846 0.321641762603718 TRUE
NA NA NA 1 0 1 TRUE 55 TRUE 0.0871604677409297 0.105454534816431 TRUE
NA NA NA 1 0 1 TRUE 6.66666666666667 NA -0.171844435548027 0.336641217528064 TRUE
NA NA NA 1 0 1 TRUE 6.33333333333333 NA 0.0433796372465436 0.315104940890287 TRUE
NA NA NA 1 0 1 TRUE 9.66666666666667 NA 0.204031751458741 0.244923940875955 TRUE
NA NA NA 1 0 1 TRUE 4 NA 0.00466175447859678 0.391949560971794 TRUE
NA NA NA 1 0 1 TRUE 11.6666666666667 TRUE 0.0317681879128212 0.232844236288969 TRUE
NA NA NA 1 0 1 TRUE 14 TRUE -0.00422380435364696 0.213071936659468 TRUE
NA NA NA 1 0 1 TRUE 509 TRUE 0.0198282670528376 0.0374229305430113 TRUE
NA NA NA 1 0 1 TRUE 8 NA -0.122878187491971 0.322924687737362 TRUE
NA NA NA 1 0 1 TRUE 19.3333333333333 TRUE -0.275416409123954 0.193311057651414 TRUE
NA NA NA 1 0 1 TRUE 9 NA -0.0944557878216923 0.287483749531603 TRUE
NA NA NA 1 0 1 TRUE 22.3333333333333 TRUE -0.0329010658956793 0.168446557807183 TRUE
NA NA NA 1 0 1 TRUE 230 TRUE 0.0876292761340855 0.0528144012534867 TRUE
NA NA NA 1 0 1 TRUE 5.66666666666667 NA 0.136679341498446 0.332667955448396 TRUE
NA NA NA 1 0 1 TRUE 5.66666666666667 NA 0.0540416569925963 0.344942185580245 TRUE
NA NA NA 1 0 1 TRUE 6.33333333333333 NA -0.263064853439883 0.333315762265845 TRUE
NA NA NA 3 0 1 TRUE 32.3333333333333 TRUE 0.156126746102712 0.135610477692196 TRUE
NA NA NA 1 0 1 TRUE 9.33333333333333 NA -0.375705482411866 0.27582962879766 TRUE
NA NA NA 1 0 1 TRUE 19 TRUE -0.108598268441604 0.185015949567985 TRUE
NA NA NA 1 0 1 TRUE 11.6666666666667 TRUE -0.319829562248036 0.262904523575105 TRUE
NA NA NA 1 0 1 TRUE 82.3333333333333 TRUE 0.0439466910848792 0.0887092684382074 TRUE
NA NA NA 1 0 1 TRUE 3 NA -0.260377008635158 0.53108030894847 TRUE
NA NA NA 1 0 1 TRUE 6 NA -0.248307252016235 0.33684064165112 TRUE
NA NA NA 1 0 1 TRUE 16 TRUE -0.192996532170074 0.211857691933734 TRUE
NA NA NA 1 0 1 TRUE 5 NA -0.239967558634907 0.387048170478241 TRUE
NA NA NA 1 0 1 TRUE 5.33333333333333 NA -0.0349988784859205 0.387994967713473 TRUE
NA NA NA 1 0 1 TRUE 5 NA -0.0564991214956811 0.379286832477587 TRUE
NA NA NA 1 0 1 TRUE 29.3333333333333 TRUE 0.088609139392632 0.144419033240009 TRUE
NA NA NA 1 0 1 TRUE 71.6666666666667 TRUE 0.129757450358799 0.0913511277255162 TRUE
NA NA NA 1 0 1 TRUE 6.33333333333333 NA -0.132208974077061 0.317231949434269 TRUE
NA NA NA 1 0 1 TRUE 18 TRUE 0.161311138001704 0.18140407887919 TRUE
NA NA NA 1 0 1 TRUE 10.3333333333333 TRUE 0.234671630872993 0.238517916669111 TRUE
NA NA NA 1 0 1 TRUE 3 NA 0.461560002794301 0.41647715930897 TRUE
NA NA NA 1 0 1 TRUE 9 NA -0.165325201349835 0.269989389446512 TRUE
NA NA NA 1 0 1 TRUE 11.6666666666667 TRUE -0.441314696865281 0.26645475811747 TRUE
NA NA NA 1 0 1 TRUE 3.66666666666667 NA -0.495444646155806 0.486572557964971 TRUE
NA NA NA 1 0 1 TRUE 64.3333333333333 TRUE 0.113772855928596 0.0970395160910707 TRUE
NA NA NA 1 0 1 TRUE 8.66666666666667 NA -0.0499157551901873 0.292273392817014 TRUE
NA NA NA 1 0 1 TRUE 17.6666666666667 TRUE 0.298041786415405 0.175484467728369 TRUE
NA NA NA 1 0 1 TRUE 11.3333333333333 TRUE -0.236308874694973 0.257754393017457 TRUE
NA NA NA 1 0 1 TRUE 11.3333333333333 TRUE -0.144781540784058 0.25419188048283 TRUE
NA NA NA 1 0 1 TRUE 6.33333333333333 NA 0.0374235203585371 0.316679784988741 TRUE
NA NA NA 1 0 1 TRUE 14.6666666666667 TRUE 0.250317325943423 0.205077568619355 TRUE
NA NA NA 3 0 1 TRUE 153.333333333333 TRUE 0.27612161699533 0.0617823177456731 TRUE
NA NA NA 1 0 1 TRUE 16.3333333333333 TRUE 0.0632854311849 0.191327257887483 TRUE
NA NA NA 1 0 1 TRUE 4.66666666666667 NA 0.0299019944328538 0.39889147825817 TRUE
NA NA NA 1 0 1 TRUE 4 NA -0.625680642830571 0.471040042995827 TRUE
NA NA NA 1 0 1 TRUE 19 TRUE 0.0708292252831246 0.178209250103866 TRUE
NA NA NA 1 0 1 TRUE 271.333333333333 TRUE 0.0779112736057057 0.0491581227833722 TRUE
NA NA NA 1 0 1 TRUE 22 TRUE 0.0279178392334182 0.170838565256426 TRUE
NA NA NA 1 0 1 TRUE 6.33333333333333 NA -0.658019699616921 0.392978001374078 TRUE
NA NA NA 1 0 1 TRUE 4.33333333333333 NA 0.353687877872616 0.353965475792316 TRUE
NA NA NA 1 0 1 TRUE 8.33333333333333 NA 0.0232646973098649 0.274311066274941 TRUE
NA NA NA 2 0 1 TRUE 24.3333333333333 TRUE 0.795104546542494 0.137152487443001 TRUE
NA NA NA 1 0 1 TRUE 18.6666666666667 TRUE 0.0203621428300135 0.181664350758655 TRUE
NA NA NA 1 0 1 TRUE 7 NA 0.157388699913615 0.290414104887825 TRUE
NA NA NA 1 0 1 TRUE 19.3333333333333 TRUE -0.171520418229914 0.190959148729675 TRUE
NA NA NA 1 0 1 TRUE 7 NA 0.303877062303753 0.283593775592956 TRUE
NA NA NA 1 0 1 TRUE 2 NA 0.251045465366413 0.596881681108003 TRUE
NA NA NA 1 0 1 TRUE 16.6666666666667 TRUE 0.106020169767375 0.189807393403266 TRUE
NA NA NA 1 0 1 TRUE 202.666666666667 TRUE 0.195410507749017 0.0554727444292513 TRUE
NA NA NA 1 0 1 TRUE 8 NA -0.240817557863758 0.30304429565848 TRUE
NA NA NA 1 0 1 TRUE 8.66666666666667 NA -0.281013442063493 0.292521538724521 TRUE
NA NA NA 1 0 1 TRUE 21.3333333333333 TRUE 0.031949611422411 0.173312632698656 TRUE
NA NA NA 1 0 1 TRUE 7.33333333333333 NA -0.293643868510628 0.316736977037398 TRUE
NA NA NA 1 0 1 TRUE 10.3333333333333 TRUE 0.0230827853990171 0.240384879226809 TRUE
NA NA NA 1 0 1 TRUE 2.66666666666667 NA 0.0799751658668426 0.475591167543317 TRUE
NA NA NA 1 0 1 TRUE 4.33333333333333 NA 0.340544699145069 0.392141393614554 TRUE
NA NA NA 1 0 1 TRUE 19.3333333333333 TRUE -0.220801954469592 0.194030487857713 TRUE
NA NA NA 1 0 1 TRUE 23.6666666666667 TRUE -0.0793616575428634 0.168976109627453 TRUE
NA NA NA 1 0 1 TRUE 4.33333333333333 NA 0.328344901865962 0.352479335152778 TRUE
NA NA NA 1 0 1 TRUE 10.3333333333333 TRUE -0.264870913164074 0.264910335997351 TRUE
NA NA NA 1 0 1 TRUE 10 TRUE 0.348531400858663 0.236327027375331 TRUE
NA NA NA 1 0 1 TRUE 244 TRUE -0.253671199542573 0.0554763110056866 TRUE
NA NA NA 1 0 1 TRUE 9.33333333333333 NA 0.275219450530834 0.251582836072641 TRUE
NA NA NA 1 0 1 TRUE 20.6666666666667 TRUE 0.0106858153210397 0.174427326082829 TRUE
NA NA NA 1 0 1 TRUE 4 NA -0.272964208215954 0.485071432591143 TRUE
NA NA NA 1 0 1 TRUE 10.3333333333333 TRUE -0.329767241003542 0.270913153144701 TRUE
NA NA NA 1 0 1 TRUE 16 TRUE -0.0718621993971237 0.201825386356049 TRUE
NA NA NA 1 0 1 TRUE 6.66666666666667 NA 0.401849907166258 0.290955572104966 TRUE
NA NA NA 1 0 1 TRUE 8.66666666666667 NA 0.370791651012996 0.254770802875225 TRUE
NA NA NA 1 0 1 TRUE 4.66666666666667 NA -0.419300005517445 0.401500022244263 TRUE
NA NA NA 1 0 1 TRUE 9.66666666666667 NA 0.243167272420847 0.239543411216948 TRUE
NA NA NA 1 0 1 TRUE 147.666666666667 TRUE 0.100392924420349 0.0651750660009525 TRUE
NA NA NA 1 0 1 TRUE 8.33333333333333 NA -0.252149741561918 0.294037084462894 TRUE
NA NA NA 1 0 1 TRUE 11 TRUE -0.255546279751236 0.256758836307414 TRUE
NA NA NA 1 0 1 TRUE 9.66666666666667 NA 0.0768467630614994 0.252668118818885 TRUE
NA NA NA 1 0 1 TRUE 6.66666666666667 NA 0.345473536853542 0.286193190335909 TRUE
NA NA NA 1 0 1 TRUE 21.6666666666667 TRUE 0.261865668836649 0.158731842424912 TRUE
NA NA NA 1 0 1 TRUE 19.3333333333333 TRUE -0.0254108878068082 0.188691191374228 TRUE
NA NA NA 1 0 1 TRUE 38.3333333333333 TRUE 0.341947024636781 0.121729078517961 TRUE
NA NA NA 1 0 1 TRUE 71.3333333333333 TRUE 0.164079532560125 0.091713251032634 TRUE
NA NA NA 1 0 1 TRUE 116.666666666667 TRUE 0.347158128238722 0.0696742396675586 TRUE
NA NA NA 1 0 1 TRUE 31.6666666666667 TRUE 0.0738398003416485 0.139638904086991 TRUE
NA NA NA 1 0 1 TRUE 68 TRUE -0.218417057730825 0.102499692690641 TRUE
NA NA NA 1 0 1 TRUE 118.333333333333 TRUE 0.0846194105121584 0.0734950784692073 TRUE
NA NA NA 1 0 1 TRUE 30.3333333333333 TRUE 0.110084017133967 0.144351962820299 TRUE
NA NA NA 1 0 1 TRUE 56.6666666666667 TRUE 0.169623965098523 0.102064519710984 TRUE
NA NA NA 1 0 1 TRUE 74 TRUE 0.0576834420916107 0.0922030365926147 TRUE
NA NA NA 1 0 1 TRUE 127.666666666667 TRUE 0.112090495807101 0.0706757789962064 TRUE
NA NA NA 1 0 1 TRUE 166 TRUE 0.342907728016308 0.0595578985321133 TRUE
NA NA NA 1 0 1 TRUE 110 TRUE 0.196999130525903 0.0734672669241423 TRUE
NA NA NA 1 0 1 TRUE 109.666666666667 TRUE -0.0669485576998683 0.0778685399924061 TRUE
NA NA NA 1 0 1 TRUE 87.3333333333333 TRUE 0.0839153330960124 0.0846611183321952 TRUE
NA NA NA 1 0 1 TRUE 79.3333333333333 TRUE -0.00857275756158092 0.092358120820967 TRUE
NA NA NA 3 0 1 TRUE 38.3333333333333 TRUE 0.113866721958639 0.127843782949147 TRUE
NA NA NA 3 0 1 TRUE 21.3333333333333 TRUE 0.057457074901109 0.172265552579436 TRUE
NA NA NA 1 0 1 TRUE 180 TRUE 0.284807306414786 0.0574854671041327 TRUE
NA NA NA 1 0 1 TRUE 27.3333333333333 TRUE 0.140534199037682 0.148621776551194 TRUE
NA NA NA 1 0 1 TRUE 59.6666666666667 TRUE 0.298923692841513 0.0989767361852157 TRUE
NA NA NA 1 0 1 TRUE 27 TRUE 0.270586699467922 0.143021004553448 TRUE
NA NA NA 1 0 1 TRUE 79 TRUE 0.491377714151966 0.0829558637663728 TRUE
NA NA NA 1 0 1 TRUE 114.666666666667 TRUE 0.290806952862438 0.0713430916659524 TRUE
NA NA NA 2 0 1 TRUE 135.333333333333 TRUE 0.538047698938767 0.063142154710936 TRUE
NA NA NA 1 0 1 TRUE 78.6666666666667 TRUE -0.0883926435164718 0.0936525750889366 TRUE
NA NA NA 1 0 1 TRUE 103.666666666667 TRUE 0.0101223847436137 0.0785133978146778 TRUE
NA NA NA 1 0 1 TRUE 85 TRUE 0.010440744757712 0.0884112819692396 TRUE
NA NA NA 1 0 1 TRUE 136.333333333333 TRUE 0.0909912208547606 0.0671692468129308 TRUE
NA NA NA 1 0 1 TRUE 198 TRUE 0.0647035541798237 0.056947196316269 TRUE
NA NA NA 1 0 1 TRUE 202 TRUE 0.0575214129433679 0.0569640108702003 TRUE
NA NA NA 1 0 1 TRUE 61.3333333333333 TRUE 0.081810618025666 0.101258827212464 TRUE
NA NA NA 1 0 1 TRUE 78.3333333333333 TRUE 0.101254087099486 0.0888338015941608 TRUE
NA NA NA 1 0 1 TRUE 90.6666666666667 TRUE 0.0938376232861262 0.0823403735510186 TRUE
NA NA NA 1 0 1 TRUE 180.333333333333 TRUE 0.0408533555929918 0.0597149677950912 TRUE
NA NA NA 1 0 1 TRUE 283 TRUE 0.178496612044279 0.047051562530268 TRUE
NA NA NA 1 0 1 TRUE 43 TRUE 0.338034000840536 0.113808455613081 TRUE
NA NA NA 1 0 1 TRUE 81.6666666666667 TRUE 0.0808583191461865 0.0882374195826211 TRUE
NA NA NA 1 0 1 TRUE 174 TRUE 0.309375571184407 0.0576974582679135 TRUE
NA NA NA 1 0 1 TRUE 221 TRUE 0.0820852944419428 0.054186604544544 TRUE
NA NA NA 3 0 1 TRUE 167 TRUE 0.0957547087811567 0.0616462090564953 TRUE
NA NA NA 2 0 1 TRUE 89.6666666666667 TRUE 0.549492547144605 0.0769921270990345 TRUE
NA NA NA 1 0 1 TRUE 91 TRUE -0.0131505004398377 0.0849736952214596 TRUE
NA NA NA 1 0 1 TRUE 98.6666666666667 TRUE -0.00562116296497098 0.0809625813517095 TRUE
NA NA NA 2 0 1 TRUE 93.6666666666667 TRUE -0.0851311218356574 0.0849827943849109 TRUE
NA NA NA 1 0 1 TRUE 118.333333333333 TRUE -0.129310031066767 0.0767690029036761 TRUE
NA NA NA 1 0 1 TRUE 187.333333333333 TRUE 0.34747616403577 0.0558200059124564 TRUE
NA NA NA 1 0 1 TRUE 72 TRUE 0.25316844737134 0.0908562307192653 TRUE
NA NA NA 1 0 1 TRUE 110.666666666667 TRUE 0.131886318534797 0.0739721662189134 TRUE
NA NA NA 1 0 1 TRUE 50.3333333333333 TRUE 0.157612563074131 0.110115973106336 TRUE
NA NA NA 1 0 1 TRUE 39.6666666666667 TRUE 0.200938043449651 0.120307182862375 TRUE
NA NA NA 1 0 1 TRUE 26.3333333333333 TRUE 0.0437552231855625 0.161635256807418 TRUE
NA NA NA 1 0 1 TRUE 45.6666666666667 TRUE 0.0111994374671425 0.119145426113024 TRUE
NA NA NA 1 0 1 TRUE 19 TRUE 0.0921467999647057 0.176900378394684 TRUE
NA NA NA 1 0 1 TRUE 35.6666666666667 TRUE 0.0547614570068058 0.130523601811409 TRUE
NA NA NA 1 0 1 TRUE 32 TRUE -0.208106747664042 0.147712991516514 TRUE
NA NA NA 1 0 1 TRUE 50.6666666666667 TRUE 0.341716836600611 0.105510838753684 TRUE
NA NA NA 1 0 1 TRUE 50.6666666666667 TRUE 0.0445894102845449 0.109645406414165 TRUE
NA NA NA 1 0 1 TRUE 60.6666666666667 TRUE -0.110173992329942 0.104360784214448 TRUE
NA NA NA 1 0 1 TRUE 71 TRUE 0.10731135751164 0.092602367717892 TRUE
NA NA NA 1 0 1 TRUE 157.333333333333 TRUE 0.257232695156094 0.0616918425372442 TRUE
NA NA NA 1 0 1 TRUE 686.666666666667 TRUE 0.0675028433218429 0.032403370975111 TRUE
NA NA NA 1 0 1 TRUE 444.333333333333 TRUE 0.0430921931982282 0.039340724997651 TRUE
NA NA NA 1 0 1 TRUE 146.666666666667 TRUE 0.175441178088522 0.0643752671256389 TRUE
NA NA NA 1 0 1 TRUE 54.6666666666667 TRUE 0.129724152223185 0.103724012274612 TRUE
NA NA NA 1 0 1 TRUE 48.6666666666667 TRUE -0.0330986583673861 0.114605743085349 TRUE
NA NA NA 1 0 1 TRUE 70.6666666666667 TRUE -0.00121042357408476 0.0976724559723861 TRUE
NA NA NA 1 0 1 TRUE 164.666666666667 TRUE 0.00566918620380815 0.0632389153101193 TRUE
NA NA NA 1 0 1 TRUE 100.666666666667 TRUE 0.13193495483051 0.078391890390593 TRUE
NA NA NA 1 0 1 TRUE 38 TRUE 0.0197465611488915 0.12902374400692 TRUE
NA NA NA 1 0 1 TRUE 165 TRUE 0.0848682534850292 0.0624717928412871 TRUE
NA NA NA 1 0 1 TRUE 1036.33333333333 TRUE -0.137308695351824 0.0284116018978089 TRUE
NA NA NA 1 0 1 TRUE 412.333333333333 TRUE 0.0442191566802888 0.0407911710586823 TRUE
NA NA NA 1 0 1 TRUE 176 TRUE -0.0724378346966715 0.0620748185799161 TRUE
NA NA NA 1 0 1 TRUE 209.333333333333 TRUE -0.0102966097345156 0.0564791765194885 TRUE
NA NA NA 1 0 1 TRUE 102 TRUE 0.25368022735683 0.0759067717161145 TRUE
NA NA NA 1 0 1 TRUE 98.6666666666667 TRUE -0.0215338586379284 0.0816381535814427 TRUE
NA NA NA 1 0 1 TRUE 37 TRUE -0.178439586101193 0.136378652202092 TRUE
NA NA NA 1 0 1 TRUE 87.6666666666667 TRUE 0.0430541525460809 0.0864094840376032 TRUE
NA NA NA 2 0 2 TRUE 5 NA -0.493886649072281 0.400986886487014 TRUE
NA NA NA 1 0 1 TRUE 120.333333333333 TRUE 0.10120556606754 0.0724637470499773 TRUE
NA NA NA 2 0 2 TRUE 4 NA -0.0385189437946356 0.448549863362539 TRUE
NA NA NA 1 0 1 TRUE 448.333333333333 TRUE 0.0355299204475057 0.0396059410627912 TRUE
NA NA NA 1 0 1 TRUE 244 TRUE 0.0844155992880976 0.051538481465978 TRUE
NA NA NA 1 0 1 TRUE 131 TRUE 0.0725064421560759 0.0689942456450043 TRUE
NA NA NA 1 0 1 TRUE 107.333333333333 TRUE 0.158249291140882 0.0751786984099744 TRUE
NA NA NA 1 0 1 TRUE 63.3333333333333 TRUE 0.0939309064973109 0.0978735589142452 TRUE
NA NA NA 1 0 1 TRUE 305.666666666667 TRUE 0.0878537711535681 0.0465216196665009 TRUE
NA NA NA 1 0 1 TRUE 1.33333333333333 NA 0.694924427077949 0.626789853867277 TRUE
NA NA NA 1 0 1 TRUE 205 TRUE 0.0505021504098872 0.0561437430272512 TRUE
NA NA NA 1 0 1 TRUE 254.666666666667 TRUE 0.0507129931766705 0.0505941464571023 TRUE
NA NA NA 1 0 1 TRUE 170.333333333333 TRUE 0.337727075164481 0.0587098663871655 TRUE
NA NA NA 2 0 1 TRUE 66 TRUE 0.0381710398547393 0.0982102173749013 TRUE
NA NA NA 3 0 2 TRUE 3.66666666666667 NA -0.147050980105129 0.456879351134584 TRUE
NA NA NA 1 0 1 TRUE 78 TRUE 0.0203724789435373 0.0906064345363121 TRUE
