Pos	color_type	fA_ddg_type	fA_ddg	fA_ddg_sd	fA_ddg_weight	fB_ddg_type	fB_ddg	fB_ddg_sd	fB_ddg_weight	b_ddg_type	b_ddg	b_ddg_sd	b_ddg_weight	scHAmin_ligand	RSA_unbound
1	surface	fA_ddg	0.286997784978716	0.241852190882905	0.863035787768245	fB_ddg	0.0244649292199465	0.360371558484506	1	b_ddg	0.0524842096311234	0.131521088295422	1	16.4018478393555	80
2	surface	fA_ddg	0.460541923128433	0.358591868294581	0.904317828848985	fB_ddg	0.365482054459289	0.938415060119846	0.708830699139031	b_ddg	0.019991038001778	0.187364836335273	0.585204180573931	18.9327907562256	49.3
3	core	fA_ddg	1.58574240627247	0.842651548693434	0.721925110899505	fB_ddg	1.4076269497974	0.695635924340217	0.672712500954772	b_ddg	0.365551822969886	0.607673657180503	0.265750761746104	13.4856700897217	0.4
4	surface	fA_ddg	0.593844144760294	0.932678994767066	1	fB_ddg	0.41275152425429	0.721245034012008	0.989485523088427	b_ddg	0.210811570672815	0.575677902952499	0.841255879279996	13.7171602249146	28.4
5	core	fA_ddg	2.18107131720026	0.434106352020761	0.370522926683994	fB_ddg	1.66663642993092	0.5325337276771	0.516441031447684	b_ddg	0.619277636541072	0.812180801721155	0.147330377586612	10.3320255279541	4.1
6	surface	fA_ddg	0.552034671144671	0.733817603376268	0.408097502350205	fB_ddg	0.800290865856118	0.854797767975404	0.560597090110597	b_ddg	0.244641487505102	0.524707891124781	0.319388725035828	6.70234441757202	43.9
7	surface_binding	fA_ddg	0.414063577042415	0.262371722544771	0.686838012273968	fB_ddg	0.220613808773599	0.197408468155387	0.844233414222764	b_ddg	1.30713765037761	0.835312107814238	0.420980297153207	3.88661026954651	56.8
8	surface	fA_ddg	1.97849310436469	0.625510438576884	0.537819598297193	fB_ddg	1.65296463032848	0.780562819064164	0.434130469361899	b_ddg	0.288366552718464	0.533661715681153	0.223053898446628	6.80924320220947	65.5
9	core_binding	fA_ddg	1.25118388980344	1.07392372597525	0.668556663430171	fB_ddg	1.13525613563144	1.10106000360466	0.680927371054239	b_ddg	1.95875802173593	0.464380283406107	0.274247512045552	5.04662227630615	12.7
10	surface	fA_ddg	0.333566637340792	0.589134506400137	0.912792833645153	fB_ddg	0.393920113224856	0.413620868985719	0.693355068798086	b_ddg	0.0934395101072185	0.202061908124254	0.683124535301272	8.45397186279297	76.1
11	surface	fA_ddg	0.935976301417091	0.699204817645536	0.491660952736684	fB_ddg	0.941573479161014	0.650245088318711	0.43276409643497	b_ddg	0.362342814617419	0.25938296216702	0.362103025766257	7.42167234420776	37.8
12	surface_binding	fA_ddg	0.520591980322054	0.628916476547304	0.552371096886552	fB_ddg	0.535989204558725	0.790677154736897	0.607831101292543	b_ddg	0.30154373711378	0.740732499509549	0.426112744880815	3.88823509216309	78.1
13	surface_binding	fA_ddg	0.364850293846905	0.169272828518939	0.40731310860294	fB_ddg	-0.00232176354964574	0.336223672240055	0.675336542979706	b_ddg	1.0055440051947	0.448864479392384	0.49044094346638	3.73995971679688	70.7
14	surface	fA_ddg	0.678033147871648	0.52726167675831	0.606519184840004	fB_ddg	0.435772909509879	0.293292493731893	0.80651020001965	b_ddg	0.207209698967101	0.10363319912071	0.844673547205522	7.35935497283936	110.2
15	surface	fA_ddg	1.34874034440478	0.34645499468732	0.32631445059	fB_ddg	0.815331095758407	0.488542316538541	0.410384110055363	b_ddg	0.944293225525751	0.59341960883116	0.266813464451529	5.95938968658447	50.9
16	core_binding	fA_ddg	0.277368963608973	0.516464885340349	0.441192449214591	fB_ddg	0.368564371134929	0.546356651979118	0.301846911449853	b_ddg	1.75855031449826	0.494110220519924	0.282240495967762	3.52183032035828	20.6
17	core	fA_ddg	2.12068255364647	0.743754692295228	0.276105070210835	fB_ddg	2.17266013360669	0.622984170970105	0.205727570393888	b_ddg	0.980807537721369	0.713774676241435	0.101053390487286	9.85407161712646	2
18	surface	fA_ddg	0.583600821752629	0.656421777640146	0.548969811908404	fB_ddg	0.409773926690085	0.65284004375587	0.589524848773889	b_ddg	0.209523466268645	0.340288231209291	0.473999511177587	10.976001739502	36.1
19	core	fA_ddg	2.26439718840669	0.451152325371892	0.348458377876483	fB_ddg	1.84242669238877	0.306847786413219	0.469643917652233	b_ddg	0.93331935524725	0.569449892404442	0.143381765758772	9.77065181732178	6
20	surface	fA_ddg	0.83969456250034	0.702869266957676	0.739363966928045	fB_ddg	0.604756193353078	0.503816725596543	0.851469564159176	b_ddg	0.0542069484365774	0.728819340830953	0.507210158346457	11.5199241638184	69.6
21	surface	fA_ddg	1.18776941126063	0.977942719610389	0.958033841963034	fB_ddg	0.931908688449503	0.864364331550805	0.879227634044883	b_ddg	0.0960908511476686	0.224543494198336	0.458752436172954	8.46063899993896	68.3
22	surface	fA_ddg	2.69027623244358	0.82255906988106	0.146372352756301	fB_ddg	2.0263801315533	0.249850306765629	0.173579638308338	b_ddg	0.305307674662522	0.447672486411666	0.0796684993348384	12.7837572097778	30.1
23	core	fA_ddg	1.79255996390587	1.15258154763888	0.358710943166128	fB_ddg	1.45790640362925	0.588771447017797	0.513135653778558	b_ddg	0.264995797490601	0.439711797356848	0.208612308514881	14.1471786499023	19.4
24	surface	fA_ddg	0.223259042856312	1.05544337276964	0.378739493786739	fB_ddg	-0.0085501666147323	0.959194866411462	0.615012770834943	b_ddg	-0.0215775509801072	0.256063012755503	0.645661754483855	17.7447986602783	54.9
25	core	fA_ddg	1.79615505090768	0.765892080308634	0.258394617734225	fB_ddg	1.87030734051862	0.733612999297573	0.212302312123178	b_ddg	0.900445284061876	0.874524500138311	0.089331584453109	14.9100875854492	0
26	surface	fA_ddg	0.972959181813873	0.75723895978408	0.248078628453989	fB_ddg	0.152273132322608	1.17613749069295	0.717560006962997	b_ddg	-0.00155589703682854	0.153844099534919	0.761239469268622	16.6230850219727	41.6
27	core	fA_ddg	1.53388818797374	1.00246413466277	0.321598330265929	fB_ddg	1.09772800647769	0.789698366672088	0.488975120492629	b_ddg	0.44402576794912	1.03268606407101	0.306707862993474	12.8674201965332	8.9
28	surface	fA_ddg	0.482036693114455	1.00719477002873	0.620976628155641	fB_ddg	0.232645070105838	0.544258960222282	0.62212700413248	b_ddg	-0.0334008644260364	0.116602374891588	0.59655806558615	11.9162111282349	61.7
29	surface	fA_ddg	1.67237075638656	1.10260918800596	0.414522680453383	fB_ddg	1.41654578177817	0.641850834730689	0.50666315841975	b_ddg	0.30494116553215	0.273685863563271	0.259714648076096	7.80917119979858	41.2
30	surface	fA_ddg	0.274523790290327	0.739482323334929	0.338846947382531	fB_ddg	0.599169442885903	1.02791779231825	0.381247119148911	b_ddg	0.16389459039207	0.715374780752076	0.398249721590266	9.77240371704102	50
31	surface	fA_ddg	1.37312493680197	1.06098391362503	0.221082308625856	fB_ddg	1.0860312225384	0.825237413817623	0.383009523215571	b_ddg	0.0981360287831858	0.456037847590917	0.342195784351182	7.59775447845459	82.4
32	surface_binding	fA_ddg	1.30794888617244	0.815126765548178	0.451715129532068	fB_ddg	0.799888959578309	0.914231495135285	0.653197074126945	b_ddg	0.79701917131841	0.470228788016114	0.487826603561523	3.97593474388123	45.9
33	surface	fA_ddg	0.588725349094084	0.451142710907756	0.854333065898833	fB_ddg	0.811262321261759	0.309859791494255	0.747551222652174	b_ddg	0.123673524671197	0.157347993699894	0.505647552036993	7.28092336654663	77.8
34	surface_binding	fA_ddg	0.192802764902086	0.785195265570344	0.214625883349486	fB_ddg	0.0162096550371734	0.329141257401131	0.364739298365647	b_ddg	0.501525675316383	0.466753869257495	0.502189621193326	4.07556867599487	69.1
35	surface_binding	fA_ddg	0.93702608630312	0.75272116473283	0.635585716741285	fB_ddg	0.702604554174524	0.606292654425705	0.582792122686957	b_ddg	1.97815229692406	0.363928812796174	0.275881911511313	3.47429013252258	37.3
36	core	fA_ddg	1.44820657539859	0.830339138195044	0.312013104455135	fB_ddg	1.18078454069107	0.900694482382506	0.25414638574557	b_ddg	0.688763015310775	0.31069296639272	0.228528061320935	8.03928375244141	13.9
37	surface_binding	fA_ddg	0.683539198884263	0.490629781926404	0.712706467412856	fB_ddg	0.736201373459254	0.407700365576027	0.500613781684104	b_ddg	-0.200905464962455	0.228022577135504	0.306520348245795	4.10328435897827	44.4
38	core	fA_ddg	3.2468958465359	0.721666432002428	0.140657668878666	fB_ddg	2.17647791664832	0.323877587044263	0.274646381764275	b_ddg	1.2204707118454	0.636784140159512	0.0692522492872812	11.1112203598022	0.7
39	core	fA_ddg	0.482918147968065	1.32549966009476	0.461871924295826	fB_ddg	0.532963591677217	0.631515068267349	0.565214423411065	b_ddg	0.0611640127512489	0.623600333537277	0.371176015391397	15.1559410095215	24.7
40	core	fA_ddg	1.77165384479599	0.754057101041003	0.342733938608633	fB_ddg	1.34527214900257	0.493942640693804	0.639303114120773	b_ddg	0.165869416611347	0.29963384759116	0.295979322970359	14.6733989715576	7.6
41	surface	fA_ddg	1.12429251421269	1.15520827681702	0.508976885601518	fB_ddg	0.849214327021096	0.946328655973316	0.672216151572521	b_ddg	0.0761406583261437	0.361500634600871	0.455395451860416	17.7157802581787	66.8
42	surface	fA_ddg	1.57942523407737	0.769270125456949	0.550679372011464	fB_ddg	1.48736710077427	0.557026474991616	0.448908554515926	b_ddg	0.284472451051251	0.317021625016087	0.176103957792983	18.4672374725342	103
43	surface	fA_ddg	0.322381504282879	1.1652695654526	0.665799566811451	fB_ddg	0.198967663534674	1.03732974157885	0.583053437619725	b_ddg	0.0802853092887955	0.494744498431876	0.516261204141574	13.9409399032593	66.6
44	surface	fA_ddg	0.808018766286192	0.894015840225952	0.588530773485371	fB_ddg	0.35881186846821	0.833282025646912	0.532933651302251	b_ddg	0.0700252047437709	0.293977523946006	0.483031647082572	12.3469114303589	67.8
45	core	fA_ddg	2.51691047826627	0.434704694649751	0.384921987518476	fB_ddg	1.75150407760324	0.656860736617069	0.663870244064893	b_ddg	1.66322571791106	0.387965026330756	0.204370170025415	8.99447441101074	12
46	surface_binding	fA_ddg	-0.0814157895628376	0.435008868188395	0.723996846687688	fB_ddg	0.101544169652822	1.3639728691871	0.48376574142508	b_ddg	0.280516957797992	0.838161219466511	0.592215845807382	3.69755029678345	34.9
47	core	fA_ddg	2.34555976799034	0.3985465322633	0.277708672955481	fB_ddg	1.8474726951142	0.312827390682006	0.500145127936916	b_ddg	0.967268702056495	1.12021131548294	0.121297020260869	8.63258838653564	0
48	core_binding	fA_ddg	1.31881138753476	1.42470396604406	0.479829002376708	fB_ddg	0.879712648839315	0.553739402554213	0.320196595210393	b_ddg	0.9754754810841	0.641004256607463	0.23851752600644	4.86593914031982	12.6
49	surface	fA_ddg	0.905764501860285	0.754850545180804	0.791156340819923	fB_ddg	0.838886057032947	0.870537581367764	0.561946396307517	b_ddg	-0.060422440655875	0.442421964132783	0.417787952197192	9.03378963470459	39.5
50	surface_binding	fA_ddg	-0.096950877717194	0.509307665621763	0.981839072199553	fB_ddg	0.11385596923358	0.381631409369935	0.783465830558295	b_ddg	0.479486646812385	0.311259935220159	0.992599671086234	3.96473979949951	73.6
51	surface_binding	fA_ddg	0.445372011649178	1.03752388118619	0.851440166137996	fB_ddg	0.604575433158314	0.721803665761606	0.642391505629426	b_ddg	0.874753751299978	0.978055743758256	0.443619668447468	3.37676930427551	34.6
52	core	fA_ddg	1.74097140860064	0.731776694124176	0.515126367120707	fB_ddg	1.56150411671211	0.660809092239608	0.532206112200779	b_ddg	0.676420005318512	0.618938347848845	0.199825595606294	9.72307014465332	1.2
53	surface	fA_ddg	0.55174993977496	1.04709992168497	0.402707603248882	fB_ddg	0.588023097615859	0.780169122797224	0.406354985495652	b_ddg	0.203888822091515	0.843100306469744	0.308455212513247	11.1635160446167	37.7
54	surface	fA_ddg	0.358927847858537	0.755809515056627	0.516743116294696	fB_ddg	0.18215291848067	0.502574359011667	0.444394890319085	b_ddg	0.0296466899516089	0.222132267114132	0.538951002252645	15.1397514343262	63.8
55	surface	fA_ddg	0.192716394355202	0.334713153443526	0.333423663953372	fB_ddg	0.456889968131095	0.31993271101793	0.408045040492104	b_ddg	0.135748511032107	0.164637959604125	0.573923250054349	17.0909366607666	34.5
56	surface	fA_ddg	0.491493619590312	0.636880615806744	0.316835746734733	fB_ddg	0.307810016992345	0.444482061732126	0.56538515364883	b_ddg	0.0769612404154283	0.0519312853231252	0.524679291703213	21.4514846801758	138.7
